"cell_id","ORF","Name","Allele","Strain.ID","Plate","Row","Column","ImageNumber","ObjectNumber","Predictions","Area","Perimeter"
249859243,"YBR260C","RGD1","","dma428","Vph1_R1_Plate02",7,16,637,420,"MA phase",-0.629166582791669,-0.232955787536662
249859699,"YBR260C","RGD1","","dma428","Vph1_R1_Plate02",7,16,637,882,"MA-single",-0.621940763468711,-0.541868052945455
249859949,"YBR260C","RGD1","","dma428","Vph1_R1_Plate02",7,16,637,1132,"G1 phase",-0.210069062060066,-0.0193059402036
249860107,"YBR260C","RGD1","","dma428","Vph1_R1_Plate02",7,16,637,1290,"G1 phase",-0.759231330604926,-0.758280273627854
249860212,"YBR260C","RGD1","","dma428","Vph1_R1_Plate02",7,16,637,1396,"G1 phase",-0.705037685682736,-0.614005459839588
249860329,"YBR260C","RGD1","","dma428","Vph1_R1_Plate02",7,16,637,1515,"S/G2 phase",-0.253423977997818,-0.121355904223418
249860860,"YBR260C","RGD1","","dma428","Vph1_R1_Plate02",7,16,638,387,"G1 phase",-1.45652289527044,-1.76117964934312
249861402,"YBR260C","RGD1","","dma428","Vph1_R1_Plate02",7,16,639,2,"S/G2 phase",-0.0258106693246195,0.120943700989917
249861405,"YBR260C","RGD1","","dma428","Vph1_R1_Plate02",7,16,639,5,"S/G2 phase",-0.18477869442971,-0.036906204686523
249861559,"YBR260C","RGD1","","dma428","Vph1_R1_Plate02",7,16,639,159,"MA-single",-1.00490918758552,-0.867117783591759
249861741,"YBR260C","RGD1","","dma428","Vph1_R1_Plate02",7,16,639,343,"G1 phase",-0.51716638328581,-0.39483086580785
249861814,"YBR260C","RGD1","","dma428","Vph1_R1_Plate02",7,16,639,418,"G1 phase",-0.907360626725579,-0.820867761228563
249861828,"YBR260C","RGD1","","dma428","Vph1_R1_Plate02",7,16,639,432,"S/G2 phase",-0.640005311776108,-0.324193033017644
249862148,"YBR260C","RGD1","","dma428","Vph1_R1_Plate02",7,16,639,758,"S/G2 phase",0.812384372138588,1.110267984817
249898875,"YBR289W","SNF5","","dma449","Vph1_R1_Plate02",11,10,1000,34,"T phase",0.429415948021778,0.94286815984714
249927179,"YCR100C","","","dma605","Vph1_R1_Plate02",6,10,517,13,"T phase",2.30090315266808,2.33912950050808
249927186,"YCR100C","","","dma605","Vph1_R1_Plate02",6,10,517,20,"S/G2 phase",-0.134197959169,0.154881430710352
249927197,"YCR100C","","","dma605","Vph1_R1_Plate02",6,10,517,31,"T phase",1.66864396190919,1.25856797120002
249927200,"YCR100C","","","dma605","Vph1_R1_Plate02",6,10,517,35,"T phase",0.671480895340893,1.0014304748531
249927214,"YCR100C","","","dma605","Vph1_R1_Plate02",6,10,517,50,"S/G2 phase",1.01832022284291,1.17561784576705
249927233,"YCR100C","","","dma605","Vph1_R1_Plate02",6,10,517,69,"S/G2 phase",0.808771462477108,0.916980775316204
249927273,"YCR100C","","","dma605","Vph1_R1_Plate02",6,10,517,109,"S/G2 phase",1.79509580006097,1.57829295514765
249927288,"YCR100C","","","dma605","Vph1_R1_Plate02",6,10,517,124,"S/G2 phase",3.1354852844698,2.53770468184905
249927292,"YCR100C","","","dma605","Vph1_R1_Plate02",6,10,517,128,"S/G2 phase",0.404125580391422,0.808143265352298
249927305,"YCR100C","","","dma605","Vph1_R1_Plate02",6,10,517,141,"T phase",4.87329483164137,3.10399121846327
249927326,"YCR100C","","","dma605","Vph1_R1_Plate02",6,10,517,163,"T phase",0.938836210290365,1.22186786813025
249927465,"YCR100C","","","dma605","Vph1_R1_Plate02",6,10,517,304,"S/G2 phase",0.826836010784505,0.998668101503762
249927485,"YCR100C","","","dma605","Vph1_R1_Plate02",6,10,517,324,"S/G2 phase",0.516125779897282,0.684231089396293
249927494,"YCR100C","","","dma605","Vph1_R1_Plate02",6,10,517,333,"S/G2 phase",1.65780523292475,1.39053049234552
249927496,"YCR100C","","","dma605","Vph1_R1_Plate02",6,10,517,335,"S/G2 phase",2.24309659808441,1.97994204014135
249927532,"YCR100C","","","dma605","Vph1_R1_Plate02",6,10,517,372,"S/G2 phase",-0.119746320523082,-0.0165435668542621
249927557,"YCR100C","","","dma605","Vph1_R1_Plate02",6,10,517,397,"T phase",3.69187337233762,2.53241671000888
249927582,"YCR100C","","","dma605","Vph1_R1_Plate02",6,10,517,424,"S/G2 phase",0.461932134975092,0.472080816167159
249927621,"YCR100C","","","dma605","Vph1_R1_Plate02",6,10,518,11,"S/G2 phase",-0.0366493983090575,0.289606325205193
249927831,"YCR100C","","","dma605","Vph1_R1_Plate02",6,10,518,224,"S/G2 phase",2.26838696571476,1.74166760752276
249927833,"YCR100C","","","dma605","Vph1_R1_Plate02",6,10,518,226,"S/G2 phase",0.41496430937586,0.213443745716311
249927915,"YCR100C","","","dma605","Vph1_R1_Plate02",6,10,518,309,"MA-single",-0.260649797320777,-0.318668286318968
249927945,"YCR100C","","","dma605","Vph1_R1_Plate02",6,10,518,339,"G1 phase",-0.473811467348058,-0.4139307043947
249927951,"YCR100C","","","dma605","Vph1_R1_Plate02",6,10,518,346,"S/G2 phase",3.14632401345424,2.78829140711039
249927956,"YCR100C","","","dma605","Vph1_R1_Plate02",6,10,518,351,"G1 phase",-0.293165984274091,-0.279205809899858
249927961,"YCR100C","","","dma605","Vph1_R1_Plate02",6,10,518,356,"S/G2 phase",3.17884020040756,3.10399121846327
249928034,"YCR100C","","","dma605","Vph1_R1_Plate02",6,10,518,430,"T phase",4.43251985294089,2.97329149656318
249928084,"YCR100C","","","dma605","Vph1_R1_Plate02",6,10,519,8,"G1 phase",-0.141423778491958,-0.298305648486707
249928130,"YCR100C","","","dma605","Vph1_R1_Plate02",6,10,519,55,"T phase",4.2554872795284,3.04266653010797
249928157,"YCR100C","","","dma605","Vph1_R1_Plate02",6,10,519,82,"S/G2 phase",0.447480496329174,0.457006150175058
249928170,"YCR100C","","","dma605","Vph1_R1_Plate02",6,10,519,95,"S/G2 phase",2.90787197579661,1.90906743249263
249928280,"YCR100C","","","dma605","Vph1_R1_Plate02",6,10,519,206,"S/G2 phase",2.37677425555914,1.69541758515957
249928354,"YCR100C","","","dma605","Vph1_R1_Plate02",6,10,519,284,"T phase",1.20980443490132,1.51168029495219
249928360,"YCR100C","","","dma605","Vph1_R1_Plate02",6,10,519,290,"S/G2 phase",0.787094004508232,0.632693095192936
249928381,"YCR100C","","","dma605","Vph1_R1_Plate02",6,10,519,312,"S/G2 phase",3.14271110379276,2.57037961232407
249928384,"YCR100C","","","dma605","Vph1_R1_Plate02",6,10,519,315,"S/G2 phase",0.451093405990654,0.782255880821362
249928390,"YCR100C","","","dma605","Vph1_R1_Plate02",6,10,519,322,"S/G2 phase",0.920771661982968,0.644768612977183
249928412,"YCR100C","","","dma605","Vph1_R1_Plate02",6,10,519,344,"S/G2 phase",0.638964708387579,1.08840577288082
249928451,"YCR100C","","","dma605","Vph1_R1_Plate02",6,10,519,387,"S/G2 phase",0.440254677006216,0.791805800114787
249928498,"YCR100C","","","dma605","Vph1_R1_Plate02",6,10,519,435,"T phase",0.740126178909001,0.949655705791227
249928537,"YCR100C","","","dma605","Vph1_R1_Plate02",6,10,520,5,"G1 phase",0.158447723410827,-0.154030834698442
249928563,"YCR100C","","","dma605","Vph1_R1_Plate02",6,10,520,33,"T phase",1.82761198701428,1.90504225989788
249928569,"YCR100C","","","dma605","Vph1_R1_Plate02",6,10,520,39,"S/G2 phase",0.147608994426389,0.210681372366973
249928571,"YCR100C","","","dma605","Vph1_R1_Plate02",6,10,520,41,"MA-single",-0.0727784949238509,0.0405191740477709
249928584,"YCR100C","","","dma605","Vph1_R1_Plate02",6,10,520,54,"S/G2 phase",1.00386858419699,0.914218401966866
249928588,"YCR100C","","","dma605","Vph1_R1_Plate02",6,10,520,58,"S/G2 phase",1.52412757545002,1.86557978347877
249928598,"YCR100C","","","dma605","Vph1_R1_Plate02",6,10,520,71,"S/G2 phase",-0.00413321135574343,0.331831174973641
249928623,"YCR100C","","","dma605","Vph1_R1_Plate02",6,10,520,97,"G1 phase",-0.0330364886475782,0.0814812245708069
249928637,"YCR100C","","","dma605","Vph1_R1_Plate02",6,10,520,111,"S/G2 phase",0.649803437372017,0.594493418019237
249928675,"YCR100C","","","dma605","Vph1_R1_Plate02",6,10,520,151,"S/G2 phase",2.47432281641908,1.77434253799778
249928683,"YCR100C","","","dma605","Vph1_R1_Plate02",6,10,520,160,"T phase",1.45909520154339,1.25730517195461
249928705,"YCR100C","","","dma605","Vph1_R1_Plate02",6,10,520,183,"S/G2 phase",0.172899362056744,0.152119057361014
249928755,"YCR100C","","","dma605","Vph1_R1_Plate02",6,10,520,234,"MA-single",1.00386858419699,0.733243485108828
249928767,"YCR100C","","","dma605","Vph1_R1_Plate02",6,10,520,246,"S/G2 phase",0.541416147527637,0.561818487544214
249928812,"YCR100C","","","dma605","Vph1_R1_Plate02",6,10,520,292,"S/G2 phase",0.90632002333705,0.96196799843399
249928815,"YCR100C","","","dma605","Vph1_R1_Plate02",6,10,520,295,"S/G2 phase",2.71277485407672,2.59776657095893
249928846,"YCR100C","","","dma605","Vph1_R1_Plate02",6,10,520,331,"S/G2 phase",0.996642764874034,0.971517917727416
249928969,"YCR100C","","","dma605","Vph1_R1_Plate02",6,10,520,461,"S/G2 phase",0.19457682002562,0.300419043744029
249931515,"YCR099C","","","dma606","Vph1_R1_Plate02",6,12,525,54,"S/G2 phase",1.67586978123215,2.00432985056836
249931538,"YCR099C","","","dma606","Vph1_R1_Plate02",6,12,525,79,"S/G2 phase",1.34348209237605,1.45864272664491
249931585,"YCR099C","","","dma606","Vph1_R1_Plate02",6,12,525,127,"MA-single",-0.831489523834513,-0.985505212849089
249931625,"YCR099C","","","dma606","Vph1_R1_Plate02",6,12,525,170,"T phase",1.12670751268729,1.80701746847281
249931630,"YCR099C","","","dma606","Vph1_R1_Plate02",6,12,525,175,"S/G2 phase",0.118705717134554,0.45298097758031
249931654,"YCR099C","","","dma606","Vph1_R1_Plate02",6,12,525,199,"MA-single",-0.665295679406463,-0.663017855552123
249931693,"YCR099C","","","dma606","Vph1_R1_Plate02",6,12,525,238,"T phase",1.19896570591688,1.34025529738758
249931714,"YCR099C","","","dma606","Vph1_R1_Plate02",6,12,525,261,"T phase",1.56748249138777,1.71175505039708
249931728,"YCR099C","","","dma606","Vph1_R1_Plate02",6,12,525,275,"S/G2 phase",0.729287449924563,0.480131161356656
249931864,"YCR099C","","","dma606","Vph1_R1_Plate02",6,12,526,62,"MA phase",1.53496630443446,1.57979252925157
249931887,"YCR099C","","","dma606","Vph1_R1_Plate02",6,12,526,86,"S/G2 phase",1.76619252276913,2.3092169433824
249931920,"YCR099C","","","dma606","Vph1_R1_Plate02",6,12,526,119,"S/G2 phase",0.570319424819472,0.847605741771408
249931934,"YCR099C","","","dma606","Vph1_R1_Plate02",6,12,526,134,"S/G2 phase",1.44825647255895,1.90504225989788
249931945,"YCR099C","","","dma606","Vph1_R1_Plate02",6,12,526,145,"S/G2 phase",2.62245211253974,1.89272996725511
249932005,"YCR099C","","","dma606","Vph1_R1_Plate02",6,12,526,205,"S/G2 phase",0.707609991955687,0.993143354805086
249932023,"YCR099C","","","dma606","Vph1_R1_Plate02",6,12,526,223,"T phase",4.11819671239218,4.25519058056154
249932049,"YCR099C","","","dma606","Vph1_R1_Plate02",6,12,526,251,"S/G2 phase",0.263222103593728,0.124968873584666
249932130,"YCR099C","","","dma606","Vph1_R1_Plate02",6,12,526,332,"S/G2 phase",0.183738091041182,1.00671844669326
249932142,"YCR099C","","","dma606","Vph1_R1_Plate02",6,12,526,344,"S/G2 phase",0.888255475029654,1.15099326048153
249932214,"YCR099C","","","dma606","Vph1_R1_Plate02",6,12,526,420,"G1 phase",-0.455746919040661,-0.627580551727762
249932268,"YCR099C","","","dma606","Vph1_R1_Plate02",6,12,527,58,"S/G2 phase",2.37316134589766,2.25744217432053
249932343,"YCR099C","","","dma606","Vph1_R1_Plate02",6,12,527,134,"S/G2 phase",0.805158552815629,0.715643220625905
249932377,"YCR099C","","","dma606","Vph1_R1_Plate02",6,12,527,170,"S/G2 phase",0.234318826301893,0.152119057361014
249932378,"YCR099C","","","dma606","Vph1_R1_Plate02",6,12,527,171,"G1 phase",1.13032042234877,0.88430584484118
249932388,"YCR099C","","","dma606","Vph1_R1_Plate02",6,12,527,181,"S/G2 phase",2.69109739610785,2.51734204401679
249932389,"YCR099C","","","dma606","Vph1_R1_Plate02",6,12,527,182,"T phase",2.31896770097547,1.65445553463653
249932394,"YCR099C","","","dma606","Vph1_R1_Plate02",6,12,527,187,"S/G2 phase",3.41006641874223,2.68474186898665
249932396,"YCR099C","","","dma606","Vph1_R1_Plate02",6,12,527,189,"S/G2 phase",2.10580603094819,1.96486737414925
249932397,"YCR099C","","","dma606","Vph1_R1_Plate02",6,12,527,190,"S/G2 phase",1.63612777495588,1.60970508637726
249932404,"YCR099C","","","dma606","Vph1_R1_Plate02",6,12,527,197,"S/G2 phase",1.44825647255895,2.19611748596523
249932416,"YCR099C","","","dma606","Vph1_R1_Plate02",6,12,527,209,"S/G2 phase",1.78786998073801,1.45864272664491
249932417,"YCR099C","","","dma606","Vph1_R1_Plate02",6,12,527,210,"S/G2 phase",4.53006841380083,3.36791626075428
249932418,"YCR099C","","","dma606","Vph1_R1_Plate02",6,12,527,211,"S/G2 phase",0.754577817554918,0.780993081575952
249932480,"YCR099C","","","dma606","Vph1_R1_Plate02",6,12,527,273,"S/G2 phase",0.866578017060778,1.29803044761913
249932500,"YCR099C","","","dma606","Vph1_R1_Plate02",6,12,527,293,"S/G2 phase",0.815997281800067,0.828505903184559
249932504,"YCR099C","","","dma606","Vph1_R1_Plate02",6,12,527,297,"S/G2 phase",1.66503105224771,2.52689196331021
249932517,"YCR099C","","","dma606","Vph1_R1_Plate02",6,12,527,311,"T phase",3.18606601973051,2.5025041528832
249932526,"YCR099C","","","dma606","Vph1_R1_Plate02",6,12,527,320,"S/G2 phase",1.49522429815818,1.26811789049344
249932529,"YCR099C","","","dma606","Vph1_R1_Plate02",6,12,527,323,"S/G2 phase",0.790706914169712,0.714143646521978
249932558,"YCR099C","","","dma606","Vph1_R1_Plate02",6,12,527,353,"S/G2 phase",1.22064316388575,1.41641787687646
249932583,"YCR099C","","","dma606","Vph1_R1_Plate02",6,12,527,380,"S/G2 phase",1.26761098948498,1.42044304947121
249932597,"YCR099C","","","dma606","Vph1_R1_Plate02",6,12,527,394,"S/G2 phase",1.55664376240333,1.57703015590224
249932631,"YCR099C","","","dma606","Vph1_R1_Plate02",6,12,528,13,"G1 phase",-0.654456950422025,-0.639892844370524
249932669,"YCR099C","","","dma606","Vph1_R1_Plate02",6,12,528,52,"T phase",2.63690375118565,2.06012979222498
249932693,"YCR099C","","","dma606","Vph1_R1_Plate02",6,12,528,78,"S/G2 phase",0.989416945551075,0.889830591539857
249932740,"YCR099C","","","dma606","Vph1_R1_Plate02",6,12,528,129,"S/G2 phase",1.64335359427884,1.30079282096847
249932768,"YCR099C","","","dma606","Vph1_R1_Plate02",6,12,528,157,"S/G2 phase",1.13393333201025,1.30205562021388
249932769,"YCR099C","","","dma606","Vph1_R1_Plate02",6,12,528,158,"S/G2 phase",2.48516154540352,2.18806714077573
249932788,"YCR099C","","","dma606","Vph1_R1_Plate02",6,12,528,178,"T phase",5.2526503460967,3.5938784007301
249932857,"YCR099C","","","dma606","Vph1_R1_Plate02",6,12,528,249,"S/G2 phase",0.357157754792191,0.365768904694075
249932879,"YCR099C","","","dma606","Vph1_R1_Plate02",6,12,528,273,"S/G2 phase",1.45186938222043,1.25454279860527
249932880,"YCR099C","","","dma606","Vph1_R1_Plate02",6,12,528,274,"S/G2 phase",2.60438756423234,2.46027930311475
249932902,"YCR099C","","","dma606","Vph1_R1_Plate02",6,12,528,297,"S/G2 phase",4.42529403361793,3.72181574928085
249932967,"YCR099C","","","dma606","Vph1_R1_Plate02",6,12,528,365,"T phase",3.21496929702235,2.59500419760959
249932984,"YCR099C","","","dma606","Vph1_R1_Plate02",6,12,528,382,"S/G2 phase",1.05083640979622,1.24223050596251
249932990,"YCR099C","","","dma606","Vph1_R1_Plate02",6,12,528,388,"T phase",2.25393532706884,1.75524269941093
249933013,"YCR099C","","","dma606","Vph1_R1_Plate02",6,12,528,411,"S/G2 phase",3.23303384532975,2.53644188260363
249933027,"YCR099C","","","dma606","Vph1_R1_Plate02",6,12,528,425,"T phase",3.20413056803791,2.73375426469918
249933047,"YCR099C","","","dma606","Vph1_R1_Plate02",6,12,528,446,"S/G2 phase",2.34064515894435,2.39090426956996
249933048,"YCR099C","","","dma606","Vph1_R1_Plate02",6,12,528,447,"MA-single",-0.401553274118471,-0.581330529364565
249933053,"YCR099C","","","dma606","Vph1_R1_Plate02",6,12,528,452,"G1 phase",-0.603876215161314,-0.794980376697626
249934566,"YCR098C","GIT1","","dma607","Vph1_R1_Plate02",6,14,533,23,"S/G2 phase",1.07612677742658,1.49131765711993
249934586,"YCR098C","GIT1","","dma607","Vph1_R1_Plate02",6,14,533,45,"S/G2 phase",4.59871369736894,3.24676645814761
249934599,"YCR098C","GIT1","","dma607","Vph1_R1_Plate02",6,14,533,58,"S/G2 phase",3.01987217530247,2.76090444847553
249934618,"YCR098C","GIT1","","dma607","Vph1_R1_Plate02",6,14,533,77,"S/G2 phase",1.03999768081179,1.40008041163895
249934640,"YCR098C","GIT1","","dma607","Vph1_R1_Plate02",6,14,533,100,"S/G2 phase",0.476383773621009,0.304444216338779
249934651,"YCR098C","GIT1","","dma607","Vph1_R1_Plate02",6,14,533,112,"S/G2 phase",0.935223300628885,1.06528076169922
249934667,"YCR098C","GIT1","","dma607","Vph1_R1_Plate02",6,14,533,130,"S/G2 phase",1.33264336339161,0.970018343623488
249934705,"YCR098C","GIT1","","dma607","Vph1_R1_Plate02",6,14,533,168,"T phase",3.97006741627153,3.7952159554204
249934718,"YCR098C","GIT1","","dma607","Vph1_R1_Plate02",6,14,533,181,"T phase",2.34787097826731,2.62491675473528
249934747,"YCR098C","GIT1","","dma607","Vph1_R1_Plate02",6,14,533,212,"T phase",4.42168112395645,3.28899130791606
249934814,"YCR098C","GIT1","","dma607","Vph1_R1_Plate02",6,14,533,280,"S/G2 phase",0.281286651901125,0.259693768079508
249934870,"YCR098C","GIT1","","dma607","Vph1_R1_Plate02",6,14,533,336,"S/G2 phase",0.230705916640414,0.236568756897909
249934880,"YCR098C","GIT1","","dma607","Vph1_R1_Plate02",6,14,533,346,"S/G2 phase",0.357157754792191,0.469318442817821
249934884,"YCR098C","GIT1","","dma607","Vph1_R1_Plate02",6,14,533,351,"T phase",2.57909719660199,2.66161685780505
249935182,"YCR098C","GIT1","","dma607","Vph1_R1_Plate02",6,14,534,255,"T phase",2.13109639857855,2.44394183787724
249935227,"YCR098C","GIT1","","dma607","Vph1_R1_Plate02",6,14,534,301,"S/G2 phase",0.162060633072306,0.206656199772224
249935250,"YCR098C","GIT1","","dma607","Vph1_R1_Plate02",6,14,534,328,"T phase",1.81316034836836,1.77986728469646
249935270,"YCR098C","GIT1","","dma607","Vph1_R1_Plate02",6,14,534,348,"T phase",0.165673542733786,0.395681461819761
249935302,"YCR098C","GIT1","","dma607","Vph1_R1_Plate02",6,14,534,380,"S/G2 phase",1.60722449766404,1.51570546754694
249935343,"YCR098C","GIT1","","dma607","Vph1_R1_Plate02",6,14,535,32,"S/G2 phase",3.19690474871495,2.4180544533463
249935416,"YCR098C","GIT1","","dma607","Vph1_R1_Plate02",6,14,535,109,"MA-single",-0.217294881383025,-0.31590591296963
249935469,"YCR098C","GIT1","","dma607","Vph1_R1_Plate02",6,14,535,162,"T phase",3.31251785788229,3.03185381156913
249935476,"YCR098C","GIT1","","dma607","Vph1_R1_Plate02",6,14,535,169,"S/G2 phase",0.638964708387579,0.910193229372117
249935478,"YCR098C","GIT1","","dma607","Vph1_R1_Plate02",6,14,535,171,"S/G2 phase",0.292125380885563,0.618881228446247
249935479,"YCR098C","GIT1","","dma607","Vph1_R1_Plate02",6,14,535,172,"S/G2 phase",1.28928844745386,1.5511427713713
249935535,"YCR098C","GIT1","","dma607","Vph1_R1_Plate02",6,14,535,229,"S/G2 phase",1.92516054787422,1.35659276262509
249935548,"YCR098C","GIT1","","dma607","Vph1_R1_Plate02",6,14,535,243,"S/G2 phase",2.31535479131399,1.69265521181023
249935626,"YCR098C","GIT1","","dma607","Vph1_R1_Plate02",6,14,535,323,"S/G2 phase",1.15199788031765,1.14294291529203
249935633,"YCR098C","GIT1","","dma607","Vph1_R1_Plate02",6,14,535,330,"S/G2 phase",0.646190527710538,0.515568465181017
249935665,"YCR098C","GIT1","","dma607","Vph1_R1_Plate02",6,14,536,1,"S/G2 phase",-0.484650196332496,-0.664280654797534
249935669,"YCR098C","GIT1","","dma607","Vph1_R1_Plate02",6,14,536,5,"S/G2 phase",0.772642365862315,0.673418370857457
249935671,"YCR098C","GIT1","","dma607","Vph1_R1_Plate02",6,14,536,7,"S/G2 phase",0.321028658177397,0.628431147739671
249935744,"YCR098C","GIT1","","dma607","Vph1_R1_Plate02",6,14,536,81,"S/G2 phase",1.10864296437989,1.55666751806997
249935778,"YCR098C","GIT1","","dma607","Vph1_R1_Plate02",6,14,536,118,"T phase",4.8154882770577,3.12964182813569
249935810,"YCR098C","GIT1","","dma607","Vph1_R1_Plate02",6,14,536,150,"S/G2 phase",0.41496430937586,0.338618720917728
249935827,"YCR098C","GIT1","","dma607","Vph1_R1_Plate02",6,14,536,167,"S/G2 phase",-0.0402623079705368,0.286843951855855
249935865,"YCR098C","GIT1","","dma607","Vph1_R1_Plate02",6,14,536,206,"T phase",1.55664376240333,2.40850453405288
249935934,"YCR098C","GIT1","","dma607","Vph1_R1_Plate02",6,14,536,276,"T phase",2.87535578884329,2.58671707756158
249935960,"YCR098C","GIT1","","dma607","Vph1_R1_Plate02",6,14,536,302,"S/G2 phase",0.58115815380391,0.387631116630262
249936007,"YCR098C","GIT1","","dma607","Vph1_R1_Plate02",6,14,536,351,"S/G2 phase",0.693158353309769,0.523618810370515
249937586,"YCR095C","OCA4","","dma608","Vph1_R1_Plate02",6,16,541,24,"S/G2 phase",1.13393333201025,1.27766780978687
249937589,"YCR095C","OCA4","","dma608","Vph1_R1_Plate02",6,16,541,27,"S/G2 phase",1.68670851021659,1.62604255161477
249937590,"YCR095C","OCA4","","dma608","Vph1_R1_Plate02",6,16,541,28,"T phase",1.48799847883522,1.40284278498829
249937612,"YCR095C","OCA4","","dma608","Vph1_R1_Plate02",6,16,541,51,"S/G2 phase",2.54658100964867,2.34994221904692
249937651,"YCR095C","OCA4","","dma608","Vph1_R1_Plate02",6,16,541,91,"S/G2 phase",2.2792256946992,1.90906743249263
249937660,"YCR095C","OCA4","","dma608","Vph1_R1_Plate02",6,16,541,103,"S/G2 phase",3.82555102981236,3.05071687529747
249937669,"YCR095C","OCA4","","dma608","Vph1_R1_Plate02",6,16,541,112,"S/G2 phase",1.05083640979622,1.59739279373449
249937696,"YCR095C","OCA4","","dma608","Vph1_R1_Plate02",6,16,541,142,"S/G2 phase",3.65935718538431,3.26310392338512
249937744,"YCR095C","OCA4","","dma608","Vph1_R1_Plate02",6,16,541,191,"S/G2 phase",3.78580902353609,3.38275415188786
249937756,"YCR095C","OCA4","","dma608","Vph1_R1_Plate02",6,16,541,203,"T phase",3.95561577762561,3.44005366764841
249937780,"YCR095C","OCA4","","dma608","Vph1_R1_Plate02",6,16,541,227,"MA-single",-0.990457548939604,-1.11746773399459
249937817,"YCR095C","OCA4","","dma608","Vph1_R1_Plate02",6,16,541,266,"S/G2 phase",3.51484079892513,2.59224182426025
249937833,"YCR095C","OCA4","","dma608","Vph1_R1_Plate02",6,16,541,282,"S/G2 phase",1.99019292178085,1.82611730705966
249937857,"YCR095C","OCA4","","dma608","Vph1_R1_Plate02",6,16,541,308,"S/G2 phase",0.0392217045820087,0.368531278043413
249937885,"YCR095C","OCA4","","dma608","Vph1_R1_Plate02",6,16,541,336,"S/G2 phase",1.14838497065617,1.24775525266118
249937891,"YCR095C","OCA4","","dma608","Vph1_R1_Plate02",6,16,541,342,"S/G2 phase",-0.304004713258529,-0.0560060432733721
249937910,"YCR095C","OCA4","","dma608","Vph1_R1_Plate02",6,16,541,363,"T phase",1.65419232326327,1.64364281609769
249937923,"YCR095C","OCA4","","dma608","Vph1_R1_Plate02",6,16,541,378,"S/G2 phase",-0.119746320523082,-0.0328810320917736
249937938,"YCR095C","OCA4","","dma608","Vph1_R1_Plate02",6,16,541,395,"T phase",1.17367533828652,1.37569260121194
249937944,"YCR095C","OCA4","","dma608","Vph1_R1_Plate02",6,16,541,401,"T phase",4.4469714915868,3.31890386504175
249937960,"YCR095C","OCA4","","dma608","Vph1_R1_Plate02",6,16,542,8,"S/G2 phase",0.559480695835034,0.753606122941088
249937985,"YCR095C","OCA4","","dma608","Vph1_R1_Plate02",6,16,542,36,"S/G2 phase",1.25315935083907,0.965993171028738
249938018,"YCR095C","OCA4","","dma608","Vph1_R1_Plate02",6,16,542,71,"S/G2 phase",-0.163101236460834,-0.186705765173465
249938024,"YCR095C","OCA4","","dma608","Vph1_R1_Plate02",6,16,542,78,"MA-single",-0.285940164951132,-0.407143158450613
249938029,"YCR095C","OCA4","","dma608","Vph1_R1_Plate02",6,16,542,83,"MA phase",1.92154763821275,1.50086757641335
249938039,"YCR095C","OCA4","","dma608","Vph1_R1_Plate02",6,16,542,94,"S/G2 phase",1.95045091550458,1.68586766586614
249938044,"YCR095C","OCA4","","dma608","Vph1_R1_Plate02",6,16,542,99,"S/G2 phase",1.10503005471841,1.27490543643753
249938048,"YCR095C","OCA4","","dma608","Vph1_R1_Plate02",6,16,542,103,"T phase",5.18400506252859,3.84020317853819
249938057,"YCR095C","OCA4","","dma608","Vph1_R1_Plate02",6,16,542,112,"T phase",2.57187137727903,2.13226719911911
249938059,"YCR095C","OCA4","","dma608","Vph1_R1_Plate02",6,16,542,114,"S/G2 phase",3.30167912889785,2.97052912321384
249938064,"YCR095C","OCA4","","dma608","Vph1_R1_Plate02",6,16,542,120,"S/G2 phase",2.37677425555914,2.35270459239626
249938066,"YCR095C","OCA4","","dma608","Vph1_R1_Plate02",6,16,542,122,"S/G2 phase",2.34425806860583,1.63006772420952
249938069,"YCR095C","OCA4","","dma608","Vph1_R1_Plate02",6,16,542,125,"T phase",3.37393732212744,2.86571678584469
249938095,"YCR095C","OCA4","","dma608","Vph1_R1_Plate02",6,16,542,151,"S/G2 phase",3.64851845639987,3.15979116011989
249938097,"YCR095C","OCA4","","dma608","Vph1_R1_Plate02",6,16,542,153,"S/G2 phase",2.77058140866039,2.23029199054418
249938122,"YCR095C","OCA4","","dma608","Vph1_R1_Plate02",6,16,542,178,"S/G2 phase",0.172899362056744,0.341381094267065
249938147,"YCR095C","OCA4","","dma608","Vph1_R1_Plate02",6,16,542,204,"S/G2 phase",1.90348308990535,1.3578555618705
249938171,"YCR095C","OCA4","","dma608","Vph1_R1_Plate02",6,16,542,230,"S/G2 phase",-0.549682570239124,-0.249293252774173
249938172,"YCR095C","OCA4","","dma608","Vph1_R1_Plate02",6,16,542,231,"MA-single",-0.35458544851924,-0.464205899352646
249938212,"YCR095C","OCA4","","dma608","Vph1_R1_Plate02",6,16,542,271,"S/G2 phase",0.422190128698819,0.329068801624303
249938232,"YCR095C","OCA4","","dma608","Vph1_R1_Plate02",6,16,542,292,"T phase",4.4831005882016,3.47122902401951
249938234,"YCR095C","OCA4","","dma608","Vph1_R1_Plate02",6,16,542,294,"S/G2 phase",1.99019292178085,2.35270459239626
249938241,"YCR095C","OCA4","","dma608","Vph1_R1_Plate02",6,16,542,301,"S/G2 phase",-0.134197959169,0.269243687372932
249938322,"YCR095C","OCA4","","dma608","Vph1_R1_Plate02",6,16,542,382,"S/G2 phase",2.13109639857855,2.06289216557431
249938329,"YCR095C","OCA4","","dma608","Vph1_R1_Plate02",6,16,542,389,"MA-single",0.118705717134554,0.0269440821595967
249938335,"YCR095C","OCA4","","dma608","Vph1_R1_Plate02",6,16,542,396,"MA phase",1.39767573729824,1.2027680295434
249938348,"YCR095C","OCA4","","dma608","Vph1_R1_Plate02",6,16,542,409,"S/G2 phase",-0.0763914045853303,-0.226168241592575
249938363,"YCR095C","OCA4","","dma608","Vph1_R1_Plate02",6,16,543,12,"S/G2 phase",0.68954544364829,0.61209368250216
249938368,"YCR095C","OCA4","","dma608","Vph1_R1_Plate02",6,16,543,17,"S/G2 phase",-0.343746719534802,-0.163580753991866
249938394,"YCR095C","OCA4","","dma608","Vph1_R1_Plate02",6,16,543,43,"S/G2 phase",2.5249035516798,1.66274265468454
249938436,"YCR095C","OCA4","","dma608","Vph1_R1_Plate02",6,16,543,92,"MA-single",-0.643618221437587,-0.609980287244839
249938504,"YCR095C","OCA4","","dma608","Vph1_R1_Plate02",6,16,543,165,"T phase",4.26993891817432,3.37344100745295
249938517,"YCR095C","OCA4","","dma608","Vph1_R1_Plate02",6,16,543,180,"S/G2 phase",-0.202843242737107,0.101843862403068
249938542,"YCR095C","OCA4","","dma608","Vph1_R1_Plate02",6,16,543,207,"T phase",4.66735898093705,3.75172830640654
249938546,"YCR095C","OCA4","","dma608","Vph1_R1_Plate02",6,16,543,211,"S/G2 phase",3.09935618785501,3.08489137987642
249938571,"YCR095C","OCA4","","dma608","Vph1_R1_Plate02",6,16,543,236,"S/G2 phase",5.18400506252859,4.26876567244972
249938614,"YCR095C","OCA4","","dma608","Vph1_R1_Plate02",6,16,543,281,"S/G2 phase",6.29316832860275,4.4607900827051
249938685,"YCR095C","OCA4","","dma608","Vph1_R1_Plate02",6,16,543,354,"T phase",1.09419132573398,1.14696808788678
249938757,"YCR095C","OCA4","","dma608","Vph1_R1_Plate02",6,16,544,31,"S/G2 phase",0.234318826301893,0.604043337312662
249938791,"YCR095C","OCA4","","dma608","Vph1_R1_Plate02",6,16,544,65,"S/G2 phase",1.27844971846942,1.3347305506889
249938816,"YCR095C","OCA4","","dma608","Vph1_R1_Plate02",6,16,544,90,"T phase",1.57109540104925,1.5048927490081
249938818,"YCR095C","OCA4","","dma608","Vph1_R1_Plate02",6,16,544,92,"S/G2 phase",2.31174188165251,1.56219226476865
249938852,"YCR095C","OCA4","","dma608","Vph1_R1_Plate02",6,16,544,127,"S/G2 phase",0.0825766205197608,0.0309692547543456
249938858,"YCR095C","OCA4","","dma608","Vph1_R1_Plate02",6,16,544,133,"S/G2 phase",6.03303883297624,4.05787819846599
249938885,"YCR095C","OCA4","","dma608","Vph1_R1_Plate02",6,16,544,160,"S/G2 phase",1.01470731318143,0.824480730589811
249938897,"YCR095C","OCA4","","dma608","Vph1_R1_Plate02",6,16,544,172,"T phase",3.18606601973051,3.16934107941332
249938899,"YCR095C","OCA4","","dma608","Vph1_R1_Plate02",6,16,544,174,"MA-single",-0.192004513752669,-0.0683183359161348
249938910,"YCR095C","OCA4","","dma608","Vph1_R1_Plate02",6,16,544,185,"MA-single",-0.546069660577645,-0.478017766099334
249938949,"YCR095C","OCA4","","dma608","Vph1_R1_Plate02",6,16,544,227,"S/G2 phase",1.29651426677682,1.05446804316038
249938963,"YCR095C","OCA4","","dma608","Vph1_R1_Plate02",6,16,544,242,"S/G2 phase",2.02993492805713,1.35935513597443
249938997,"YCR095C","OCA4","","dma608","Vph1_R1_Plate02",6,16,544,277,"S/G2 phase",2.46709699709613,2.21119215195733
249939010,"YCR095C","OCA4","","dma608","Vph1_R1_Plate02",6,16,544,290,"T phase",3.8363897587968,2.77195394187288
249939013,"YCR095C","OCA4","","dma608","Vph1_R1_Plate02",6,16,544,293,"S/G2 phase",0.68954544364829,0.835293449128646
249939025,"YCR095C","OCA4","","dma608","Vph1_R1_Plate02",6,16,544,305,"T phase",2.27561278503772,2.03021723509929
249939084,"YCR095C","OCA4","","dma608","Vph1_R1_Plate02",6,16,544,364,"S/G2 phase",0.830448920445984,1.03410540532812
249939100,"YCR095C","OCA4","","dma608","Vph1_R1_Plate02",6,16,544,381,"MA-single",-0.0258106693246195,-0.114568358279332
249939214,"YDL117W","CYK3","","dma705","Vph1_R1_Plate02",6,17,545,69,"S/G2 phase",1.45186938222043,1.82335493371032
249939536,"YDL117W","CYK3","","dma705","Vph1_R1_Plate02",6,17,545,393,"S/G2 phase",0.664255076017935,0.76591841558385
249939775,"YDL117W","CYK3","","dma705","Vph1_R1_Plate02",6,17,546,82,"T phase",2.06245111501044,2.07117928562233
249939992,"YDL117W","CYK3","","dma705","Vph1_R1_Plate02",6,17,546,302,"S/G2 phase",0.541416147527637,0.84358056917666
249940530,"YDL117W","CYK3","","dma705","Vph1_R1_Plate02",6,17,547,352,"T phase",3.3811631414504,3.06981671388432
249940895,"YDL117W","CYK3","","dma705","Vph1_R1_Plate02",6,17,548,182,"S/G2 phase",1.06528804844214,0.979568262916912
249940918,"YDL117W","CYK3","","dma705","Vph1_R1_Plate02",6,17,548,205,"T phase",0.862965107399298,1.20955557548749
249941063,"YDL117W","CYK3","","dma705","Vph1_R1_Plate02",6,17,548,350,"T phase",2.56103264829459,2.64125421997279
249941315,"YCR092C","MSH3","","dma609","Vph1_R1_Plate02",6,18,549,49,"S/G2 phase",1.23870771219315,1.94174236296765
249941324,"YCR092C","MSH3","","dma609","Vph1_R1_Plate02",6,18,549,58,"MA phase",1.8601281739676,1.52399258759495
249941358,"YCR092C","MSH3","","dma609","Vph1_R1_Plate02",6,18,549,92,"S/G2 phase",-0.715876414667174,-0.663017855552123
249941381,"YCR092C","MSH3","","dma609","Vph1_R1_Plate02",6,18,549,116,"S/G2 phase",0.1981897296871,0.288343525959782
249941426,"YCR092C","MSH3","","dma609","Vph1_R1_Plate02",6,18,549,162,"T phase",4.09290634476183,3.45639113288592
249941472,"YCR092C","MSH3","","dma609","Vph1_R1_Plate02",6,18,549,208,"S/G2 phase",0.754577817554918,0.840818195827322
249941478,"YCR092C","MSH3","","dma609","Vph1_R1_Plate02",6,18,549,214,"S/G2 phase",0.859352197737819,1.02179311268536
249941485,"YCR092C","MSH3","","dma609","Vph1_R1_Plate02",6,18,549,221,"S/G2 phase",1.20619152523984,1.61649263232135
249941583,"YCR092C","MSH3","","dma609","Vph1_R1_Plate02",6,18,549,320,"G1 phase",-0.585811666853917,-0.643918016965273
249941587,"YCR092C","MSH3","","dma609","Vph1_R1_Plate02",6,18,549,324,"MA phase",2.52129064201832,2.83454142947359
249941628,"YCR092C","MSH3","","dma609","Vph1_R1_Plate02",6,18,549,366,"S/G2 phase",0.787094004508232,0.710118473927229
249941743,"YCR092C","MSH3","","dma609","Vph1_R1_Plate02",6,18,550,14,"S/G2 phase",0.989416945551075,1.38650531975077
249941795,"YCR092C","MSH3","","dma609","Vph1_R1_Plate02",6,18,550,66,"S/G2 phase",-0.137810868830479,-0.0560060432733715
249941825,"YCR092C","MSH3","","dma609","Vph1_R1_Plate02",6,18,550,99,"S/G2 phase",1.3001271764383,1.24625567855726
249941844,"YCR092C","MSH3","","dma609","Vph1_R1_Plate02",6,18,550,118,"G1 phase",-0.376262906488116,-0.529555760302692
249941855,"YCR092C","MSH3","","dma609","Vph1_R1_Plate02",6,18,550,129,"S/G2 phase",0.443867586667695,0.692518209444307
249941867,"YCR092C","MSH3","","dma609","Vph1_R1_Plate02",6,18,550,142,"S/G2 phase",2.88619451782773,2.34315467310283
249941869,"YCR092C","MSH3","","dma609","Vph1_R1_Plate02",6,18,550,144,"S/G2 phase",3.61600226944656,2.98962896180069
249941976,"YCR092C","MSH3","","dma609","Vph1_R1_Plate02",6,18,550,254,"S/G2 phase",0.736513269247521,0.92250552201488
249941986,"YCR092C","MSH3","","dma609","Vph1_R1_Plate02",6,18,550,264,"S/G2 phase",0.357157754792191,0.60806850990741
249942026,"YCR092C","MSH3","","dma609","Vph1_R1_Plate02",6,18,550,304,"S/G2 phase",4.59510078770746,3.77887849018289
249942071,"YCR092C","MSH3","","dma609","Vph1_R1_Plate02",6,18,550,349,"MA phase",1.19173988659392,1.28445535573096
249942093,"YCR092C","MSH3","","dma609","Vph1_R1_Plate02",6,18,550,372,"S/G2 phase",0.266835013255207,0.835293449128646
249942104,"YCR092C","MSH3","","dma609","Vph1_R1_Plate02",6,18,550,384,"S/G2 phase",0.913545842660009,1.17285547241771
249942306,"YCR092C","MSH3","","dma609","Vph1_R1_Plate02",6,18,551,172,"S/G2 phase",1.19896570591688,1.2027680295434
249942444,"YCR092C","MSH3","","dma609","Vph1_R1_Plate02",6,18,551,313,"S/G2 phase",0.259609193932249,0.244619102087408
249942460,"YCR092C","MSH3","","dma609","Vph1_R1_Plate02",6,18,551,329,"S/G2 phase",0.74373908857048,0.92779349385504
249942466,"YCR092C","MSH3","","dma609","Vph1_R1_Plate02",6,18,551,335,"MA-single",-1.19639339964393,-1.39370506892836
249942498,"YCR092C","MSH3","","dma609","Vph1_R1_Plate02",6,18,551,367,"S/G2 phase",-0.343746719534802,-0.205805603760314
249942599,"YCR092C","MSH3","","dma609","Vph1_R1_Plate02",6,18,552,12,"S/G2 phase",0.765416546539356,0.946893332441889
249942650,"YCR092C","MSH3","","dma609","Vph1_R1_Plate02",6,18,552,64,"S/G2 phase",1.99019292178085,2.32831678196925
249942656,"YCR092C","MSH3","","dma609","Vph1_R1_Plate02",6,18,552,71,"S/G2 phase",0.36077066445367,0.821718357240472
249942663,"YCR092C","MSH3","","dma609","Vph1_R1_Plate02",6,18,552,79,"S/G2 phase",0.700384172632728,0.993143354805086
249942673,"YCR092C","MSH3","","dma609","Vph1_R1_Plate02",6,18,552,89,"S/G2 phase",1.96851546381198,2.03976715439272
249942693,"YCR092C","MSH3","","dma609","Vph1_R1_Plate02",6,18,552,110,"MA-single",-0.192004513752669,-0.290018528438693
249942719,"YCR092C","MSH3","","dma609","Vph1_R1_Plate02",6,18,552,136,"S/G2 phase",2.03354783771861,2.12824202652436
249942748,"YCR092C","MSH3","","dma609","Vph1_R1_Plate02",6,18,552,166,"S/G2 phase",1.04722350013474,0.991880555559675
249942761,"YCR092C","MSH3","","dma609","Vph1_R1_Plate02",6,18,552,180,"S/G2 phase",0.989416945551075,2.1541294110553
249942839,"YCR092C","MSH3","","dma609","Vph1_R1_Plate02",6,18,552,260,"T phase",2.42374208115837,2.07646725746249
249942840,"YCR092C","MSH3","","dma609","Vph1_R1_Plate02",6,18,552,261,"S/G2 phase",2.38761298454358,2.36627968428443
249942849,"YCR092C","MSH3","","dma609","Vph1_R1_Plate02",6,18,552,270,"S/G2 phase",-0.0366493983090575,0.173981269297201
249942857,"YCR092C","MSH3","","dma609","Vph1_R1_Plate02",6,18,552,278,"S/G2 phase",-0.29677889393557,-0.13240539762077
249942859,"YCR092C","MSH3","","dma609","Vph1_R1_Plate02",6,18,552,280,"S/G2 phase",1.44825647255895,1.53630488023771
249942865,"YCR092C","MSH3","","dma609","Vph1_R1_Plate02",6,18,552,286,"S/G2 phase",2.69109739610785,2.75561647663537
249942872,"YCR092C","MSH3","","dma609","Vph1_R1_Plate02",6,18,552,293,"S/G2 phase",2.90425906613513,2.04102995363813
249942911,"YCR092C","MSH3","","dma609","Vph1_R1_Plate02",6,18,552,334,"S/G2 phase",0.508899960574323,1.53756767948313
249942976,"YCR092C","MSH3","","dma609","Vph1_R1_Plate02",6,18,552,401,"MA phase",1.3868370083138,1.67505494732731
249942982,"YCR092C","MSH3","","dma609","Vph1_R1_Plate02",6,18,552,407,"S/G2 phase",3.14632401345424,2.66714160450373
249942986,"YCR092C","MSH3","","dma609","Vph1_R1_Plate02",6,18,552,411,"S/G2 phase",1.1953527962554,1.40560515833762
249946254,"YCR091W","KIN82","","dma610","Vph1_R1_Plate02",6,20,557,45,"S/G2 phase",1.97935419279642,2.26699209361395
249946282,"YCR091W","KIN82","","dma610","Vph1_R1_Plate02",6,20,557,75,"S/G2 phase",2.43096790048133,2.08049243005724
249946379,"YCR091W","KIN82","","dma610","Vph1_R1_Plate02",6,20,557,174,"T phase",1.75896670344618,1.76479261870436
249946436,"YCR091W","KIN82","","dma610","Vph1_R1_Plate02",6,20,557,231,"S/G2 phase",0.830448920445984,1.47095501928767
249946461,"YCR091W","KIN82","","dma610","Vph1_R1_Plate02",6,20,557,258,"S/G2 phase",4.27716473749728,3.06579154128957
249946470,"YCR091W","KIN82","","dma610","Vph1_R1_Plate02",6,20,557,267,"T phase",2.2792256946992,2.31600448932649
249946476,"YCR091W","KIN82","","dma610","Vph1_R1_Plate02",6,20,557,273,"S/G2 phase",0.378835212761067,0.778230708226614
249946493,"YCR091W","KIN82","","dma610","Vph1_R1_Plate02",6,20,557,290,"T phase",2.72722649272264,2.61260446209252
249946530,"YCR091W","KIN82","","dma610","Vph1_R1_Plate02",6,20,557,328,"S/G2 phase",1.76257961310765,1.7062303036984
249946540,"YCR091W","KIN82","","dma610","Vph1_R1_Plate02",6,20,557,338,"S/G2 phase",0.946062029613323,1.53354250688838
249946547,"YCR091W","KIN82","","dma610","Vph1_R1_Plate02",6,20,557,345,"S/G2 phase",0.47277086395953,1.22186786813025
249946557,"YCR091W","KIN82","","dma610","Vph1_R1_Plate02",6,20,557,355,"S/G2 phase",0.57754524414243,0.309968963037454
249946566,"YCR091W","KIN82","","dma610","Vph1_R1_Plate02",6,20,557,364,"S/G2 phase",3.10658200717797,2.14734186511121
249946570,"YCR091W","KIN82","","dma610","Vph1_R1_Plate02",6,20,557,369,"S/G2 phase",2.25393532706884,2.2247672438455
249946573,"YCR091W","KIN82","","dma610","Vph1_R1_Plate02",6,20,557,372,"S/G2 phase",3.0307109042869,2.24386708243235
249946577,"YCR091W","KIN82","","dma610","Vph1_R1_Plate02",6,20,557,376,"S/G2 phase",0.0717378915353227,0.246118676191334
249946582,"YCR091W","KIN82","","dma610","Vph1_R1_Plate02",6,20,557,382,"T phase",3.99174487424041,2.94061656608816
249946600,"YCR091W","KIN82","","dma610","Vph1_R1_Plate02",6,20,557,400,"S/G2 phase",3.07045291056318,2.44394183787724
249946608,"YCR091W","KIN82","","dma610","Vph1_R1_Plate02",6,20,557,409,"S/G2 phase",1.83845071599872,1.59336762113975
249946610,"YCR091W","KIN82","","dma610","Vph1_R1_Plate02",6,20,557,411,"S/G2 phase",1.27122389914646,1.53354250688838
249946657,"YCR091W","KIN82","","dma610","Vph1_R1_Plate02",6,20,558,2,"S/G2 phase",1.67586978123215,1.52123021424561
249946667,"YCR091W","KIN82","","dma610","Vph1_R1_Plate02",6,20,558,13,"MA-single",-0.192004513752669,-0.272418263955772
249946707,"YCR091W","KIN82","","dma610","Vph1_R1_Plate02",6,20,558,54,"S/G2 phase",2.34064515894435,1.87915487536694
249946713,"YCR091W","KIN82","","dma610","Vph1_R1_Plate02",6,20,558,60,"S/G2 phase",1.9468380058431,1.76076744610961
249946784,"YCR091W","KIN82","","dma610","Vph1_R1_Plate02",6,20,558,132,"S/G2 phase",0.476383773621009,0.45021860423097
249946792,"YCR091W","KIN82","","dma610","Vph1_R1_Plate02",6,20,558,140,"S/G2 phase",1.0544493194577,1.27490543643753
249946804,"YCR091W","KIN82","","dma610","Vph1_R1_Plate02",6,20,558,152,"S/G2 phase",1.23509480253167,1.12786824929993
249946813,"YCR091W","KIN82","","dma610","Vph1_R1_Plate02",6,20,558,161,"S/G2 phase",0.866578017060778,0.891093390785268
249946816,"YCR091W","KIN82","","dma610","Vph1_R1_Plate02",6,20,558,164,"T phase",4.56258460075414,4.27026524655364
249946840,"YCR091W","KIN82","","dma610","Vph1_R1_Plate02",6,20,558,189,"S/G2 phase",1.88541854159795,1.74040480827735
249946842,"YCR091W","KIN82","","dma610","Vph1_R1_Plate02",6,20,558,191,"S/G2 phase",1.26761098948498,1.46945544518374
249946870,"YCR091W","KIN82","","dma610","Vph1_R1_Plate02",6,20,558,219,"S/G2 phase",0.512512870235802,0.504755746642182
249946930,"YCR091W","KIN82","","dma610","Vph1_R1_Plate02",6,20,558,280,"T phase",1.09419132573398,1.24499287931185
249946934,"YCR091W","KIN82","","dma610","Vph1_R1_Plate02",6,20,558,285,"S/G2 phase",1.50245011748114,1.54561802467263
249946951,"YCR091W","KIN82","","dma610","Vph1_R1_Plate02",6,20,558,302,"S/G2 phase",0.570319424819472,0.676180744206795
249946956,"YCR091W","KIN82","","dma610","Vph1_R1_Plate02",6,20,558,308,"S/G2 phase",1.39044991797528,0.887068218190518
249946976,"YCR091W","KIN82","","dma610","Vph1_R1_Plate02",6,20,558,328,"S/G2 phase",0.0572862528894054,0.173981269297201
249946981,"YCR091W","KIN82","","dma610","Vph1_R1_Plate02",6,20,558,333,"S/G2 phase",-0.170327055783793,-0.279205809899858
249947020,"YCR091W","KIN82","","dma610","Vph1_R1_Plate02",6,20,558,374,"S/G2 phase",0.292125380885563,0.246118676191334
249947038,"YCR091W","KIN82","","dma610","Vph1_R1_Plate02",6,20,558,393,"S/G2 phase",0.284899561562604,-0.0193059402036
249947064,"YCR091W","KIN82","","dma610","Vph1_R1_Plate02",6,20,559,11,"T phase",2.77419431832187,2.38135435027653
249947103,"YCR091W","KIN82","","dma610","Vph1_R1_Plate02",6,20,559,54,"S/G2 phase",0.653416347033497,1.19448090949538
249947140,"YCR091W","KIN82","","dma610","Vph1_R1_Plate02",6,20,559,92,"MA-single",0.454706315652133,0.282818779261106
249947143,"YCR091W","KIN82","","dma610","Vph1_R1_Plate02",6,20,559,95,"MA phase",3.47871170231034,2.75009172993669
249947158,"YCR091W","KIN82","","dma610","Vph1_R1_Plate02",6,20,559,110,"S/G2 phase",1.70477305852398,1.71301784964249
249947162,"YCR091W","KIN82","","dma610","Vph1_R1_Plate02",6,20,559,114,"S/G2 phase",2.75612977001447,2.59074225015633
249947175,"YCR091W","KIN82","","dma610","Vph1_R1_Plate02",6,20,559,127,"MA-single",-1.15665139336765,-1.24540508254535
249947186,"YCR091W","KIN82","","dma610","Vph1_R1_Plate02",6,20,559,138,"MA phase",1.74451506480026,2.11190456128685
249947190,"YCR091W","KIN82","","dma610","Vph1_R1_Plate02",6,20,559,142,"T phase",2.98374307868767,2.81946676348149
249947238,"YCR091W","KIN82","","dma610","Vph1_R1_Plate02",6,20,559,192,"T phase",3.07406582022466,2.46982922240817
249947274,"YCR091W","KIN82","","dma610","Vph1_R1_Plate02",6,20,559,229,"MA phase",1.59999867834108,2.21119215195733
249947280,"YCR091W","KIN82","","dma610","Vph1_R1_Plate02",6,20,559,235,"S/G2 phase",0.693158353309769,0.621643601795585
249947323,"YCR091W","KIN82","","dma610","Vph1_R1_Plate02",6,20,559,279,"S/G2 phase",0.483609592943968,0.670655997508119
249947344,"YCR091W","KIN82","","dma610","Vph1_R1_Plate02",6,20,559,301,"T phase",3.83277684913532,2.87802907848745
249947352,"YCR091W","KIN82","","dma610","Vph1_R1_Plate02",6,20,559,309,"G1 phase",0.14399608476491,0.0447811215010355
249947359,"YCR091W","KIN82","","dma610","Vph1_R1_Plate02",6,20,559,316,"S/G2 phase",3.00542053665655,3.09294172506592
249947362,"YCR091W","KIN82","","dma610","Vph1_R1_Plate02",6,20,559,319,"S/G2 phase",0.396899761068463,0.0922939431096431
249947452,"YCR091W","KIN82","","dma610","Vph1_R1_Plate02",6,20,559,410,"S/G2 phase",3.52929243757105,3.0059664270382
249947459,"YCR091W","KIN82","","dma610","Vph1_R1_Plate02",6,20,559,417,"S/G2 phase",2.30451606232956,1.84371757154258
249947475,"YCR091W","KIN82","","dma610","Vph1_R1_Plate02",6,20,559,433,"T phase",2.27199987537624,1.96486737414925
249947490,"YCR091W","KIN82","","dma610","Vph1_R1_Plate02",6,20,559,448,"S/G2 phase",1.4916113884967,1.24775525266118
249947592,"YCR091W","KIN82","","dma610","Vph1_R1_Plate02",6,20,560,102,"G1 phase",-0.145036688153438,-0.318668286318968
249947610,"YCR091W","KIN82","","dma610","Vph1_R1_Plate02",6,20,560,123,"G1 phase",0.555867786173554,0.371293651392751
249947634,"YCR091W","KIN82","","dma610","Vph1_R1_Plate02",6,20,560,147,"S/G2 phase",0.115092807473075,0.260956567324919
249947655,"YCR091W","KIN82","","dma610","Vph1_R1_Plate02",6,20,560,169,"S/G2 phase",3.53651825689401,2.7038417075735
249947690,"YCR091W","KIN82","","dma610","Vph1_R1_Plate02",6,20,560,205,"T phase",3.66658300470727,3.90831541283756
249947700,"YCR091W","KIN82","","dma610","Vph1_R1_Plate02",6,20,560,215,"S/G2 phase",1.5277404851115,2.05736741887564
249947730,"YCR091W","KIN82","","dma610","Vph1_R1_Plate02",6,20,560,245,"S/G2 phase",-0.0366493983090575,0.413518501161198
249947825,"YCR091W","KIN82","","dma610","Vph1_R1_Plate02",6,20,560,342,"S/G2 phase",3.95922868728709,3.60216552077811
249947832,"YCR091W","KIN82","","dma610","Vph1_R1_Plate02",6,20,560,350,"S/G2 phase",0.678706714663852,0.916980775316205
249947835,"YCR091W","KIN82","","dma610","Vph1_R1_Plate02",6,20,560,353,"S/G2 phase",0.494448321928406,0.397181035923687
249947862,"YCR091W","KIN82","","dma610","Vph1_R1_Plate02",6,20,560,380,"T phase",4.21935818291361,3.37896575415162
249947867,"YCR091W","KIN82","","dma610","Vph1_R1_Plate02",6,20,560,386,"T phase",1.42657901459008,1.57703015590224
249947911,"YCR091W","KIN82","","dma610","Vph1_R1_Plate02",6,20,560,431,"S/G2 phase",1.88180563193647,1.37971777380669
249950702,"YCR090C","","","dma611","Vph1_R1_Plate02",6,22,565,34,"S/G2 phase",1.63612777495588,1.95531745485582
249950738,"YCR090C","","","dma611","Vph1_R1_Plate02",6,22,565,73,"S/G2 phase",0.790706914169712,1.0476804972163
249950756,"YCR090C","","","dma611","Vph1_R1_Plate02",6,22,565,92,"S/G2 phase",0.494448321928406,0.700568554633805
249950862,"YCR090C","","","dma611","Vph1_R1_Plate02",6,22,565,204,"T phase",2.99096889801063,2.42484199929039
249950866,"YCR090C","","","dma611","Vph1_R1_Plate02",6,22,565,208,"S/G2 phase",1.7372892454773,1.40284278498829
249950906,"YCR090C","","","dma611","Vph1_R1_Plate02",6,22,565,249,"S/G2 phase",2.44903244878873,2.2247672438455
249950928,"YCR090C","","","dma611","Vph1_R1_Plate02",6,22,565,271,"S/G2 phase",1.07612677742658,1.31839308545139
249950936,"YCR090C","","","dma611","Vph1_R1_Plate02",6,22,565,279,"S/G2 phase",1.3868370083138,1.31034274026189
249950958,"YCR090C","","","dma611","Vph1_R1_Plate02",6,22,565,301,"T phase",2.26838696571476,2.68474186898665
249950993,"YCR090C","","","dma611","Vph1_R1_Plate02",6,22,565,339,"S/G2 phase",1.65419232326327,1.82461773295573
249950996,"YCR090C","","","dma611","Vph1_R1_Plate02",6,22,565,342,"S/G2 phase",1.34709500203753,1.9608422015545
249951006,"YCR090C","","","dma611","Vph1_R1_Plate02",6,22,565,352,"S/G2 phase",0.440254677006216,0.506018545887592
249951015,"YCR090C","","","dma611","Vph1_R1_Plate02",6,22,565,362,"S/G2 phase",0.776255275523794,1.07333110688872
249951028,"YCR090C","","","dma611","Vph1_R1_Plate02",6,22,565,377,"S/G2 phase",0.978578216566637,1.49936800230943
249951083,"YCR090C","","","dma611","Vph1_R1_Plate02",6,22,565,436,"S/G2 phase",0.870190926722257,1.01098039414653
249951144,"YCR090C","","","dma611","Vph1_R1_Plate02",6,22,566,19,"T phase",5.89574826584002,4.62266516097629
249951221,"YCR090C","","","dma611","Vph1_R1_Plate02",6,22,566,98,"S/G2 phase",4.50839095583195,3.53657888496955
249951254,"YCR090C","","","dma611","Vph1_R1_Plate02",6,22,566,133,"S/G2 phase",3.87613176507307,3.00194125444345
249951268,"YCR090C","","","dma611","Vph1_R1_Plate02",6,22,566,147,"S/G2 phase",-0.18477869442971,0.752343323695677
249951279,"YCR090C","","","dma611","Vph1_R1_Plate02",6,22,566,159,"S/G2 phase",0.638964708387579,0.631193521089009
249951355,"YCR090C","","","dma611","Vph1_R1_Plate02",6,22,566,239,"T phase",2.14193512756299,2.51734204401678
249951390,"YCR090C","","","dma611","Vph1_R1_Plate02",6,22,566,276,"T phase",2.43819371980429,2.63296709992478
249951423,"YCR090C","","","dma611","Vph1_R1_Plate02",6,22,566,310,"S/G2 phase",1.35070791169901,1.38776811899619
249951504,"YCR090C","","","dma611","Vph1_R1_Plate02",6,22,566,392,"S/G2 phase",2.10219312128671,1.61649263232135
249951521,"YCR090C","","","dma611","Vph1_R1_Plate02",6,22,566,411,"S/G2 phase",5.06839195336125,3.59940314742877
249951561,"YCR090C","","","dma611","Vph1_R1_Plate02",6,22,567,6,"MA-single",0.14038317510343,0.152119057361014
249951589,"YCR090C","","","dma611","Vph1_R1_Plate02",6,22,567,34,"S/G2 phase",4.70348807755184,3.19096651649099
249951674,"YCR090C","","","dma611","Vph1_R1_Plate02",6,22,567,121,"MA-single",-1.03742537453884,-1.07800525757548
249951689,"YCR090C","","","dma611","Vph1_R1_Plate02",6,22,567,137,"S/G2 phase",1.04722350013474,1.14294291529203
249951700,"YCR090C","","","dma611","Vph1_R1_Plate02",6,22,567,148,"S/G2 phase",3.80387357184348,3.23192856701403
249951707,"YCR090C","","","dma611","Vph1_R1_Plate02",6,22,567,155,"S/G2 phase",2.35509679759027,1.86281741012943
249951784,"YCR090C","","","dma611","Vph1_R1_Plate02",6,22,567,236,"T phase",3.39200187043484,2.835804228719
249951790,"YCR090C","","","dma611","Vph1_R1_Plate02",6,22,567,242,"S/G2 phase",2.01548328941121,1.43954288805806
249951795,"YCR090C","","","dma611","Vph1_R1_Plate02",6,22,567,247,"S/G2 phase",1.37599827932936,1.19321811024997
249951837,"YCR090C","","","dma611","Vph1_R1_Plate02",6,22,567,290,"S/G2 phase",3.36671150280448,2.67669152379715
249951844,"YCR090C","","","dma611","Vph1_R1_Plate02",6,22,567,298,"S/G2 phase",3.64129263707691,2.87676627924203
249951872,"YCR090C","","","dma611","Vph1_R1_Plate02",6,22,567,327,"S/G2 phase",1.24232062185463,1.20829277624207
249951879,"YCR090C","","","dma611","Vph1_R1_Plate02",6,22,567,334,"MA phase",2.34787097826731,2.20716697936258
249951902,"YCR090C","","","dma611","Vph1_R1_Plate02",6,22,567,357,"S/G2 phase",1.3181917247457,1.02179311268536
249951910,"YCR090C","","","dma611","Vph1_R1_Plate02",6,22,567,365,"S/G2 phase",0.808771462477108,0.857155661064834
249952008,"YCR090C","","","dma611","Vph1_R1_Plate02",6,22,568,7,"S/G2 phase",1.35793373102197,1.06401796245381
249952014,"YCR090C","","","dma611","Vph1_R1_Plate02",6,22,568,14,"S/G2 phase",0.678706714663852,1.23141778742367
249952110,"YCR090C","","","dma611","Vph1_R1_Plate02",6,22,568,115,"S/G2 phase",1.48077265951227,1.66550502803388
249952114,"YCR090C","","","dma611","Vph1_R1_Plate02",6,22,568,119,"S/G2 phase",1.55664376240333,2.16494212959413
249952148,"YCR090C","","","dma611","Vph1_R1_Plate02",6,22,568,154,"S/G2 phase",0.30657701953148,0.782255880821362
249952151,"YCR090C","","","dma611","Vph1_R1_Plate02",6,22,568,157,"S/G2 phase",0.136770265441951,0.407993754462523
249952175,"YCR090C","","","dma611","Vph1_R1_Plate02",6,22,568,181,"S/G2 phase",2.1925158628237,2.17449204888756
249952227,"YCR090C","","","dma611","Vph1_R1_Plate02",6,22,568,235,"S/G2 phase",2.5935488352479,2.61386726133793
249952261,"YCR090C","","","dma611","Vph1_R1_Plate02",6,22,568,270,"G1 phase",-0.603876215161314,-0.739180435041004
249952301,"YCR090C","","","dma611","Vph1_R1_Plate02",6,22,568,312,"S/G2 phase",-0.650844040760545,-0.462943100107235
249952303,"YCR090C","","","dma611","Vph1_R1_Plate02",6,22,568,314,"G1 phase",0.270447922916687,0.220231291660398
249952308,"YCR090C","","","dma611","Vph1_R1_Plate02",6,22,568,319,"S/G2 phase",0.154834813749348,0.69101863534038
249952343,"YCR090C","","","dma611","Vph1_R1_Plate02",6,22,568,355,"T phase",1.02193313250439,1.46266789923966
249952366,"YCR090C","","","dma611","Vph1_R1_Plate02",6,22,568,379,"T phase",3.35225986415856,2.92980384754932
249952404,"YCR090C","","","dma611","Vph1_R1_Plate02",6,22,568,418,"G1 phase",0.400512670729943,0.354956186155239
250002180,"YCR086W","CSM1","","dma593","Vph1_R1_Plate02",4,10,325,23,"MA-single",-0.650844040760545,-0.758280273627853
250002217,"YCR086W","CSM1","","dma593","Vph1_R1_Plate02",4,10,325,60,"S/G2 phase",0.826836010784505,0.711618048031157
250002248,"YCR086W","CSM1","","dma593","Vph1_R1_Plate02",4,10,325,91,"S/G2 phase",0.411351399714381,0.545481022306702
250002255,"YCR086W","CSM1","","dma593","Vph1_R1_Plate02",4,10,325,98,"S/G2 phase",1.99019292178085,1.95531745485582
250002280,"YCR086W","CSM1","","dma593","Vph1_R1_Plate02",4,10,325,124,"T phase",3.13909819413128,2.7189163735656
250002296,"YCR086W","CSM1","","dma593","Vph1_R1_Plate02",4,10,325,140,"S/G2 phase",1.43019192425155,1.56471786325947
250002300,"YCR086W","CSM1","","dma593","Vph1_R1_Plate02",4,10,325,144,"S/G2 phase",-0.264262706982256,-0.130905823516843
250002318,"YCR086W","CSM1","","dma593","Vph1_R1_Plate02",4,10,325,162,"S/G2 phase",1.16283660930208,1.14696808788678
250002431,"YCR086W","CSM1","","dma593","Vph1_R1_Plate02",4,10,325,279,"S/G2 phase",0.230705916640414,0.633955894438347
250002471,"YCR086W","CSM1","","dma593","Vph1_R1_Plate02",4,10,325,319,"S/G2 phase",4.32413256309651,3.49585360930503
250002492,"YCR086W","CSM1","","dma593","Vph1_R1_Plate02",4,10,325,340,"S/G2 phase",-0.618327853807231,-0.558205518182966
250002531,"YCR086W","CSM1","","dma593","Vph1_R1_Plate02",4,10,325,381,"S/G2 phase",0.534190328204678,1.16883029982297
250002599,"YCR086W","CSM1","","dma593","Vph1_R1_Plate02",4,10,326,71,"S/G2 phase",1.53496630443446,1.76479261870436
250002613,"YCR086W","CSM1","","dma593","Vph1_R1_Plate02",4,10,326,86,"S/G2 phase",1.03638477115031,1.01626836598668
250002626,"YCR086W","CSM1","","dma593","Vph1_R1_Plate02",4,10,326,99,"S/G2 phase",1.62528904597144,2.05334224628089
250002640,"YCR086W","CSM1","","dma593","Vph1_R1_Plate02",4,10,326,114,"S/G2 phase",1.17367533828652,1.02053031343995
250002647,"YCR086W","CSM1","","dma593","Vph1_R1_Plate02",4,10,326,121,"S/G2 phase",0.765416546539356,0.676180744206795
250002683,"YCR086W","CSM1","","dma593","Vph1_R1_Plate02",4,10,326,160,"S/G2 phase",3.5040020699407,2.91472918155722
250002693,"YCR086W","CSM1","","dma593","Vph1_R1_Plate02",4,10,326,171,"S/G2 phase",0.0103184272901739,0.465293270223072
250002702,"YCR086W","CSM1","","dma593","Vph1_R1_Plate02",4,10,326,181,"S/G2 phase",3.24748548397566,2.41402928075156
250002741,"YCR086W","CSM1","","dma593","Vph1_R1_Plate02",4,10,326,220,"S/G2 phase",3.94477704864118,2.93382902014407
250002757,"YCR086W","CSM1","","dma593","Vph1_R1_Plate02",4,10,326,237,"S/G2 phase",1.65057941360179,1.77434253799778
250002779,"YCR086W","CSM1","","dma593","Vph1_R1_Plate02",4,10,326,259,"S/G2 phase",1.41574028560564,1.85879223753468
250002782,"YCR086W","CSM1","","dma593","Vph1_R1_Plate02",4,10,326,262,"T phase",2.88619451782773,2.74606655734194
250002858,"YCR086W","CSM1","","dma593","Vph1_R1_Plate02",4,10,326,339,"S/G2 phase",0.664255076017935,0.681468716046955
250002894,"YCR086W","CSM1","","dma593","Vph1_R1_Plate02",4,10,326,375,"MA-single",-1.10607065810694,-1.32433003538357
250002917,"YCR086W","CSM1","","dma593","Vph1_R1_Plate02",4,10,327,22,"S/G2 phase",1.05083640979622,1.0708055083979
250002957,"YCR086W","CSM1","","dma593","Vph1_R1_Plate02",4,10,327,66,"S/G2 phase",-0.0655526756008922,-0.15805600729319
250002968,"YCR086W","CSM1","","dma593","Vph1_R1_Plate02",4,10,327,77,"S/G2 phase",2.90425906613513,2.40021741400487
250002970,"YCR086W","CSM1","","dma593","Vph1_R1_Plate02",4,10,327,79,"S/G2 phase",-0.535230931593207,-0.339030924151229
250003060,"YCR086W","CSM1","","dma593","Vph1_R1_Plate02",4,10,327,173,"S/G2 phase",2.12387057925559,3.18820414314165
250003067,"YCR086W","CSM1","","dma593","Vph1_R1_Plate02",4,10,327,180,"S/G2 phase",1.65780523292475,1.91033023173804
250003095,"YCR086W","CSM1","","dma593","Vph1_R1_Plate02",4,10,327,208,"S/G2 phase",0.924384571644447,0.779493507472025
250003112,"YCR086W","CSM1","","dma593","Vph1_R1_Plate02",4,10,327,226,"S/G2 phase",1.98296710245789,2.31324211597715
250003121,"YCR086W","CSM1","","dma593","Vph1_R1_Plate02",4,10,327,236,"S/G2 phase",2.09858021162523,1.77434253799779
250003130,"YCR086W","CSM1","","dma593","Vph1_R1_Plate02",4,10,327,246,"G1 phase",0.331867387161835,0.421568846350697
250003147,"YCR086W","CSM1","","dma593","Vph1_R1_Plate02",4,10,327,264,"S/G2 phase",0.47277086395953,0.515568465181017
250003170,"YCR086W","CSM1","","dma593","Vph1_R1_Plate02",4,10,327,287,"S/G2 phase",1.7192246971699,1.53883047872854
250003222,"YCR086W","CSM1","","dma593","Vph1_R1_Plate02",4,10,327,341,"S/G2 phase",0.201802639348579,0.194343907129462
250003243,"YCR086W","CSM1","","dma593","Vph1_R1_Plate02",4,10,327,362,"G1 phase",1.20257861557836,0.74958095034634
250003271,"YCR086W","CSM1","","dma593","Vph1_R1_Plate02",4,10,327,391,"S/G2 phase",1.70838596818546,1.70496750445299
250003384,"YCR086W","CSM1","","dma593","Vph1_R1_Plate02",4,10,328,35,"S/G2 phase",0.400512670729943,0.289606325205193
250003405,"YCR086W","CSM1","","dma593","Vph1_R1_Plate02",4,10,328,57,"G1 phase",-0.441295280394744,-0.427505796282873
250003414,"YCR086W","CSM1","","dma593","Vph1_R1_Plate02",4,10,328,66,"S/G2 phase",0.259609193932249,0.315493709736129
250003476,"YCR086W","CSM1","","dma593","Vph1_R1_Plate02",4,10,328,128,"S/G2 phase",1.72283760683138,1.74719235422144
250003516,"YCR086W","CSM1","","dma593","Vph1_R1_Plate02",4,10,328,171,"T phase",5.8993611755015,4.53419028884465
250003536,"YCR086W","CSM1","","dma593","Vph1_R1_Plate02",4,10,328,192,"S/G2 phase",0.85212637841486,0.791805800114787
250003563,"YCR086W","CSM1","","dma593","Vph1_R1_Plate02",4,10,328,221,"S/G2 phase",1.13032042234877,1.14294291529203
250003580,"YCR086W","CSM1","","dma593","Vph1_R1_Plate02",4,10,328,239,"S/G2 phase",0.74373908857048,0.814930811296385
250003592,"YCR086W","CSM1","","dma593","Vph1_R1_Plate02",4,10,328,252,"S/G2 phase",3.14993692311572,3.04266653010797
250003605,"YCR086W","CSM1","","dma593","Vph1_R1_Plate02",4,10,328,266,"MA phase",1.97935419279642,2.35546696574559
250003654,"YCR086W","CSM1","","dma593","Vph1_R1_Plate02",4,10,328,316,"T phase",2.83200087290554,2.83556745386049
250003683,"YCR086W","CSM1","","dma593","Vph1_R1_Plate02",4,10,328,346,"T phase",2.00464456042677,2.18806714077573
250006246,"YCR085W","","","dma594","Vph1_R1_Plate02",4,12,333,29,"S/G2 phase",1.07973968708806,1.07356788174723
250006247,"YCR085W","","","dma594","Vph1_R1_Plate02",4,12,333,30,"S/G2 phase",3.24387257431418,3.21559110177651
250006266,"YCR085W","","","dma594","Vph1_R1_Plate02",4,12,333,51,"S/G2 phase",2.05883820534896,1.85602986418534
250006274,"YCR085W","","","dma594","Vph1_R1_Plate02",4,12,333,59,"T phase",2.2611611463918,2.38261714952194
250006301,"YCR085W","","","dma594","Vph1_R1_Plate02",4,12,333,86,"S/G2 phase",2.73806522170708,2.58947945091092
250006327,"YCR085W","","","dma594","Vph1_R1_Plate02",4,12,333,112,"T phase",1.63974068461736,1.97441729344267
250006333,"YCR085W","","","dma594","Vph1_R1_Plate02",4,12,333,118,"G1 phase",-0.596650395838355,-0.739180435041005
250006353,"YCR085W","","","dma594","Vph1_R1_Plate02",4,12,333,139,"S/G2 phase",4.25187436986692,3.78440323688156
250006354,"YCR085W","","","dma594","Vph1_R1_Plate02",4,12,333,140,"S/G2 phase",2.70193612509228,2.34189187385742
250006379,"YCR085W","","","dma594","Vph1_R1_Plate02",4,12,333,167,"S/G2 phase",2.02632201839565,2.27654201290738
250006397,"YCR085W","","","dma594","Vph1_R1_Plate02",4,12,333,185,"MA phase",2.11664475993263,2.41126690740221
250006403,"YCR085W","","","dma594","Vph1_R1_Plate02",4,12,333,191,"T phase",2.01187037974973,2.00709222391769
250006470,"YCR085W","","","dma594","Vph1_R1_Plate02",4,12,333,259,"S/G2 phase",1.23509480253167,1.55793031731539
250006512,"YCR085W","","","dma594","Vph1_R1_Plate02",4,12,333,302,"S/G2 phase",1.01109440351995,1.10071806552358
250006516,"YCR085W","","","dma594","Vph1_R1_Plate02",4,12,333,306,"MA-single",-0.712263505005694,-0.695692786027145
250006521,"YCR085W","","","dma594","Vph1_R1_Plate02",4,12,333,311,"S/G2 phase",2.57909719660199,2.23431716313893
250006550,"YCR085W","","","dma594","Vph1_R1_Plate02",4,12,333,341,"S/G2 phase",3.19690474871495,2.69429178828007
250006563,"YCR085W","","","dma594","Vph1_R1_Plate02",4,12,333,354,"T phase",2.45987117777317,2.39342986806078
250006569,"YCR085W","","","dma594","Vph1_R1_Plate02",4,12,333,360,"T phase",6.58581401118257,4.06466574441008
250006577,"YCR085W","","","dma594","Vph1_R1_Plate02",4,12,333,368,"T phase",2.75612977001447,2.4261047985358
250006580,"YCR085W","","","dma594","Vph1_R1_Plate02",4,12,333,372,"S/G2 phase",1.23870771219315,1.61649263232135
250006621,"YCR085W","","","dma594","Vph1_R1_Plate02",4,12,334,33,"S/G2 phase",1.45186938222043,1.28848052832571
250006631,"YCR085W","","","dma594","Vph1_R1_Plate02",4,12,334,44,"S/G2 phase",2.75974267967595,2.29690465073963
250006644,"YCR085W","","","dma594","Vph1_R1_Plate02",4,12,334,58,"S/G2 phase",1.10141714505693,0.953680878385976
250006694,"YCR085W","","","dma594","Vph1_R1_Plate02",4,12,334,108,"S/G2 phase",2.5068390033724,2.32555440861991
250006709,"YCR085W","","","dma594","Vph1_R1_Plate02",4,12,334,123,"S/G2 phase",2.34787097826731,1.95531745485582
250006720,"YCR085W","","","dma594","Vph1_R1_Plate02",4,12,334,134,"S/G2 phase",1.05083640979622,1.17009309906837
250006731,"YCR085W","","","dma594","Vph1_R1_Plate02",4,12,334,146,"G1 phase",-0.994070458601083,-1.12023010734393
250006745,"YCR085W","","","dma594","Vph1_R1_Plate02",4,12,334,160,"S/G2 phase",2.60800047389382,2.08049243005724
250006759,"YCR085W","","","dma594","Vph1_R1_Plate02",4,12,334,174,"S/G2 phase",2.53212937100275,2.47385439500292
250006791,"YCR085W","","","dma594","Vph1_R1_Plate02",4,12,334,208,"T phase",3.4678729733259,2.39769181551405
250006794,"YCR085W","","","dma594","Vph1_R1_Plate02",4,12,334,211,"S/G2 phase",0.599222702111307,0.473343615412569
250006800,"YCR085W","","","dma594","Vph1_R1_Plate02",4,12,334,217,"S/G2 phase",1.67948269089363,1.5280177601897
250006848,"YCR085W","","","dma594","Vph1_R1_Plate02",4,12,334,265,"S/G2 phase",2.72361358306116,2.78276666041172
250006850,"YCR085W","","","dma594","Vph1_R1_Plate02",4,12,334,267,"T phase",1.53135339477298,1.41239270428171
250006855,"YCR085W","","","dma594","Vph1_R1_Plate02",4,12,334,272,"T phase",2.64774248017009,2.22200487049617
250006867,"YCR085W","","","dma594","Vph1_R1_Plate02",4,12,334,284,"T phase",4.00619651288633,3.28899130791606
250006896,"YCR085W","","","dma594","Vph1_R1_Plate02",4,12,334,314,"S/G2 phase",0.602835611772786,0.635218693683758
250006908,"YCR085W","","","dma594","Vph1_R1_Plate02",4,12,334,326,"S/G2 phase",1.88541854159795,1.63006772420952
250006924,"YCR085W","","","dma594","Vph1_R1_Plate02",4,12,334,343,"S/G2 phase",0.866578017060778,1.32668020549941
250006925,"YCR085W","","","dma594","Vph1_R1_Plate02",4,12,334,344,"S/G2 phase",2.27561278503772,1.67631774657271
250006942,"YCR085W","","","dma594","Vph1_R1_Plate02",4,12,334,361,"S/G2 phase",1.23509480253167,1.61649263232135
250006950,"YCR085W","","","dma594","Vph1_R1_Plate02",4,12,334,369,"S/G2 phase",3.91226086168786,3.15426641342122
250006960,"YCR085W","","","dma594","Vph1_R1_Plate02",4,12,334,379,"S/G2 phase",2.24309659808441,2.19082951412507
250006978,"YCR085W","","","dma594","Vph1_R1_Plate02",4,12,334,397,"S/G2 phase",1.42657901459008,1.63961764350295
250006986,"YCR085W","","","dma594","Vph1_R1_Plate02",4,12,334,405,"MA-single",0.0789637108582814,0.0188937369701002
250007009,"YCR085W","","","dma594","Vph1_R1_Plate02",4,12,334,428,"MA phase",0.653416347033497,0.669393198262709
250007021,"YCR085W","","","dma594","Vph1_R1_Plate02",4,12,334,440,"S/G2 phase",1.20619152523984,1.30079282096847
250007040,"YCR085W","","","dma594","Vph1_R1_Plate02",4,12,334,459,"S/G2 phase",2.18890295316222,1.60694271302792
250007088,"YCR085W","","","dma594","Vph1_R1_Plate02",4,12,335,40,"MA-single",-0.636392402114628,-0.722842969803493
250007094,"YCR085W","","","dma594","Vph1_R1_Plate02",4,12,335,46,"T phase",2.14916094688594,2.31324211597715
250007110,"YCR085W","","","dma594","Vph1_R1_Plate02",4,12,335,62,"S/G2 phase",1.37599827932936,1.41365550352712
250007120,"YCR085W","","","dma594","Vph1_R1_Plate02",4,12,335,72,"S/G2 phase",1.14115915133321,1.21634312143157
250007123,"YCR085W","","","dma594","Vph1_R1_Plate02",4,12,335,75,"T phase",0.938836210290365,0.752343323695678
250007130,"YCR085W","","","dma594","Vph1_R1_Plate02",4,12,335,82,"S/G2 phase",2.16361258553186,1.38926769310011
250007137,"YCR085W","","","dma594","Vph1_R1_Plate02",4,12,335,90,"S/G2 phase",2.72361358306116,2.16494212959413
250007163,"YCR085W","","","dma594","Vph1_R1_Plate02",4,12,335,116,"S/G2 phase",2.6983232154308,2.1621797562448
250007195,"YCR085W","","","dma594","Vph1_R1_Plate02",4,12,335,150,"S/G2 phase",1.01470731318143,1.25304322450134
250007245,"YCR085W","","","dma594","Vph1_R1_Plate02",4,12,335,200,"G1 phase",-0.173939965445272,-0.246530879424835
250007265,"YCR085W","","","dma594","Vph1_R1_Plate02",4,12,335,221,"S/G2 phase",0.931610390967406,1.21634312143157
250007292,"YCR085W","","","dma594","Vph1_R1_Plate02",4,12,335,248,"S/G2 phase",1.48438556917375,2.20290503190932
250007298,"YCR085W","","","dma594","Vph1_R1_Plate02",4,12,335,254,"S/G2 phase",-0.231746520028942,0.17800644189195
250007299,"YCR085W","","","dma594","Vph1_R1_Plate02",4,12,335,255,"T phase",4.94194011520947,4.07547846294892
250007349,"YCR085W","","","dma594","Vph1_R1_Plate02",4,12,335,305,"T phase",3.66297009504579,3.03185381156914
250007395,"YCR085W","","","dma594","Vph1_R1_Plate02",4,12,335,352,"S/G2 phase",2.9620656207188,2.4874294868911
250007401,"YCR085W","","","dma594","Vph1_R1_Plate02",4,12,335,358,"S/G2 phase",5.30323108135741,3.98171561897711
250007428,"YCR085W","","","dma594","Vph1_R1_Plate02",4,12,335,386,"T phase",2.97290434970323,2.56635443972932
250007473,"YCR085W","","","dma594","Vph1_R1_Plate02",4,12,336,36,"S/G2 phase",0.548641966850596,1.06251838834988
250007484,"YCR085W","","","dma594","Vph1_R1_Plate02",4,12,336,48,"S/G2 phase",1.13754624167173,1.37971777380669
250007505,"YCR085W","","","dma594","Vph1_R1_Plate02",4,12,336,70,"S/G2 phase",0.667867985679414,1.00821802079719
250007512,"YCR085W","","","dma594","Vph1_R1_Plate02",4,12,336,77,"MA phase",2.21780623045405,1.91861735178605
250007515,"YCR085W","","","dma594","Vph1_R1_Plate02",4,12,336,80,"S/G2 phase",0.396899761068463,0.342643893512477
250007524,"YCR085W","","","dma594","Vph1_R1_Plate02",4,12,336,89,"S/G2 phase",0.310189929192959,0.218968492414988
250007532,"YCR085W","","","dma594","Vph1_R1_Plate02",4,12,336,97,"S/G2 phase",2.03354783771861,1.5280177601897
250007538,"YCR085W","","","dma594","Vph1_R1_Plate02",4,12,336,103,"S/G2 phase",0.169286452395265,0.0867691964109671
250007572,"YCR085W","","","dma594","Vph1_R1_Plate02",4,12,336,138,"T phase",1.8420636256602,2.49697940618452
250007603,"YCR085W","","","dma594","Vph1_R1_Plate02",4,12,336,170,"S/G2 phase",1.19173988659392,1.58508050109174
250007672,"YCR085W","","","dma594","Vph1_R1_Plate02",4,12,336,239,"S/G2 phase",0.935223300628885,1.14294291529203
250007687,"YCR085W","","","dma594","Vph1_R1_Plate02",4,12,336,254,"S/G2 phase",1.87096690295203,1.74569278011751
250007691,"YCR085W","","","dma594","Vph1_R1_Plate02",4,12,336,258,"S/G2 phase",1.43741774357451,2.02745486174995
250007693,"YCR085W","","","dma594","Vph1_R1_Plate02",4,12,336,260,"S/G2 phase",1.34709500203753,1.27893060903228
250007755,"YCR085W","","","dma594","Vph1_R1_Plate02",4,12,336,325,"S/G2 phase",1.45548229188191,1.08714297363541
250007829,"YCR085W","","","dma594","Vph1_R1_Plate02",4,12,336,401,"S/G2 phase",1.70477305852398,2.26422972026462
250011703,"YCR083W","TRX3","","dma595","Vph1_R1_Plate02",4,14,341,22,"S/G2 phase",0.776255275523794,0.915717976070794
250011737,"YCR083W","TRX3","","dma595","Vph1_R1_Plate02",4,14,341,57,"S/G2 phase",4.61316533601486,3.3623915140556
250011776,"YCR083W","TRX3","","dma595","Vph1_R1_Plate02",4,14,341,96,"T phase",2.81754923425962,2.50502975137402
250011802,"YCR083W","TRX3","","dma595","Vph1_R1_Plate02",4,14,341,124,"S/G2 phase",2.20696750146961,1.79746754917938
250011810,"YCR083W","TRX3","","dma595","Vph1_R1_Plate02",4,14,341,132,"S/G2 phase",0.841287649430422,0.659843278969284
250011829,"YCR083W","TRX3","","dma595","Vph1_R1_Plate02",4,14,341,152,"S/G2 phase",1.07973968708806,0.989118182210338
250011831,"YCR083W","TRX3","","dma595","Vph1_R1_Plate02",4,14,341,154,"T phase",4.49755222684752,3.0672911153935
250011853,"YCR083W","TRX3","","dma595","Vph1_R1_Plate02",4,14,341,176,"T phase",5.15510178523676,4.07697803705284
250011857,"YCR083W","TRX3","","dma595","Vph1_R1_Plate02",4,14,341,181,"S/G2 phase",2.36954843623618,1.97441729344267
250011863,"YCR083W","TRX3","","dma595","Vph1_R1_Plate02",4,14,341,188,"S/G2 phase",0.0898024398427194,0.316756508981541
250011877,"YCR083W","TRX3","","dma595","Vph1_R1_Plate02",4,14,341,202,"G1 phase",-0.18839160409119,-0.249293252774173
250011887,"YCR083W","TRX3","","dma595","Vph1_R1_Plate02",4,14,341,213,"MA phase",3.68826046267614,4.5070401050683
250011894,"YCR083W","TRX3","","dma595","Vph1_R1_Plate02",4,14,341,220,"S/G2 phase",1.74090215513878,1.45461755405016
250011902,"YCR083W","TRX3","","dma595","Vph1_R1_Plate02",4,14,341,228,"G1 phase",1.8420636256602,1.11429315741175
250011920,"YCR083W","TRX3","","dma595","Vph1_R1_Plate02",4,14,341,246,"S/G2 phase",2.9620656207188,2.98962896180069
250011921,"YCR083W","TRX3","","dma595","Vph1_R1_Plate02",4,14,341,247,"S/G2 phase",1.45186938222043,1.63283009755886
250011928,"YCR083W","TRX3","","dma595","Vph1_R1_Plate02",4,14,341,255,"S/G2 phase",1.8420636256602,1.60291754043317
250011941,"YCR083W","TRX3","","dma595","Vph1_R1_Plate02",4,14,341,269,"S/G2 phase",3.13187237480833,2.78000428706238
250011948,"YCR083W","TRX3","","dma595","Vph1_R1_Plate02",4,14,341,276,"T phase",5.98968391703848,4.17902800107266
250011949,"YCR083W","TRX3","","dma595","Vph1_R1_Plate02",4,14,341,277,"S/G2 phase",1.10864296437989,1.110267984817
250012008,"YCR083W","TRX3","","dma595","Vph1_R1_Plate02",4,14,342,20,"S/G2 phase",0.566706515157993,0.482893534705994
250012009,"YCR083W","TRX3","","dma595","Vph1_R1_Plate02",4,14,342,21,"S/G2 phase",0.584771063465389,0.9632307976794
250012058,"YCR083W","TRX3","","dma595","Vph1_R1_Plate02",4,14,342,74,"S/G2 phase",4.11097089306923,3.07131628798825
250012172,"YCR083W","TRX3","","dma595","Vph1_R1_Plate02",4,14,342,192,"T phase",1.40128864695972,1.28169298238162
250012184,"YCR083W","TRX3","","dma595","Vph1_R1_Plate02",4,14,342,205,"S/G2 phase",1.09419132573398,1.46140509999424
250012200,"YCR083W","TRX3","","dma595","Vph1_R1_Plate02",4,14,342,221,"S/G2 phase",2.14193512756299,2.332341954564
250012208,"YCR083W","TRX3","","dma595","Vph1_R1_Plate02",4,14,342,229,"G1 phase",-0.238972339351901,-0.186705765173465
250012212,"YCR083W","TRX3","","dma595","Vph1_R1_Plate02",4,14,342,234,"S/G2 phase",1.26038517016203,1.349805216681
250012219,"YCR083W","TRX3","","dma595","Vph1_R1_Plate02",4,14,342,242,"S/G2 phase",0.541416147527637,0.485655908055332
250012278,"YCR083W","TRX3","","dma595","Vph1_R1_Plate02",4,14,343,10,"S/G2 phase",2.69471030576932,2.43991666528249
250012310,"YCR083W","TRX3","","dma595","Vph1_R1_Plate02",4,14,343,42,"S/G2 phase",2.00464456042677,1.99754230462427
250012315,"YCR083W","TRX3","","dma595","Vph1_R1_Plate02",4,14,343,47,"S/G2 phase",2.22864495943849,1.82738010630507
250012331,"YCR083W","TRX3","","dma595","Vph1_R1_Plate02",4,14,343,66,"S/G2 phase",3.25109839363714,2.69026661568532
250012357,"YCR083W","TRX3","","dma595","Vph1_R1_Plate02",4,14,343,95,"MA phase",1.47715974985079,1.57979252925157
250012402,"YCR083W","TRX3","","dma595","Vph1_R1_Plate02",4,14,343,141,"S/G2 phase",1.08696550641102,1.28445535573096
250012412,"YCR083W","TRX3","","dma595","Vph1_R1_Plate02",4,14,343,151,"S/G2 phase",3.29445330957489,2.54599180189706
250012424,"YCR083W","TRX3","","dma595","Vph1_R1_Plate02",4,14,343,163,"S/G2 phase",1.18812697693244,1.30205562021388
250012465,"YCR083W","TRX3","","dma595","Vph1_R1_Plate02",4,14,343,205,"S/G2 phase",2.38761298454358,2.13226719911911
250012490,"YCR083W","TRX3","","dma595","Vph1_R1_Plate02",4,14,343,230,"S/G2 phase",1.74090215513878,1.77434253799779
250012511,"YCR083W","TRX3","","dma595","Vph1_R1_Plate02",4,14,343,251,"S/G2 phase",0.277673742239645,0.673418370857457
250012526,"YCR083W","TRX3","","dma595","Vph1_R1_Plate02",4,14,343,266,"T phase",4.36387456937278,3.57754093549259
250012574,"YCR083W","TRX3","","dma595","Vph1_R1_Plate02",4,14,344,23,"T phase",3.18606601973051,3.19775406243508
250012613,"YCR083W","TRX3","","dma595","Vph1_R1_Plate02",4,14,344,66,"G1 phase",0.299351200208521,-0.0193059402036
250012636,"YCR083W","TRX3","","dma595","Vph1_R1_Plate02",4,14,344,89,"S/G2 phase",1.91793472855127,1.72682971638918
250012672,"YCR083W","TRX3","","dma595","Vph1_R1_Plate02",4,14,344,125,"S/G2 phase",0.974965306905158,1.110267984817
250012677,"YCR083W","TRX3","","dma595","Vph1_R1_Plate02",4,14,344,130,"S/G2 phase",0.931610390967406,1.35659276262509
250012687,"YCR083W","TRX3","","dma595","Vph1_R1_Plate02",4,14,344,140,"S/G2 phase",3.95922868728709,3.08489137987642
250012700,"YCR083W","TRX3","","dma595","Vph1_R1_Plate02",4,14,344,153,"MA phase",1.94322509618162,1.58381770184632
250012711,"YCR083W","TRX3","","dma595","Vph1_R1_Plate02",4,14,344,165,"S/G2 phase",2.40929044251246,1.99477993127493
250012723,"YCR083W","TRX3","","dma595","Vph1_R1_Plate02",4,14,344,178,"S/G2 phase",3.43896969603407,2.87250433178877
250012772,"YCR083W","TRX3","","dma595","Vph1_R1_Plate02",4,14,344,228,"S/G2 phase",0.41496430937586,0.574130780186977
250012775,"YCR083W","TRX3","","dma595","Vph1_R1_Plate02",4,14,344,231,"S/G2 phase",1.34709500203753,1.30481799356322
250012783,"YCR083W","TRX3","","dma595","Vph1_R1_Plate02",4,14,344,239,"S/G2 phase",1.72283760683138,1.66953020062863
250012817,"YCR083W","TRX3","","dma595","Vph1_R1_Plate02",4,14,344,274,"T phase",2.8030975956137,2.90391646301838
250012822,"YCR083W","TRX3","","dma595","Vph1_R1_Plate02",4,14,344,279,"S/G2 phase",3.51122788926366,2.24386708243235
250012845,"YCR083W","TRX3","","dma595","Vph1_R1_Plate02",4,14,344,303,"S/G2 phase",0.0103184272901739,0.0651437593332954
250015453,"YCR082W","AHC2","","dma596","Vph1_R1_Plate02",4,16,349,2,"T phase",3.35587277382004,2.62767912808462
250015467,"YCR082W","AHC2","","dma596","Vph1_R1_Plate02",4,16,349,19,"T phase",3.6954862819991,3.18291617130149
250015491,"YCR082W","AHC2","","dma596","Vph1_R1_Plate02",4,16,349,43,"S/G2 phase",0.328254477500356,1.28445535573096
250015504,"YCR082W","AHC2","","dma596","Vph1_R1_Plate02",4,16,349,58,"S/G2 phase",2.6296779318627,1.99754230462427
250015529,"YCR082W","AHC2","","dma596","Vph1_R1_Plate02",4,16,349,85,"S/G2 phase",2.2792256946992,1.82461773295573
250015543,"YCR082W","AHC2","","dma596","Vph1_R1_Plate02",4,16,349,99,"S/G2 phase",1.92516054787422,2.31324211597715
250015580,"YCR082W","AHC2","","dma596","Vph1_R1_Plate02",4,16,349,136,"S/G2 phase",1.89987018024387,1.64916756279637
250015591,"YCR082W","AHC2","","dma596","Vph1_R1_Plate02",4,16,349,148,"S/G2 phase",4.29161637614319,3.23997891220352
250015602,"YCR082W","AHC2","","dma596","Vph1_R1_Plate02",4,16,349,159,"T phase",1.90709599956683,1.59463042038516
250015613,"YCR082W","AHC2","","dma596","Vph1_R1_Plate02",4,16,349,172,"S/G2 phase",2.62606502220122,2.03976715439272
250015619,"YCR082W","AHC2","","dma596","Vph1_R1_Plate02",4,16,349,178,"S/G2 phase",1.23870771219315,1.95531745485582
250015623,"YCR082W","AHC2","","dma596","Vph1_R1_Plate02",4,16,349,182,"S/G2 phase",3.1354852844698,2.38664232211669
250015661,"YCR082W","AHC2","","dma596","Vph1_R1_Plate02",4,16,350,15,"S/G2 phase",1.22786898320871,1.1333929959986
250015663,"YCR082W","AHC2","","dma596","Vph1_R1_Plate02",4,16,350,17,"T phase",3.44258260569555,2.91749155490656
250015666,"YCR082W","AHC2","","dma596","Vph1_R1_Plate02",4,16,350,20,"S/G2 phase",2.45987117777317,3.06579154128957
250015688,"YCR082W","AHC2","","dma596","Vph1_R1_Plate02",4,16,350,42,"G1 phase",-0.18477869442971,-0.344555670849905
250015938,"YCR082W","AHC2","","dma596","Vph1_R1_Plate02",4,16,351,107,"MA phase",2.20335459180813,1.77434253799778
250015947,"YCR082W","AHC2","","dma596","Vph1_R1_Plate02",4,16,351,116,"T phase",2.74167813136856,3.00194125444345
250016004,"YCR082W","AHC2","","dma596","Vph1_R1_Plate02",4,16,352,5,"S/G2 phase",1.59277285901813,1.60015516708384
250016049,"YCR082W","AHC2","","dma596","Vph1_R1_Plate02",4,16,352,50,"S/G2 phase",2.58632301592494,1.76203024535502
250016066,"YCR082W","AHC2","","dma596","Vph1_R1_Plate02",4,16,352,68,"S/G2 phase",4.55535878143119,4.27026524655364
250016120,"YCR082W","AHC2","","dma596","Vph1_R1_Plate02",4,16,352,125,"S/G2 phase",1.19896570591688,1.60694271302792
250016123,"YCR082W","AHC2","","dma596","Vph1_R1_Plate02",4,16,352,128,"S/G2 phase",1.84928944498316,2.16494212959413
250016139,"YCR082W","AHC2","","dma596","Vph1_R1_Plate02",4,16,352,145,"S/G2 phase",1.60722449766404,1.5591931165608
250016150,"YCR082W","AHC2","","dma596","Vph1_R1_Plate02",4,16,352,157,"S/G2 phase",4.36387456937278,3.13666614893829
250016168,"YCR082W","AHC2","","dma596","Vph1_R1_Plate02",4,16,352,175,"S/G2 phase",2.60077465457086,2.06289216557431
250016174,"YCR082W","AHC2","","dma596","Vph1_R1_Plate02",4,16,352,181,"T phase",2.06245111501044,1.95129228226107
250022546,"YCR079W","PTC6","","dma598","Vph1_R1_Plate02",4,20,365,23,"S/G2 phase",0.180125181379703,0.979568262916912
250022548,"YCR079W","PTC6","","dma598","Vph1_R1_Plate02",4,20,365,25,"S/G2 phase",0.367996483776629,0.473343615412569
250022589,"YCR079W","PTC6","","dma598","Vph1_R1_Plate02",4,20,365,70,"S/G2 phase",0.812384372138588,1.225893040725
250022675,"YCR079W","PTC6","","dma598","Vph1_R1_Plate02",4,20,365,159,"S/G2 phase",1.10503005471841,1.83566722635308
250022806,"YCR079W","PTC6","","dma598","Vph1_R1_Plate02",4,20,365,293,"S/G2 phase",1.07973968708806,1.48729248452518
250022816,"YCR079W","PTC6","","dma598","Vph1_R1_Plate02",4,20,365,304,"MA-single",-0.293165984274091,-0.163580753991866
250022822,"YCR079W","PTC6","","dma598","Vph1_R1_Plate02",4,20,365,310,"T phase",1.37961118899084,1.42723059541529
250022893,"YCR079W","PTC6","","dma598","Vph1_R1_Plate02",4,20,365,384,"T phase",1.91070890922831,1.72256776893591
250022945,"YCR079W","PTC6","","dma598","Vph1_R1_Plate02",4,20,365,438,"S/G2 phase",0.573932334480951,0.847605741771408
250022957,"YCR079W","PTC6","","dma598","Vph1_R1_Plate02",4,20,365,450,"T phase",1.29651426677682,1.0476804972163
250022964,"YCR079W","PTC6","","dma598","Vph1_R1_Plate02",4,20,365,457,"S/G2 phase",1.7192246971699,3.02356669152113
250022969,"YCR079W","PTC6","","dma598","Vph1_R1_Plate02",4,20,365,462,"S/G2 phase",1.45186938222043,1.54711759877655
250023027,"YCR079W","PTC6","","dma598","Vph1_R1_Plate02",4,20,365,521,"S/G2 phase",0.115092807473075,0.338618720917728
250023048,"YCR079W","PTC6","","dma598","Vph1_R1_Plate02",4,20,366,10,"S/G2 phase",1.00386858419699,1.02858065862945
250023059,"YCR079W","PTC6","","dma598","Vph1_R1_Plate02",4,20,366,21,"MA phase",1.78064416141505,2.09556709604934
250023095,"YCR079W","PTC6","","dma598","Vph1_R1_Plate02",4,20,366,58,"S/G2 phase",1.17006242862504,1.52399258759495
250023213,"YCR079W","PTC6","","dma598","Vph1_R1_Plate02",4,20,366,185,"MA phase",2.25754823673032,2.58269190496683
250023214,"YCR079W","PTC6","","dma598","Vph1_R1_Plate02",4,20,366,186,"S/G2 phase",-0.159488326799355,0.0392563748023595
250023258,"YCR079W","PTC6","","dma598","Vph1_R1_Plate02",4,20,366,233,"T phase",3.1535498327772,2.78829140711039
250023272,"YCR079W","PTC6","","dma598","Vph1_R1_Plate02",4,20,366,249,"S/G2 phase",4.0459385191626,3.34479124957268
250023273,"YCR079W","PTC6","","dma598","Vph1_R1_Plate02",4,20,366,250,"S/G2 phase",2.56825846761755,2.1159297338816
250023280,"YCR079W","PTC6","","dma598","Vph1_R1_Plate02",4,20,366,257,"S/G2 phase",2.35148388792879,2.74606655734194
250023310,"YCR079W","PTC6","","dma598","Vph1_R1_Plate02",4,20,366,288,"T phase",2.1563867662089,2.34189187385742
250023399,"YCR079W","PTC6","","dma598","Vph1_R1_Plate02",4,20,366,378,"S/G2 phase",0.602835611772786,0.824480730589811
250023426,"YCR079W","PTC6","","dma598","Vph1_R1_Plate02",4,20,366,405,"S/G2 phase",4.38555202734166,3.68637844545649
250023441,"YCR079W","PTC6","","dma598","Vph1_R1_Plate02",4,20,366,421,"S/G2 phase",0.660642166356455,0.786281053416111
250023514,"YCR079W","PTC6","","dma598","Vph1_R1_Plate02",4,20,366,496,"S/G2 phase",-0.275101435966694,-0.05876841662271
250023530,"YCR079W","PTC6","","dma598","Vph1_R1_Plate02",4,20,366,512,"S/G2 phase",1.59999867834108,1.04491812386696
250023564,"YCR079W","PTC6","","dma598","Vph1_R1_Plate02",4,20,367,7,"S/G2 phase",0.241544645624852,0.684231089396293
250023568,"YCR079W","PTC6","","dma598","Vph1_R1_Plate02",4,20,367,11,"S/G2 phase",1.79870870972245,1.60291754043317
250023585,"YCR079W","PTC6","","dma598","Vph1_R1_Plate02",4,20,367,28,"S/G2 phase",1.43741774357451,2.00432985056836
250023638,"YCR079W","PTC6","","dma598","Vph1_R1_Plate02",4,20,367,83,"S/G2 phase",0.172899362056744,0.433881138993459
250023646,"YCR079W","PTC6","","dma598","Vph1_R1_Plate02",4,20,367,91,"S/G2 phase",2.39122589420506,2.49974177953386
250023736,"YCR079W","PTC6","","dma598","Vph1_R1_Plate02",4,20,367,181,"S/G2 phase",0.776255275523794,0.827243103939148
250023908,"YCR079W","PTC6","","dma598","Vph1_R1_Plate02",4,20,367,361,"T phase",3.51484079892513,2.34189187385742
250023929,"YCR079W","PTC6","","dma598","Vph1_R1_Plate02",4,20,367,383,"MA phase",2.16722549519334,2.15539221030071
250024040,"YCR079W","PTC6","","dma598","Vph1_R1_Plate02",4,20,367,500,"S/G2 phase",-0.0258106693246195,-0.114568358279332
250024065,"YCR079W","PTC6","","dma598","Vph1_R1_Plate02",4,20,367,526,"S/G2 phase",2.63690375118565,2.83177905612425
250024147,"YCR079W","PTC6","","dma598","Vph1_R1_Plate02",4,20,368,68,"S/G2 phase",0.700384172632728,0.820455557995062
250024164,"YCR079W","PTC6","","dma598","Vph1_R1_Plate02",4,20,368,86,"S/G2 phase",1.19896570591688,0.949655705791227
250024185,"YCR079W","PTC6","","dma598","Vph1_R1_Plate02",4,20,368,107,"T phase",3.9411641389797,3.00446685293428
250024232,"YCR079W","PTC6","","dma598","Vph1_R1_Plate02",4,20,368,156,"S/G2 phase",-0.094455952892727,0.433881138993459
250024253,"YCR079W","PTC6","","dma598","Vph1_R1_Plate02",4,20,368,179,"S/G2 phase",1.57832122037221,1.57150540920356
250024267,"YCR079W","PTC6","","dma598","Vph1_R1_Plate02",4,20,368,193,"S/G2 phase",0.25238337460929,0.885805418945108
250024298,"YCR079W","PTC6","","dma598","Vph1_R1_Plate02",4,20,368,224,"S/G2 phase",1.29651426677682,1.21508032218616
250024393,"YCR079W","PTC6","","dma598","Vph1_R1_Plate02",4,20,368,321,"S/G2 phase",0.790706914169712,0.810905638701637
250024403,"YCR079W","PTC6","","dma598","Vph1_R1_Plate02",4,20,368,331,"MA-single",-0.347359629196281,-0.351343216793992
250024407,"YCR079W","PTC6","","dma598","Vph1_R1_Plate02",4,20,368,335,"S/G2 phase",0.494448321928406,0.578155952781725
250024481,"YCR079W","PTC6","","dma598","Vph1_R1_Plate02",4,20,368,409,"S/G2 phase",1.6325148652944,2.26699209361395
250024485,"YCR079W","PTC6","","dma598","Vph1_R1_Plate02",4,20,368,413,"S/G2 phase",1.75174088412322,1.77031736540304
250024497,"YCR079W","PTC6","","dma598","Vph1_R1_Plate02",4,20,368,426,"S/G2 phase",0.172899362056744,0.72519313991933
250024552,"YCR079W","PTC6","","dma598","Vph1_R1_Plate02",4,20,368,482,"S/G2 phase",1.89264436092091,2.2398419098376
250024582,"YCR079W","PTC6","","dma598","Vph1_R1_Plate02",4,20,368,512,"G1 phase",-0.976005910293686,-1.12023010734393
250024607,"YCR079W","PTC6","","dma598","Vph1_R1_Plate02",4,20,368,537,"S/G2 phase",0.465545044636571,0.538693476362615
250027302,"YCR077C","PAT1","","dma599","Vph1_R1_Plate02",4,22,373,114,"MA-single",-0.943489723340372,-1.0480927004498
250027336,"YCR077C","PAT1","","dma599","Vph1_R1_Plate02",4,22,373,149,"MA-single",-1.28671614118091,-1.43190474610206
250027354,"YCR077C","PAT1","","dma599","Vph1_R1_Plate02",4,22,373,167,"S/G2 phase",-0.0474881272934955,0.0611185867385471
250027462,"YCR077C","PAT1","","dma599","Vph1_R1_Plate02",4,22,373,276,"MA-single",-0.762844240266405,-0.744705181739681
250027508,"YCR077C","PAT1","","dma599","Vph1_R1_Plate02",4,22,373,323,"MA-single",-1.25058704456612,-1.34745504656517
250027540,"YCR077C","PAT1","","dma599","Vph1_R1_Plate02",4,22,373,356,"S/G2 phase",1.73367633581582,1.83693002559849
250027562,"YCR077C","PAT1","","dma599","Vph1_R1_Plate02",4,22,373,378,"S/G2 phase",1.02915895182735,1.3116055395073
250027606,"YCR077C","PAT1","","dma599","Vph1_R1_Plate02",4,22,373,425,"MA-single",-1.25781286388907,-1.47815476846526
250027630,"YCR077C","PAT1","","dma599","Vph1_R1_Plate02",4,22,373,449,"MA-single",-0.990457548939604,-1.16648012970713
250027716,"YCR077C","PAT1","","dma599","Vph1_R1_Plate02",4,22,373,537,"G1 phase",0.570319424819472,0.222993665009735
250027744,"YCR077C","PAT1","","dma599","Vph1_R1_Plate02",4,22,373,566,"T phase",1.88180563193647,1.72659294153066
250027787,"YCR077C","PAT1","","dma599","Vph1_R1_Plate02",4,22,373,612,"MA-single",-1.14219975472174,-1.36655488515202
250027809,"YCR077C","PAT1","","dma599","Vph1_R1_Plate02",4,22,374,13,"G1 phase",-0.965167181309248,-1.12023010734393
250027813,"YCR077C","PAT1","","dma599","Vph1_R1_Plate02",4,22,374,17,"T phase",2.10580603094819,1.55516794396605
250027826,"YCR077C","PAT1","","dma599","Vph1_R1_Plate02",4,22,374,30,"G1 phase",-0.434069461071785,-0.381255773919677
250027827,"YCR077C","PAT1","","dma599","Vph1_R1_Plate02",4,22,374,31,"S/G2 phase",0.960513668259241,1.57703015590224
250027842,"YCR077C","PAT1","","dma599","Vph1_R1_Plate02",4,22,374,48,"S/G2 phase",1.10141714505693,1.31034274026189
250027852,"YCR077C","PAT1","","dma599","Vph1_R1_Plate02",4,22,374,59,"T phase",2.26477405605328,2.32808000711074
250027862,"YCR077C","PAT1","","dma599","Vph1_R1_Plate02",4,22,374,71,"G1 phase",-0.524392202608769,-0.637130471021186
250027864,"YCR077C","PAT1","","dma599","Vph1_R1_Plate02",4,22,374,73,"S/G2 phase",1.02554604216587,1.34428046998233
250027915,"YCR077C","PAT1","","dma599","Vph1_R1_Plate02",4,22,374,126,"S/G2 phase",1.8601281739676,1.35659276262509
250027930,"YCR077C","PAT1","","dma599","Vph1_R1_Plate02",4,22,374,141,"G1 phase",-0.513553473624331,-0.495618030582257
250027932,"YCR077C","PAT1","","dma599","Vph1_R1_Plate02",4,22,374,144,"MA-single",-0.564134208885041,-0.511955495819769
250027958,"YCR077C","PAT1","","dma599","Vph1_R1_Plate02",4,22,374,170,"S/G2 phase",-0.307617622920008,-0.0260934861476869
250028032,"YCR077C","PAT1","","dma599","Vph1_R1_Plate02",4,22,374,247,"S/G2 phase",0.216254277994496,0.492443453999419
250028052,"YCR077C","PAT1","","dma599","Vph1_R1_Plate02",4,22,374,268,"T phase",5.812651343626,3.83744080518885
250028145,"YCR077C","PAT1","","dma599","Vph1_R1_Plate02",4,22,374,364,"G1 phase",-0.921812265371496,-1.08353000427416
250028191,"YCR077C","PAT1","","dma599","Vph1_R1_Plate02",4,22,374,410,"MA-single",-0.925425175032975,-0.999080304737263
250028275,"YCR077C","PAT1","","dma599","Vph1_R1_Plate02",4,22,374,500,"S/G2 phase",0.559480695835034,0.94286815984714
250028289,"YCR077C","PAT1","","dma599","Vph1_R1_Plate02",4,22,374,515,"MA-single",-0.925425175032975,-1.00863022403069
250028292,"YCR077C","PAT1","","dma599","Vph1_R1_Plate02",4,22,374,519,"S/G2 phase",0.30296410987,0.565843660138963
250028334,"YCR077C","PAT1","","dma599","Vph1_R1_Plate02",4,22,374,561,"MA phase",0.808771462477108,0.827243103939148
250028341,"YCR077C","PAT1","","dma599","Vph1_R1_Plate02",4,22,375,1,"MA-single",-0.593037486176876,-0.588118075308651
250028343,"YCR077C","PAT1","","dma599","Vph1_R1_Plate02",4,22,375,3,"S/G2 phase",0.570319424819472,0.594493418019237
250028346,"YCR077C","PAT1","","dma599","Vph1_R1_Plate02",4,22,375,7,"S/G2 phase",1.61083740732552,1.6355924709082
250028357,"YCR077C","PAT1","","dma599","Vph1_R1_Plate02",4,22,375,18,"MA-single",-0.723102233990132,-0.739180435041005
250028359,"YCR077C","PAT1","","dma599","Vph1_R1_Plate02",4,22,375,20,"MA-single",-0.46297273836362,-0.502405576526345
250028370,"YCR077C","PAT1","","dma599","Vph1_R1_Plate02",4,22,375,33,"S/G2 phase",0.841287649430422,0.752343323695677
250028372,"YCR077C","PAT1","","dma599","Vph1_R1_Plate02",4,22,375,35,"S/G2 phase",-0.101681772215686,-0.144480915405017
250028381,"YCR077C","PAT1","","dma599","Vph1_R1_Plate02",4,22,375,45,"MA-single",-0.278714345628173,-0.367680682031503
250028416,"YCR077C","PAT1","","dma599","Vph1_R1_Plate02",4,22,375,81,"S/G2 phase",1.03277186148883,1.60015516708383
250028445,"YCR077C","PAT1","","dma599","Vph1_R1_Plate02",4,22,375,110,"S/G2 phase",0.0717378915353227,0.243356302841997
250028475,"YCR077C","PAT1","","dma599","Vph1_R1_Plate02",4,22,375,141,"MA phase",1.17367533828652,0.96196799843399
250028519,"YCR077C","PAT1","","dma599","Vph1_R1_Plate02",4,22,375,186,"S/G2 phase",1.04361059047327,1.11429315741175
250028541,"YCR077C","PAT1","","dma599","Vph1_R1_Plate02",4,22,375,211,"MA-single",-1.20000630930541,-1.33387995467699
250028565,"YCR077C","PAT1","","dma599","Vph1_R1_Plate02",4,22,375,236,"S/G2 phase",1.78064416141505,2.03021723509929
250028593,"YCR077C","PAT1","","dma599","Vph1_R1_Plate02",4,22,375,264,"G1 phase",-0.658069860083504,-0.785430457404201
250028600,"YCR077C","PAT1","","dma599","Vph1_R1_Plate02",4,22,375,271,"S/G2 phase",1.20980443490132,1.08990534698474
250028674,"YCR077C","PAT1","","dma599","Vph1_R1_Plate02",4,22,375,348,"S/G2 phase",0.288512471224083,0.221494090905809
250028712,"YCR077C","PAT1","","dma599","Vph1_R1_Plate02",4,22,375,388,"S/G2 phase",1.22064316388575,1.58255490260091
250028788,"YCR077C","PAT1","","dma599","Vph1_R1_Plate02",4,22,375,469,"T phase",3.25471130329862,3.23319136625943
250028794,"YCR077C","PAT1","","dma599","Vph1_R1_Plate02",4,22,375,476,"G1 phase",-0.603876215161314,-0.676592947440296
250028842,"YCR077C","PAT1","","dma599","Vph1_R1_Plate02",4,22,375,529,"MA-single",-1.2180708576128,-1.30672977090064
250028876,"YCR077C","PAT1","","dma599","Vph1_R1_Plate02",4,22,375,564,"G1 phase",-0.0438752176320162,-0.0205687394490114
250028909,"YCR077C","PAT1","","dma599","Vph1_R1_Plate02",4,22,375,599,"T phase",0.989416945551075,0.915717976070794
250028913,"YCR077C","PAT1","","dma599","Vph1_R1_Plate02",4,22,375,603,"MA-single",-0.831489523834513,-0.939255190485893
250029010,"YCR077C","PAT1","","dma599","Vph1_R1_Plate02",4,22,376,67,"S/G2 phase",0.657029256694976,1.16606792647363
250029027,"YCR077C","PAT1","","dma599","Vph1_R1_Plate02",4,22,376,84,"G1 phase",-0.813424975527116,-0.936492817136555
250029054,"YCR077C","PAT1","","dma599","Vph1_R1_Plate02",4,22,376,111,"S/G2 phase",0.899094204014092,1.48855528377059
250029066,"YCR077C","PAT1","","dma599","Vph1_R1_Plate02",4,22,376,123,"MA-single",-1.40955506967121,-1.6360046741417
250029135,"YCR077C","PAT1","","dma599","Vph1_R1_Plate02",4,22,376,196,"G1 phase",-0.806199156204157,-0.939255190485893
250029152,"YCR077C","PAT1","","dma599","Vph1_R1_Plate02",4,22,376,214,"MA phase",0.819610191461546,0.955180452489904
250029207,"YCR077C","PAT1","","dma599","Vph1_R1_Plate02",4,22,376,269,"S/G2 phase",2.30090315266808,2.00835502316311
250029238,"YCR077C","PAT1","","dma599","Vph1_R1_Plate02",4,22,376,302,"T phase",0.978578216566637,1.06125558910447
250029312,"YCR077C","PAT1","","dma599","Vph1_R1_Plate02",4,22,376,378,"G1 phase",-0.690586047036818,-0.646680390314611
250029352,"YCR077C","PAT1","","dma599","Vph1_R1_Plate02",4,22,376,420,"G1 phase",-0.600263305499835,-0.540605253700043
250029424,"YCR077C","PAT1","","dma599","Vph1_R1_Plate02",4,22,376,499,"S/G2 phase",0.364383574115149,0.670655997508119
250029438,"YCR077C","PAT1","","dma599","Vph1_R1_Plate02",4,22,376,513,"S/G2 phase",0.281286651901125,0.587705872075151
250037014,"YDL051W","LHP1","","dma641","Vph1_R1_Plate02",12,10,1093,17,"S/G2 phase",0.826836010784505,1.47221781853308
250037030,"YDL051W","LHP1","","dma641","Vph1_R1_Plate02",12,10,1093,34,"S/G2 phase",1.03277186148883,0.965993171028738
250037075,"YDL051W","LHP1","","dma641","Vph1_R1_Plate02",12,10,1093,80,"S/G2 phase",1.62528904597144,1.86005503678009
250037091,"YDL051W","LHP1","","dma641","Vph1_R1_Plate02",12,10,1093,97,"T phase",2.90425906613513,2.32279203527057
250037110,"YDL051W","LHP1","","dma641","Vph1_R1_Plate02",12,10,1093,117,"S/G2 phase",1.13032042234877,0.998668101503762
250037116,"YDL051W","LHP1","","dma641","Vph1_R1_Plate02",12,10,1093,123,"S/G2 phase",2.0696769343334,1.85729266343075
250037118,"YDL051W","LHP1","","dma641","Vph1_R1_Plate02",12,10,1093,125,"S/G2 phase",2.59716174490938,1.83014247965441
250037134,"YDL051W","LHP1","","dma641","Vph1_R1_Plate02",12,10,1093,141,"T phase",2.14554803722446,2.78829140711039
250037194,"YDL051W","LHP1","","dma641","Vph1_R1_Plate02",12,10,1093,202,"S/G2 phase",1.16644951896356,1.59865559297991
250037206,"YDL051W","LHP1","","dma641","Vph1_R1_Plate02",12,10,1093,216,"S/G2 phase",1.31457881508422,1.10071806552358
250037226,"YDL051W","LHP1","","dma641","Vph1_R1_Plate02",12,10,1093,236,"S/G2 phase",2.30451606232956,2.32831678196925
250037247,"YDL051W","LHP1","","dma641","Vph1_R1_Plate02",12,10,1093,257,"S/G2 phase",1.66864396190919,1.41239270428171
250037297,"YDL051W","LHP1","","dma641","Vph1_R1_Plate02",12,10,1093,310,"S/G2 phase",0.508899960574323,0.526381183719853
250037316,"YDL051W","LHP1","","dma641","Vph1_R1_Plate02",12,10,1093,329,"MA-single",-0.228133610367463,-0.148742862858281
250037319,"YDL051W","LHP1","","dma641","Vph1_R1_Plate02",12,10,1093,332,"T phase",0.729287449924563,0.847605741771408
250037349,"YDL051W","LHP1","","dma641","Vph1_R1_Plate02",12,10,1093,364,"S/G2 phase",3.34503404483561,3.16657870606397
250037442,"YDL051W","LHP1","","dma641","Vph1_R1_Plate02",12,10,1093,462,"MA phase",1.73367633581582,1.63961764350294
250037500,"YDL051W","LHP1","","dma641","Vph1_R1_Plate02",12,10,1094,55,"S/G2 phase",0.985804035889596,1.07206830764331
250037552,"YDL051W","LHP1","","dma641","Vph1_R1_Plate02",12,10,1094,108,"S/G2 phase",0.85212637841486,1.07759305434198
250037620,"YDL051W","LHP1","","dma641","Vph1_R1_Plate02",12,10,1094,178,"S/G2 phase",-0.531618021931727,-0.324193033017644
250037659,"YDL051W","LHP1","","dma641","Vph1_R1_Plate02",12,10,1094,219,"S/G2 phase",1.86374108362908,1.22739261482892
250037711,"YDL051W","LHP1","","dma641","Vph1_R1_Plate02",12,10,1094,273,"S/G2 phase",-0.0836172239082889,0.137281166227429
250037712,"YDL051W","LHP1","","dma641","Vph1_R1_Plate02",12,10,1094,274,"S/G2 phase",0.223480097317455,0.206656199772224
250037778,"YDL051W","LHP1","","dma641","Vph1_R1_Plate02",12,10,1094,342,"S/G2 phase",0.41496430937586,0.490943879895492
250037783,"YDL051W","LHP1","","dma641","Vph1_R1_Plate02",12,10,1094,347,"S/G2 phase",2.65496829949305,2.07370488411315
250037792,"YDL051W","LHP1","","dma641","Vph1_R1_Plate02",12,10,1094,356,"MA phase",0.938836210290365,1.04089295127221
250037846,"YDL051W","LHP1","","dma641","Vph1_R1_Plate02",12,10,1094,410,"S/G2 phase",0.219867187655976,0.760630443743691
250037847,"YDL051W","LHP1","","dma641","Vph1_R1_Plate02",12,10,1094,411,"T phase",2.73806522170708,2.44394183787724
250037849,"YDL051W","LHP1","","dma641","Vph1_R1_Plate02",12,10,1094,413,"S/G2 phase",2.21058041113109,1.52399258759495
250037865,"YDL051W","LHP1","","dma641","Vph1_R1_Plate02",12,10,1094,429,"S/G2 phase",-0.00774612101722277,-0.227431040837986
250037896,"YDL051W","LHP1","","dma641","Vph1_R1_Plate02",12,10,1095,20,"T phase",1.67948269089363,1.40686795758304
250037947,"YDL051W","LHP1","","dma641","Vph1_R1_Plate02",12,10,1095,72,"S/G2 phase",0.711222901617166,0.584943498725812
250037956,"YDL051W","LHP1","","dma641","Vph1_R1_Plate02",12,10,1095,81,"S/G2 phase",4.10374507374627,2.87124153254336
250037987,"YDL051W","LHP1","","dma641","Vph1_R1_Plate02",12,10,1095,113,"S/G2 phase",0.0825766205197608,0.650293359675858
250038023,"YDL051W","LHP1","","dma641","Vph1_R1_Plate02",12,10,1095,149,"T phase",2.16722549519334,2.29287947814489
250038031,"YDL051W","LHP1","","dma641","Vph1_R1_Plate02",12,10,1095,157,"S/G2 phase",2.34064515894435,2.17046687629281
250038054,"YDL051W","LHP1","","dma641","Vph1_R1_Plate02",12,10,1095,180,"S/G2 phase",1.08696550641102,0.995905728154424
250038186,"YDL051W","LHP1","","dma641","Vph1_R1_Plate02",12,10,1095,314,"S/G2 phase",-0.358198358180719,0.104606235752405
250038203,"YDL051W","LHP1","","dma641","Vph1_R1_Plate02",12,10,1095,331,"S/G2 phase",1.11225587404137,1.28998010242963
250038305,"YDL051W","LHP1","","dma641","Vph1_R1_Plate02",12,10,1096,48,"S/G2 phase",1.39406282763676,1.65595510874045
250038311,"YDL051W","LHP1","","dma641","Vph1_R1_Plate02",12,10,1096,54,"T phase",3.01264635597951,2.69429178828007
250038356,"YDL051W","LHP1","","dma641","Vph1_R1_Plate02",12,10,1096,102,"S/G2 phase",1.40128864695972,1.43551771546331
250038361,"YDL051W","LHP1","","dma641","Vph1_R1_Plate02",12,10,1096,108,"S/G2 phase",0.960513668259241,1.11981790411043
250038407,"YDL051W","LHP1","","dma641","Vph1_R1_Plate02",12,10,1096,159,"S/G2 phase",1.04722350013474,1.16054317977495
250038414,"YDL051W","LHP1","","dma641","Vph1_R1_Plate02",12,10,1096,166,"S/G2 phase",2.79948468595223,2.73099189134985
250038421,"YDL051W","LHP1","","dma641","Vph1_R1_Plate02",12,10,1096,173,"S/G2 phase",0.458319225313612,0.789043426765449
250038426,"YDL051W","LHP1","","dma641","Vph1_R1_Plate02",12,10,1096,178,"S/G2 phase",1.71199887784694,1.2640927178987
250038445,"YDL051W","LHP1","","dma641","Vph1_R1_Plate02",12,10,1096,197,"S/G2 phase",1.65057941360179,1.71175505039708
250038462,"YDL051W","LHP1","","dma641","Vph1_R1_Plate02",12,10,1096,214,"S/G2 phase",4.20851945392917,3.3774661800477
250038535,"YDL051W","LHP1","","dma641","Vph1_R1_Plate02",12,10,1096,290,"T phase",1.27122389914646,1.24901805190659
250038552,"YDL051W","LHP1","","dma641","Vph1_R1_Plate02",12,10,1096,307,"S/G2 phase",0.606448521434265,0.840818195827322
250038584,"YDL051W","LHP1","","dma641","Vph1_R1_Plate02",12,10,1096,341,"S/G2 phase",3.14271110379276,2.66990397785306
250038585,"YDL051W","LHP1","","dma641","Vph1_R1_Plate02",12,10,1096,342,"T phase",1.9468380058431,1.2178426955355
250038608,"YDL051W","LHP1","","dma641","Vph1_R1_Plate02",12,10,1096,366,"S/G2 phase",-0.267875616643735,0.190318734534712
250038694,"YDL051W","LHP1","","dma641","Vph1_R1_Plate02",12,10,1096,455,"S/G2 phase",3.19690474871495,2.7269667187551
250038707,"YDL051W","LHP1","","dma641","Vph1_R1_Plate02",12,10,1096,468,"S/G2 phase",1.62167613630996,1.80149272177413
250041906,"YDL048C","STP4","","dma642","Vph1_R1_Plate02",12,12,1101,1,"S/G2 phase",2.19974168214665,2.10235464199343
250041930,"YDL048C","STP4","","dma642","Vph1_R1_Plate02",12,12,1101,25,"S/G2 phase",2.04438656670304,1.59336762113975
250041932,"YDL048C","STP4","","dma642","Vph1_R1_Plate02",12,12,1101,27,"S/G2 phase",1.84928944498316,1.89272996725511
250042004,"YDL048C","STP4","","dma642","Vph1_R1_Plate02",12,12,1101,102,"S/G2 phase",1.3001271764383,1.31034274026189
250042022,"YDL048C","STP4","","dma642","Vph1_R1_Plate02",12,12,1101,120,"MA phase",1.3001271764383,1.62328017826543
250042113,"YDL048C","STP4","","dma642","Vph1_R1_Plate02",12,12,1101,211,"S/G2 phase",0.436641767344736,0.773968760773349
250042121,"YDL048C","STP4","","dma642","Vph1_R1_Plate02",12,12,1101,219,"S/G2 phase",-0.390714545134033,-0.47375581864607
250042125,"YDL048C","STP4","","dma642","Vph1_R1_Plate02",12,12,1101,223,"S/G2 phase",1.96851546381198,1.82461773295573
250042153,"YDL048C","STP4","","dma642","Vph1_R1_Plate02",12,12,1101,253,"S/G2 phase",0.03199588525905,0.292368698554531
250042192,"YDL048C","STP4","","dma642","Vph1_R1_Plate02",12,12,1101,293,"S/G2 phase",0.682319624325331,1.14294291529203
250042202,"YDL048C","STP4","","dma642","Vph1_R1_Plate02",12,12,1101,303,"S/G2 phase",1.13754624167173,1.40008041163895
250042203,"YDL048C","STP4","","dma642","Vph1_R1_Plate02",12,12,1101,304,"S/G2 phase",2.12387057925559,1.89399276650053
250042248,"YDL048C","STP4","","dma642","Vph1_R1_Plate02",12,12,1101,349,"S/G2 phase",3.22580802600679,2.17851722148231
250042249,"YDL048C","STP4","","dma642","Vph1_R1_Plate02",12,12,1101,350,"S/G2 phase",1.65419232326327,1.80701746847281
250042340,"YDL048C","STP4","","dma642","Vph1_R1_Plate02",12,12,1101,447,"MA-single",-0.929038084694455,-0.995055132142514
250042381,"YDL048C","STP4","","dma642","Vph1_R1_Plate02",12,12,1101,490,"G1 phase",-0.199230333075628,-0.239743333480748
250042419,"YDL048C","STP4","","dma642","Vph1_R1_Plate02",12,12,1102,28,"S/G2 phase",0.440254677006216,0.824480730589811
250042454,"YDL048C","STP4","","dma642","Vph1_R1_Plate02",12,12,1102,66,"T phase",3.26916294194454,2.35144179315085
250042458,"YDL048C","STP4","","dma642","Vph1_R1_Plate02",12,12,1102,70,"T phase",1.23509480253167,1.16606792647363
250042460,"YDL048C","STP4","","dma642","Vph1_R1_Plate02",12,12,1102,74,"S/G2 phase",0.183738091041182,0.349431439456564
250042493,"YDL048C","STP4","","dma642","Vph1_R1_Plate02",12,12,1102,107,"S/G2 phase",1.24593353151611,1.39053049234552
250042526,"YDL048C","STP4","","dma642","Vph1_R1_Plate02",12,12,1102,140,"T phase",2.26477405605328,1.69541758515957
250042530,"YDL048C","STP4","","dma642","Vph1_R1_Plate02",12,12,1102,144,"S/G2 phase",1.0544493194577,1.03813057792287
250042563,"YDL048C","STP4","","dma642","Vph1_R1_Plate02",12,12,1102,178,"S/G2 phase",0.277673742239645,0.40949332856645
250042570,"YDL048C","STP4","","dma642","Vph1_R1_Plate02",12,12,1102,185,"T phase",1.31096590542274,1.13741816859335
250042577,"YDL048C","STP4","","dma642","Vph1_R1_Plate02",12,12,1102,193,"T phase",3.30890494822081,3.46444147807542
250042598,"YDL048C","STP4","","dma642","Vph1_R1_Plate02",12,12,1102,215,"S/G2 phase",0.888255475029654,1.53756767948313
250042609,"YDL048C","STP4","","dma642","Vph1_R1_Plate02",12,12,1102,226,"S/G2 phase",1.21341734456279,1.27364263719212
250042622,"YDL048C","STP4","","dma642","Vph1_R1_Plate02",12,12,1102,240,"S/G2 phase",1.33625627305309,1.44783000810607
250042638,"YDL048C","STP4","","dma642","Vph1_R1_Plate02",12,12,1102,256,"S/G2 phase",3.21496929702235,2.82901668277491
250042641,"YDL048C","STP4","","dma642","Vph1_R1_Plate02",12,12,1102,259,"T phase",2.48516154540352,2.47385439500293
250042682,"YDL048C","STP4","","dma642","Vph1_R1_Plate02",12,12,1102,302,"T phase",2.19612877248518,2.34867941980151
250042703,"YDL048C","STP4","","dma642","Vph1_R1_Plate02",12,12,1102,324,"S/G2 phase",1.5277404851115,1.64640518944703
250042711,"YDL048C","STP4","","dma642","Vph1_R1_Plate02",12,12,1102,332,"G1 phase",-0.654456950422025,-0.841230399060823
250042716,"YDL048C","STP4","","dma642","Vph1_R1_Plate02",12,12,1102,337,"T phase",1.80232161938393,2.0696797115184
250042721,"YDL048C","STP4","","dma642","Vph1_R1_Plate02",12,12,1102,342,"S/G2 phase",1.23148189287019,1.33749292403824
250042752,"YDL048C","STP4","","dma642","Vph1_R1_Plate02",12,12,1102,373,"S/G2 phase",1.34348209237605,1.76479261870436
250042755,"YDL048C","STP4","","dma642","Vph1_R1_Plate02",12,12,1102,376,"T phase",0.649803437372017,1.1796430183618
250042761,"YDL048C","STP4","","dma642","Vph1_R1_Plate02",12,12,1102,382,"S/G2 phase",2.46709699709613,1.99880510386968
250042766,"YDL048C","STP4","","dma642","Vph1_R1_Plate02",12,12,1102,387,"S/G2 phase",0.938836210290365,1.29526807426979
250042806,"YDL048C","STP4","","dma642","Vph1_R1_Plate02",12,12,1102,429,"S/G2 phase",0.732900359586042,0.86796837960367
250042889,"YDL048C","STP4","","dma642","Vph1_R1_Plate02",12,12,1103,78,"S/G2 phase",2.04799947636452,1.7675549920537
250042922,"YDL048C","STP4","","dma642","Vph1_R1_Plate02",12,12,1103,114,"G1 phase",-0.206456152398587,0.0460439207464463
250042996,"YDL048C","STP4","","dma642","Vph1_R1_Plate02",12,12,1103,189,"S/G2 phase",0.335480296823315,0.688493036849558
250043002,"YDL048C","STP4","","dma642","Vph1_R1_Plate02",12,12,1103,195,"S/G2 phase",0.288512471224083,0.61083088325675
250043037,"YDL048C","STP4","","dma642","Vph1_R1_Plate02",12,12,1103,230,"G1 phase",-0.231746520028942,-0.265630718011685
250043092,"YDL048C","STP4","","dma642","Vph1_R1_Plate02",12,12,1103,287,"G1 phase",-0.614714944145752,-0.551417972238879
250043093,"YDL048C","STP4","","dma642","Vph1_R1_Plate02",12,12,1103,288,"S/G2 phase",1.05083640979622,1.05170566981105
250043108,"YDL048C","STP4","","dma642","Vph1_R1_Plate02",12,12,1103,303,"S/G2 phase",1.0725138677651,1.23544296001842
250043144,"YDL048C","STP4","","dma642","Vph1_R1_Plate02",12,12,1103,339,"T phase",2.90787197579661,2.88757899778087
250043177,"YDL048C","STP4","","dma642","Vph1_R1_Plate02",12,12,1103,373,"S/G2 phase",1.90348308990535,1.61096788562267
250043199,"YDL048C","STP4","","dma642","Vph1_R1_Plate02",12,12,1103,396,"S/G2 phase",2.38761298454358,1.86281741012943
250043233,"YDL048C","STP4","","dma642","Vph1_R1_Plate02",12,12,1104,11,"S/G2 phase",1.05083640979622,1.1333929959986
250043244,"YDL048C","STP4","","dma642","Vph1_R1_Plate02",12,12,1104,23,"S/G2 phase",3.48232461197182,2.24386708243235
250043279,"YDL048C","STP4","","dma642","Vph1_R1_Plate02",12,12,1104,59,"S/G2 phase",1.00748149385847,1.72809251563459
250043303,"YDL048C","STP4","","dma642","Vph1_R1_Plate02",12,12,1104,84,"S/G2 phase",1.19173988659392,1.38374294640144
250043318,"YDL048C","STP4","","dma642","Vph1_R1_Plate02",12,12,1104,99,"S/G2 phase",0.147608994426389,0.25693139473017
250043326,"YDL048C","STP4","","dma642","Vph1_R1_Plate02",12,12,1104,108,"S/G2 phase",-0.213681971721545,-0.109043611580656
250043350,"YDL048C","STP4","","dma642","Vph1_R1_Plate02",12,12,1104,132,"T phase",1.7372892454773,1.79746754917938
250043379,"YDL048C","STP4","","dma642","Vph1_R1_Plate02",12,12,1104,161,"S/G2 phase",3.24387257431418,2.52286679071546
250043441,"YDL048C","STP4","","dma642","Vph1_R1_Plate02",12,12,1104,225,"S/G2 phase",0.588383973126869,0.627168348494261
250043557,"YDL048C","STP4","","dma642","Vph1_R1_Plate02",12,12,1104,344,"S/G2 phase",3.5907119018162,3.65646588833081
250043559,"YDL048C","STP4","","dma642","Vph1_R1_Plate02",12,12,1104,346,"S/G2 phase",1.33625627305309,1.1796430183618
250043572,"YDL048C","STP4","","dma642","Vph1_R1_Plate02",12,12,1104,359,"S/G2 phase",4.33135838241947,3.03461618491847
250043592,"YDL048C","STP4","","dma642","Vph1_R1_Plate02",12,12,1104,379,"T phase",3.05238836225578,2.77597911446763
250043640,"YDL048C","STP4","","dma642","Vph1_R1_Plate02",12,12,1104,427,"S/G2 phase",1.79870870972245,1.78791762988596
250046300,"YDL050C","","","dma643","Vph1_R1_Plate02",12,14,1109,164,"S/G2 phase",1.47354684018931,1.48579291042125
250046384,"YDL050C","","","dma643","Vph1_R1_Plate02",12,14,1109,248,"G1 phase",0.458319225313612,0.3753188239875
250046392,"YDL050C","","","dma643","Vph1_R1_Plate02",12,14,1109,257,"S/G2 phase",0.440254677006216,0.432618339748049
250046502,"YDL050C","","","dma643","Vph1_R1_Plate02",12,14,1109,368,"T phase",2.10941894060967,2.43991666528249
250046508,"YDL050C","","","dma643","Vph1_R1_Plate02",12,14,1109,374,"T phase",3.43535678637259,2.92704147419998
250046509,"YDL050C","","","dma643","Vph1_R1_Plate02",12,14,1109,375,"MA phase",1.36515955034493,1.77710491134712
250046521,"YDL050C","","","dma643","Vph1_R1_Plate02",12,14,1109,387,"S/G2 phase",1.09780423539546,1.03410540532812
250046591,"YDL050C","","","dma643","Vph1_R1_Plate02",12,14,1110,26,"MA-single",-0.238972339351901,-0.390805693213102
250046595,"YDL050C","","","dma643","Vph1_R1_Plate02",12,14,1110,32,"S/G2 phase",1.68309560055511,1.83969239894783
250046610,"YDL050C","","","dma643","Vph1_R1_Plate02",12,14,1110,47,"S/G2 phase",2.66941993813897,2.15941738289546
250046612,"YDL050C","","","dma643","Vph1_R1_Plate02",12,14,1110,49,"S/G2 phase",2.91509779511956,2.02066731580587
250046638,"YDL050C","","","dma643","Vph1_R1_Plate02",12,14,1110,77,"G1 phase",-0.105294681877165,-0.0464561239799478
250046665,"YDL050C","","","dma643","Vph1_R1_Plate02",12,14,1110,107,"T phase",3.72438955929094,2.94740411203224
250046675,"YDL050C","","","dma643","Vph1_R1_Plate02",12,14,1110,118,"S/G2 phase",3.30890494822081,2.74054181064327
250046690,"YDL050C","","","dma643","Vph1_R1_Plate02",12,14,1110,133,"S/G2 phase",0.58115815380391,0.665131250809444
250046704,"YDL050C","","","dma643","Vph1_R1_Plate02",12,14,1110,148,"S/G2 phase",1.80232161938393,1.57024260995815
250046734,"YDL050C","","","dma643","Vph1_R1_Plate02",12,14,1110,180,"T phase",4.24103564088248,3.17060387865873
250046768,"YDL050C","","","dma643","Vph1_R1_Plate02",12,14,1110,216,"S/G2 phase",3.18967892939199,2.88884179702628
250046778,"YDL050C","","","dma643","Vph1_R1_Plate02",12,14,1110,226,"S/G2 phase",5.30684399101889,4.22804039678519
250046802,"YDL050C","","","dma643","Vph1_R1_Plate02",12,14,1110,250,"S/G2 phase",2.39122589420506,2.43715429193315
250046824,"YDL050C","","","dma643","Vph1_R1_Plate02",12,14,1110,272,"G1 phase",1.27844971846942,0.821718357240473
250046835,"YDL050C","","","dma643","Vph1_R1_Plate02",12,14,1110,283,"S/G2 phase",0.80154564315415,0.858418460310244
250046890,"YDL050C","","","dma643","Vph1_R1_Plate02",12,14,1110,340,"S/G2 phase",1.28567553779238,1.48176773782651
250046908,"YDL050C","","","dma643","Vph1_R1_Plate02",12,14,1110,359,"S/G2 phase",3.5040020699407,2.91749155490656
250046940,"YDL050C","","","dma643","Vph1_R1_Plate02",12,14,1110,391,"S/G2 phase",1.8239990773528,1.67229257397797
250046967,"YDL050C","","","dma643","Vph1_R1_Plate02",12,14,1110,419,"S/G2 phase",3.71716373996798,2.85766644065519
250046975,"YDL050C","","","dma643","Vph1_R1_Plate02",12,14,1110,427,"MA phase",2.29367733334512,2.23431716313893
250046994,"YDL050C","","","dma643","Vph1_R1_Plate02",12,14,1110,446,"S/G2 phase",1.33625627305309,1.07206830764331
250047045,"YDL050C","","","dma643","Vph1_R1_Plate02",12,14,1111,48,"S/G2 phase",2.49238736472648,2.82901668277491
250047100,"YDL050C","","","dma643","Vph1_R1_Plate02",12,14,1111,106,"S/G2 phase",3.00903344631803,2.30645457003306
250047119,"YDL050C","","","dma643","Vph1_R1_Plate02",12,14,1111,125,"S/G2 phase",0.779868185185274,0.640743440382434
250047190,"YDL050C","","","dma643","Vph1_R1_Plate02",12,14,1111,198,"T phase",1.90348308990535,1.79344237658464
250047240,"YDL050C","","","dma643","Vph1_R1_Plate02",12,14,1111,249,"T phase",1.26038517016203,2.07646725746249
250047266,"YDL050C","","","dma643","Vph1_R1_Plate02",12,14,1111,277,"T phase",2.70193612509228,2.81141641829199
250047330,"YDL050C","","","dma643","Vph1_R1_Plate02",12,14,1111,341,"S/G2 phase",0.14399608476491,0.128994046179415
250047333,"YDL050C","","","dma643","Vph1_R1_Plate02",12,14,1111,344,"S/G2 phase",0.00670551762869459,0.120943700989917
250047336,"YDL050C","","","dma643","Vph1_R1_Plate02",12,14,1111,347,"S/G2 phase",0.407738490052902,1.07483068099264
250047493,"YDL050C","","","dma643","Vph1_R1_Plate02",12,14,1112,135,"S/G2 phase",2.11303185027115,2.1551554354422
250047508,"YDL050C","","","dma643","Vph1_R1_Plate02",12,14,1112,150,"S/G2 phase",1.39767573729824,1.61649263232135
250047511,"YDL050C","","","dma643","Vph1_R1_Plate02",12,14,1112,153,"T phase",2.79948468595223,3.0602667945909
250047603,"YDL050C","","","dma643","Vph1_R1_Plate02",12,14,1112,245,"T phase",3.3992276897578,2.66161685780505
250047698,"YDL050C","","","dma643","Vph1_R1_Plate02",12,14,1112,344,"S/G2 phase",0.317415748515918,0.358981358749988
250047740,"YDL050C","","","dma643","Vph1_R1_Plate02",12,14,1112,388,"S/G2 phase",2.45625826811169,3.51897862048663
250047752,"YDL050C","","","dma643","Vph1_R1_Plate02",12,14,1112,400,"S/G2 phase",1.2820626281309,1.16733072571904
250047773,"YDL050C","","","dma643","Vph1_R1_Plate02",12,14,1112,423,"S/G2 phase",2.88619451782773,2.89989129042364
250050635,"YDL046W","NPC2","","dma644","Vph1_R1_Plate02",12,16,1117,16,"S/G2 phase",3.54013116655549,3.30130360055882
250050638,"YDL046W","NPC2","","dma644","Vph1_R1_Plate02",12,16,1117,19,"G1 phase",-0.336520900211843,-0.437055715576298
250050750,"YDL046W","NPC2","","dma644","Vph1_R1_Plate02",12,16,1117,132,"S/G2 phase",1.24954644117759,1.3809805730521
250050756,"YDL046W","NPC2","","dma644","Vph1_R1_Plate02",12,16,1117,139,"S/G2 phase",1.4229661049286,1.36061793521984
250050785,"YDL046W","NPC2","","dma644","Vph1_R1_Plate02",12,16,1117,169,"S/G2 phase",-0.499101834978413,-0.352606016039403
250050833,"YDL046W","NPC2","","dma644","Vph1_R1_Plate02",12,16,1117,219,"T phase",4.44335858192533,3.64691596903739
250050842,"YDL046W","NPC2","","dma644","Vph1_R1_Plate02",12,16,1117,228,"MA phase",0.52696450888172,0.84358056917666
250050881,"YDL046W","NPC2","","dma644","Vph1_R1_Plate02",12,16,1117,269,"T phase",3.20774347769939,2.20716697936258
250050970,"YDL046W","NPC2","","dma644","Vph1_R1_Plate02",12,16,1118,56,"T phase",1.0725138677651,1.22036829402632
250050981,"YDL046W","NPC2","","dma644","Vph1_R1_Plate02",12,16,1118,68,"S/G2 phase",0.96412657792072,1.01903073933602
250051003,"YDL046W","NPC2","","dma644","Vph1_R1_Plate02",12,16,1118,90,"MA-single",-1.34813560542606,-1.60332974366668
250051014,"YDL046W","NPC2","","dma644","Vph1_R1_Plate02",12,16,1118,102,"S/G2 phase",2.05522529568748,2.02745486174996
250051106,"YDL046W","NPC2","","dma644","Vph1_R1_Plate02",12,16,1118,196,"S/G2 phase",1.01109440351995,1.61373025897201
250051166,"YDL046W","NPC2","","dma644","Vph1_R1_Plate02",12,16,1118,261,"MA-single",-1.35536142474902,-1.59377982437325
250051221,"YDL046W","NPC2","","dma644","Vph1_R1_Plate02",12,16,1119,29,"T phase",0.956900758597761,1.45588035329557
250051244,"YDL046W","NPC2","","dma644","Vph1_R1_Plate02",12,16,1119,53,"S/G2 phase",1.70116014886251,1.93495481702356
250051262,"YDL046W","NPC2","","dma644","Vph1_R1_Plate02",12,16,1119,71,"S/G2 phase",5.66452204750534,3.80074070211907
250051286,"YDL046W","NPC2","","dma644","Vph1_R1_Plate02",12,16,1119,95,"S/G2 phase",2.53935519032571,2.74204138474719
250051327,"YDL046W","NPC2","","dma644","Vph1_R1_Plate02",12,16,1119,136,"S/G2 phase",1.79509580006097,1.44909280735148
250051335,"YDL046W","NPC2","","dma644","Vph1_R1_Plate02",12,16,1119,144,"T phase",5.41523128086327,3.76254102494537
250051340,"YDL046W","NPC2","","dma644","Vph1_R1_Plate02",12,16,1119,149,"MA-single",-0.997683368262562,-0.696955585272556
250051436,"YDL046W","NPC2","","dma644","Vph1_R1_Plate02",12,16,1119,246,"G1 phase",-1.27226450253499,-1.45226738393432
250051505,"YDL046W","NPC2","","dma644","Vph1_R1_Plate02",12,16,1120,39,"T phase",1.31096590542274,1.6981799585089
250051511,"YDL046W","NPC2","","dma644","Vph1_R1_Plate02",12,16,1120,45,"S/G2 phase",4.17600326697585,2.95016648538158
250051523,"YDL046W","NPC2","","dma644","Vph1_R1_Plate02",12,16,1120,57,"S/G2 phase",0.783481094846753,1.79344237658463
250051526,"YDL046W","NPC2","","dma644","Vph1_R1_Plate02",12,16,1120,60,"T phase",4.11458380273071,3.26586629673446
250051584,"YDL046W","NPC2","","dma644","Vph1_R1_Plate02",12,16,1120,121,"S/G2 phase",1.48438556917375,1.73764243492801
250051625,"YDL046W","NPC2","","dma644","Vph1_R1_Plate02",12,16,1120,162,"MA phase",1.71561178750842,2.00156747721902
250051697,"YDL046W","NPC2","","dma644","Vph1_R1_Plate02",12,16,1120,235,"S/G2 phase",0.505287050912844,0.873493126302345
250051720,"YDL046W","NPC2","","dma644","Vph1_R1_Plate02",12,16,1120,259,"MA phase",0.451093405990654,0.52914355706919
250051750,"YDL046W","NPC2","","dma644","Vph1_R1_Plate02",12,16,1120,291,"S/G2 phase",-0.220907791044504,0.0500690933411951
250056124,"YDL040C","NAT1","","dma646","Vph1_R1_Plate02",12,20,1133,23,"MA-single",-0.752005511281967,-0.718817797208744
250056185,"YDL040C","NAT1","","dma646","Vph1_R1_Plate02",12,20,1133,86,"S/G2 phase",2.53935519032571,1.853267490836
250056244,"YDL040C","NAT1","","dma646","Vph1_R1_Plate02",12,20,1133,145,"T phase",1.90348308990535,1.5742677825529
250056264,"YDL040C","NAT1","","dma646","Vph1_R1_Plate02",12,20,1133,165,"S/G2 phase",0.613674340757224,0.47334361541257
250056280,"YDL040C","NAT1","","dma646","Vph1_R1_Plate02",12,20,1133,181,"S/G2 phase",2.00464456042677,1.70220513110365
250056303,"YDL040C","NAT1","","dma646","Vph1_R1_Plate02",12,20,1133,206,"S/G2 phase",0.00670551762869459,0.835293449128646
250056330,"YDL040C","NAT1","","dma646","Vph1_R1_Plate02",12,20,1133,233,"S/G2 phase",1.83845071599872,1.67631774657271
250056350,"YDL040C","NAT1","","dma646","Vph1_R1_Plate02",12,20,1133,254,"S/G2 phase",0.808771462477108,0.637981067033096
250056395,"YDL040C","NAT1","","dma646","Vph1_R1_Plate02",12,20,1133,299,"S/G2 phase",2.71277485407672,2.79231657970514
250056520,"YDL040C","NAT1","","dma646","Vph1_R1_Plate02",12,20,1133,426,"S/G2 phase",2.89342033715069,2.57992953161749
250056531,"YDL040C","NAT1","","dma646","Vph1_R1_Plate02",12,20,1134,7,"S/G2 phase",2.67664575746193,2.80991684418807
250056554,"YDL040C","NAT1","","dma646","Vph1_R1_Plate02",12,20,1134,30,"S/G2 phase",0.563093605496513,0.594493418019238
250056609,"YDL040C","NAT1","","dma646","Vph1_R1_Plate02",12,20,1134,85,"S/G2 phase",2.56825846761755,2.50779212472336
250056613,"YDL040C","NAT1","","dma646","Vph1_R1_Plate02",12,20,1134,89,"S/G2 phase",1.6325148652944,2.2016422326639
250056614,"YDL040C","NAT1","","dma646","Vph1_R1_Plate02",12,20,1134,90,"MA phase",1.5277404851115,1.75121752681619
250056625,"YDL040C","NAT1","","dma646","Vph1_R1_Plate02",12,20,1134,101,"S/G2 phase",1.20257861557836,1.07483068099264
250056626,"YDL040C","NAT1","","dma646","Vph1_R1_Plate02",12,20,1134,102,"S/G2 phase",0.263222103593728,0.37003085214734
250056635,"YDL040C","NAT1","","dma646","Vph1_R1_Plate02",12,20,1134,112,"S/G2 phase",1.82038616769132,1.60291754043317
250056680,"YDL040C","NAT1","","dma646","Vph1_R1_Plate02",12,20,1134,158,"S/G2 phase",1.26761098948498,1.79470517583004
250056754,"YDL040C","NAT1","","dma646","Vph1_R1_Plate02",12,20,1134,233,"S/G2 phase",3.98813196457893,3.76380382419078
250056792,"YDL040C","NAT1","","dma646","Vph1_R1_Plate02",12,20,1134,273,"S/G2 phase",1.67586978123215,1.77307973875237
250056799,"YDL040C","NAT1","","dma646","Vph1_R1_Plate02",12,20,1134,280,"S/G2 phase",0.700384172632728,0.930555867204378
250056806,"YDL040C","NAT1","","dma646","Vph1_R1_Plate02",12,20,1134,287,"S/G2 phase",1.44103065323599,1.76881779129911
250056886,"YDL040C","NAT1","","dma646","Vph1_R1_Plate02",12,20,1134,373,"T phase",2.05883820534896,1.69691715926349
250056933,"YDL040C","NAT1","","dma646","Vph1_R1_Plate02",12,20,1134,422,"S/G2 phase",3.55096989553993,2.49974177953386
250056944,"YDL040C","NAT1","","dma646","Vph1_R1_Plate02",12,20,1134,433,"MA-single",-1.34813560542606,-1.51485487153503
250056973,"YDL040C","NAT1","","dma646","Vph1_R1_Plate02",12,20,1134,462,"S/G2 phase",0.563093605496513,0.916980775316204
250056979,"YDL040C","NAT1","","dma646","Vph1_R1_Plate02",12,20,1134,468,"T phase",2.68387157678489,2.56911681307865
250056986,"YDL040C","NAT1","","dma646","Vph1_R1_Plate02",12,20,1134,475,"S/G2 phase",0.834061830107464,0.736005858458165
250057005,"YDL040C","NAT1","","dma646","Vph1_R1_Plate02",12,20,1135,16,"S/G2 phase",0.064512072212364,0.605306136558073
250057007,"YDL040C","NAT1","","dma646","Vph1_R1_Plate02",12,20,1135,18,"S/G2 phase",3.65935718538431,3.70547828404334
250057058,"YDL040C","NAT1","","dma646","Vph1_R1_Plate02",12,20,1135,71,"T phase",3.05961418157874,3.35031599627135
250057086,"YDL040C","NAT1","","dma646","Vph1_R1_Plate02",12,20,1135,99,"S/G2 phase",2.38761298454358,2.03976715439272
250057106,"YDL040C","NAT1","","dma646","Vph1_R1_Plate02",12,20,1135,119,"S/G2 phase",0.769029456200836,1.01903073933602
250057127,"YDL040C","NAT1","","dma646","Vph1_R1_Plate02",12,20,1135,140,"S/G2 phase",1.22064316388575,1.3347305506889
250057137,"YDL040C","NAT1","","dma646","Vph1_R1_Plate02",12,20,1135,151,"MA phase",3.06322709124022,3.02506626562505
250057148,"YDL040C","NAT1","","dma646","Vph1_R1_Plate02",12,20,1135,162,"T phase",1.56386958172629,1.45461755405016
250057159,"YDL040C","NAT1","","dma646","Vph1_R1_Plate02",12,20,1135,174,"S/G2 phase",4.12180962205366,2.85214169395651
250057160,"YDL040C","NAT1","","dma646","Vph1_R1_Plate02",12,20,1135,175,"S/G2 phase",0.378835212761067,0.263718940674257
250057173,"YDL040C","NAT1","","dma646","Vph1_R1_Plate02",12,20,1135,188,"T phase",2.47432281641908,2.41252970664763
250057183,"YDL040C","NAT1","","dma646","Vph1_R1_Plate02",12,20,1135,200,"S/G2 phase",3.50761497960218,2.96374157726975
250057184,"YDL040C","NAT1","","dma646","Vph1_R1_Plate02",12,20,1135,201,"S/G2 phase",1.66141814258623,1.5129430941976
250057191,"YDL040C","NAT1","","dma646","Vph1_R1_Plate02",12,20,1135,208,"S/G2 phase",2.00464456042677,2.06012979222498
250057201,"YDL040C","NAT1","","dma646","Vph1_R1_Plate02",12,20,1135,218,"T phase",5.13703723692936,4.30546577551949
250057214,"YDL040C","NAT1","","dma646","Vph1_R1_Plate02",12,20,1135,231,"G1 phase",-0.45935982870214,-0.433030542981549
250057222,"YDL040C","NAT1","","dma646","Vph1_R1_Plate02",12,20,1135,239,"T phase",3.32335658686673,2.77850471295846
250057260,"YDL040C","NAT1","","dma646","Vph1_R1_Plate02",12,20,1135,278,"S/G2 phase",3.57626026317028,2.52965433665955
250057316,"YDL040C","NAT1","","dma646","Vph1_R1_Plate02",12,20,1135,337,"S/G2 phase",0.57754524414243,0.669393198262709
250057320,"YDL040C","NAT1","","dma646","Vph1_R1_Plate02",12,20,1135,341,"S/G2 phase",0.331867387161835,1.31713028620598
250057331,"YDL040C","NAT1","","dma646","Vph1_R1_Plate02",12,20,1135,352,"T phase",1.77341834209209,1.5048927490081
250057342,"YDL040C","NAT1","","dma646","Vph1_R1_Plate02",12,20,1135,363,"T phase",0.530577418543199,1.04491812386696
250057356,"YDL040C","NAT1","","dma646","Vph1_R1_Plate02",12,20,1135,377,"S/G2 phase",1.03277186148883,1.20553040289274
250057369,"YDL040C","NAT1","","dma646","Vph1_R1_Plate02",12,20,1135,390,"S/G2 phase",0.317415748515918,0.508780919236931
250057373,"YDL040C","NAT1","","dma646","Vph1_R1_Plate02",12,20,1135,394,"S/G2 phase",2.17083840485482,2.37859197692719
250057380,"YDL040C","NAT1","","dma646","Vph1_R1_Plate02",12,20,1135,403,"S/G2 phase",2.64051666084713,2.39769181551404
250057383,"YDL040C","NAT1","","dma646","Vph1_R1_Plate02",12,20,1135,406,"S/G2 phase",1.56748249138777,1.35383038927575
250057386,"YDL040C","NAT1","","dma646","Vph1_R1_Plate02",12,20,1136,1,"S/G2 phase",1.19896570591688,1.34301767073692
250057417,"YDL040C","NAT1","","dma646","Vph1_R1_Plate02",12,20,1136,32,"S/G2 phase",0.819610191461546,1.1565180071802
250057436,"YDL040C","NAT1","","dma646","Vph1_R1_Plate02",12,20,1136,51,"S/G2 phase",1.26038517016203,1.38926769310011
250057444,"YDL040C","NAT1","","dma646","Vph1_R1_Plate02",12,20,1136,60,"S/G2 phase",0.761803636877877,0.64753098632652
250057467,"YDL040C","NAT1","","dma646","Vph1_R1_Plate02",12,20,1136,84,"S/G2 phase",0.703997082294207,1.12108070335584
250057554,"YDL040C","NAT1","","dma646","Vph1_R1_Plate02",12,20,1136,175,"S/G2 phase",1.01832022284291,1.19321811024997
250057560,"YDL040C","NAT1","","dma646","Vph1_R1_Plate02",12,20,1136,181,"S/G2 phase",0.917158752321489,0.929293067958967
250057591,"YDL040C","NAT1","","dma646","Vph1_R1_Plate02",12,20,1136,212,"S/G2 phase",2.8030975956137,2.2629669210192
250057595,"YDL040C","NAT1","","dma646","Vph1_R1_Plate02",12,20,1136,216,"T phase",2.62245211253974,2.7895542063558
250057599,"YDL040C","NAT1","","dma646","Vph1_R1_Plate02",12,20,1136,220,"S/G2 phase",2.52129064201832,1.87363012866826
250057618,"YDL040C","NAT1","","dma646","Vph1_R1_Plate02",12,20,1136,239,"S/G2 phase",-0.278714345628173,-0.242505706830086
250057636,"YDL040C","NAT1","","dma646","Vph1_R1_Plate02",12,20,1136,257,"T phase",2.49961318404944,2.28056718550212
250057655,"YDL040C","NAT1","","dma646","Vph1_R1_Plate02",12,20,1136,276,"MA phase",1.13032042234877,1.38926769310011
250057673,"YDL040C","NAT1","","dma646","Vph1_R1_Plate02",12,20,1136,295,"S/G2 phase",0.263222103593728,0.378081197336838
250057674,"YDL040C","NAT1","","dma646","Vph1_R1_Plate02",12,20,1136,296,"T phase",2.47432281641908,2.19082951412507
250057716,"YDL040C","NAT1","","dma646","Vph1_R1_Plate02",12,20,1136,338,"MA phase",4.7107138968748,3.74494076046245
250057723,"YDL040C","NAT1","","dma646","Vph1_R1_Plate02",12,20,1136,345,"S/G2 phase",3.17884020040756,2.51734204401679
250057763,"YDL040C","NAT1","","dma646","Vph1_R1_Plate02",12,20,1136,385,"S/G2 phase",2.98013016902619,2.61260446209252
250057769,"YDL040C","NAT1","","dma646","Vph1_R1_Plate02",12,20,1136,391,"S/G2 phase",1.03277186148883,1.47498019188242
250057777,"YDL040C","NAT1","","dma646","Vph1_R1_Plate02",12,20,1136,401,"S/G2 phase",0.653416347033497,0.64753098632652
250057816,"YDL040C","NAT1","","dma646","Vph1_R1_Plate02",12,20,1136,440,"T phase",1.0725138677651,0.956443251735314
250057828,"YDL040C","NAT1","","dma646","Vph1_R1_Plate02",12,20,1136,453,"MA-single",-0.126972139846041,-0.128143450167505
250057836,"YDL040C","NAT1","","dma646","Vph1_R1_Plate02",12,20,1136,461,"S/G2 phase",3.13909819413128,2.52010441736612
250057848,"YDL040C","NAT1","","dma646","Vph1_R1_Plate02",12,20,1136,473,"S/G2 phase",2.72722649272264,2.36225451168968
250061457,"YDL039C","PRM7","","dma647","Vph1_R1_Plate02",12,22,1141,88,"S/G2 phase",0.873803836383736,0.752343323695677
250061480,"YDL039C","PRM7","","dma647","Vph1_R1_Plate02",12,22,1141,111,"S/G2 phase",1.95406382516606,1.75121752681619
250061493,"YDL039C","PRM7","","dma647","Vph1_R1_Plate02",12,22,1141,124,"S/G2 phase",0.136770265441951,0.3753188239875
250061563,"YDL039C","PRM7","","dma647","Vph1_R1_Plate02",12,22,1141,195,"S/G2 phase",1.37238536966789,1.96486737414925
250061584,"YDL039C","PRM7","","dma647","Vph1_R1_Plate02",12,22,1141,217,"S/G2 phase",1.79148289039949,2.45072938382133
250061633,"YDL039C","PRM7","","dma647","Vph1_R1_Plate02",12,22,1141,266,"G1 phase",0.591996882788348,0.356218985400651
250061684,"YDL039C","PRM7","","dma647","Vph1_R1_Plate02",12,22,1141,318,"S/G2 phase",2.70554903475376,3.21685390102193
250061765,"YDL039C","PRM7","","dma647","Vph1_R1_Plate02",12,22,1141,402,"MA-single",-0.466585648025099,-0.462943100107235
250061780,"YDL039C","PRM7","","dma647","Vph1_R1_Plate02",12,22,1141,418,"S/G2 phase",-0.0691655852623716,0.0500690933411951
250061842,"YDL039C","PRM7","","dma647","Vph1_R1_Plate02",12,22,1141,481,"S/G2 phase",0.815997281800067,1.08714297363541
250061875,"YDL039C","PRM7","","dma647","Vph1_R1_Plate02",12,22,1141,518,"S/G2 phase",0.837674739768943,0.975543090322164
250061968,"YDL039C","PRM7","","dma647","Vph1_R1_Plate02",12,22,1142,67,"S/G2 phase",0.263222103593728,0.341381094267065
250061970,"YDL039C","PRM7","","dma647","Vph1_R1_Plate02",12,22,1142,70,"G1 phase",-0.228133610367463,-0.417955876989449
250062042,"YDL039C","PRM7","","dma647","Vph1_R1_Plate02",12,22,1142,143,"S/G2 phase",0.74735199823196,0.640743440382434
250062068,"YDL039C","PRM7","","dma647","Vph1_R1_Plate02",12,22,1142,169,"T phase",5.15871469489824,4.43340312407024
250062107,"YDL039C","PRM7","","dma647","Vph1_R1_Plate02",12,22,1142,208,"S/G2 phase",0.732900359586042,0.584943498725812
250062114,"YDL039C","PRM7","","dma647","Vph1_R1_Plate02",12,22,1142,216,"MA-single",-0.376262906488116,-0.37446822797559
250062123,"YDL039C","PRM7","","dma647","Vph1_R1_Plate02",12,22,1142,225,"S/G2 phase",0.382448122422546,0.346905840965742
250062153,"YDL039C","PRM7","","dma647","Vph1_R1_Plate02",12,22,1142,255,"S/G2 phase",1.28928844745386,1.30079282096847
250062196,"YDL039C","PRM7","","dma647","Vph1_R1_Plate02",12,22,1142,298,"S/G2 phase",-0.416004912764388,-0.163580753991866
250062206,"YDL039C","PRM7","","dma647","Vph1_R1_Plate02",12,22,1142,308,"S/G2 phase",0.664255076017935,0.976805889567574
250062233,"YDL039C","PRM7","","dma647","Vph1_R1_Plate02",12,22,1142,336,"MA phase",0.313802838854439,0.515568465181017
250062285,"YDL039C","PRM7","","dma647","Vph1_R1_Plate02",12,22,1142,388,"S/G2 phase",2.21419332079257,2.2398419098376
250062299,"YDL039C","PRM7","","dma647","Vph1_R1_Plate02",12,22,1142,402,"S/G2 phase",0.151221904087868,0.0364940014530215
250062344,"YDL039C","PRM7","","dma647","Vph1_R1_Plate02",12,22,1142,447,"MA phase",1.23509480253167,1.40560515833762
250062349,"YDL039C","PRM7","","dma647","Vph1_R1_Plate02",12,22,1142,452,"S/G2 phase",2.68748448644637,2.12824202652436
250062388,"YDL039C","PRM7","","dma647","Vph1_R1_Plate02",12,22,1142,494,"S/G2 phase",0.696771262971249,0.979568262916912
250062404,"YDL039C","PRM7","","dma647","Vph1_R1_Plate02",12,22,1142,510,"T phase",1.4049015566212,1.76076744610961
250062436,"YDL039C","PRM7","","dma647","Vph1_R1_Plate02",12,22,1142,544,"MA-single",-1.28310323151943,-1.47539239511592
250062517,"YDL039C","PRM7","","dma647","Vph1_R1_Plate02",12,22,1143,83,"T phase",1.65057941360179,2.24386708243235
250062530,"YDL039C","PRM7","","dma647","Vph1_R1_Plate02",12,22,1143,97,"T phase",2.84645251155146,2.89562934297037
250062563,"YDL039C","PRM7","","dma647","Vph1_R1_Plate02",12,22,1143,130,"S/G2 phase",1.47715974985079,1.79344237658464
250062613,"YDL039C","PRM7","","dma647","Vph1_R1_Plate02",12,22,1143,181,"S/G2 phase",2.81032341493666,2.70660408092284
250062677,"YDL039C","PRM7","","dma647","Vph1_R1_Plate02",12,22,1143,245,"MA-single",-1.03381246487736,-1.16245495711238
250062707,"YDL039C","PRM7","","dma647","Vph1_R1_Plate02",12,22,1143,275,"S/G2 phase",1.3181917247457,1.54159285207788
250062764,"YDL039C","PRM7","","dma647","Vph1_R1_Plate02",12,22,1143,332,"S/G2 phase",1.26038517016203,1.20553040289274
250062773,"YDL039C","PRM7","","dma647","Vph1_R1_Plate02",12,22,1143,341,"S/G2 phase",0.859352197737819,0.761893242989102
250062788,"YDL039C","PRM7","","dma647","Vph1_R1_Plate02",12,22,1143,356,"S/G2 phase",0.953287848936282,1.33749292403824
250062832,"YDL039C","PRM7","","dma647","Vph1_R1_Plate02",12,22,1143,400,"S/G2 phase",-0.112520501200124,0.273268859967682
250062845,"YDL039C","PRM7","","dma647","Vph1_R1_Plate02",12,22,1143,414,"MA-single",0.0789637108582814,-0.0165435668542621
250062882,"YDL039C","PRM7","","dma647","Vph1_R1_Plate02",12,22,1143,452,"T phase",1.48438556917375,1.23544296001842
250062924,"YDL039C","PRM7","","dma647","Vph1_R1_Plate02",12,22,1143,495,"T phase",0.693158353309769,1.19195531100456
250062937,"YDL039C","PRM7","","dma647","Vph1_R1_Plate02",12,22,1143,508,"MA phase",0.888255475029654,1.08714297363541
250062943,"YDL039C","PRM7","","dma647","Vph1_R1_Plate02",12,22,1143,514,"G1 phase",-0.166714146122314,-0.212593149704401
250062957,"YDL039C","PRM7","","dma647","Vph1_R1_Plate02",12,22,1143,528,"MA-single",-0.95432845232481,-1.01541776997477
250063104,"YDL039C","PRM7","","dma647","Vph1_R1_Plate02",12,22,1144,140,"S/G2 phase",3.87974467473455,3.12837902889028
250063106,"YDL039C","PRM7","","dma647","Vph1_R1_Plate02",12,22,1144,142,"S/G2 phase",0.707609991955687,1.40963033093237
250063110,"YDL039C","PRM7","","dma647","Vph1_R1_Plate02",12,22,1144,146,"T phase",0.353544845130711,0.433881138993459
250063114,"YDL039C","PRM7","","dma647","Vph1_R1_Plate02",12,22,1144,150,"S/G2 phase",2.10580603094819,2.69429178828007
250063140,"YDL039C","PRM7","","dma647","Vph1_R1_Plate02",12,22,1144,176,"S/G2 phase",1.89264436092091,1.7675549920537
250063144,"YDL039C","PRM7","","dma647","Vph1_R1_Plate02",12,22,1144,180,"MA-single",-1.38426470204085,-1.54752980201005
250063174,"YDL039C","PRM7","","dma647","Vph1_R1_Plate02",12,22,1144,210,"S/G2 phase",0.682319624325331,0.877518298897094
250063334,"YDL039C","PRM7","","dma647","Vph1_R1_Plate02",12,22,1144,374,"S/G2 phase",0.281286651901125,0.417543673755948
250063375,"YDL039C","PRM7","","dma647","Vph1_R1_Plate02",12,22,1144,417,"S/G2 phase",1.77703125175357,2.2398419098376
250063405,"YDL039C","PRM7","","dma647","Vph1_R1_Plate02",12,22,1144,449,"S/G2 phase",1.32903045373013,1.22186786813025
250063410,"YDL039C","PRM7","","dma647","Vph1_R1_Plate02",12,22,1144,455,"T phase",3.22942093566827,3.33800370362859
250063420,"YDL039C","PRM7","","dma647","Vph1_R1_Plate02",12,22,1144,465,"T phase",2.64774248017009,2.82901668277491
250063449,"YDL039C","PRM7","","dma647","Vph1_R1_Plate02",12,22,1144,496,"S/G2 phase",0.209028458671538,0.537430677117205
250063510,"YDL039C","PRM7","","dma647","Vph1_R1_Plate02",12,22,1144,559,"MA-single",-1.23252249625872,-1.3733424310961
250138459,"YCR009C","RVS161","","dma532","Vph1_R1_Plate02",9,7,793,5,"S/G2 phase",-0.502714744639893,-0.0818934278043084
250138515,"YCR009C","RVS161","","dma532","Vph1_R1_Plate02",9,7,793,61,"S/G2 phase",1.09419132573398,1.20553040289274
250138524,"YCR009C","RVS161","","dma532","Vph1_R1_Plate02",9,7,793,70,"S/G2 phase",2.21780623045405,2.45349175717067
250138574,"YCR009C","RVS161","","dma532","Vph1_R1_Plate02",9,7,793,122,"S/G2 phase",1.43019192425155,1.18919293765522
250138635,"YCR009C","RVS161","","dma532","Vph1_R1_Plate02",9,7,794,52,"S/G2 phase",-0.784521698235281,-0.624818178378423
250138647,"YCR009C","RVS161","","dma532","Vph1_R1_Plate02",9,7,794,65,"MA phase",0.284899561562604,1.14570528864137
250138671,"YCR009C","RVS161","","dma532","Vph1_R1_Plate02",9,7,794,90,"S/G2 phase",0.888255475029654,1.27214306308819
250138744,"YCR009C","RVS161","","dma532","Vph1_R1_Plate02",9,7,794,163,"T phase",-0.137810868830479,0.304680991197294
250138795,"YCR009C","RVS161","","dma532","Vph1_R1_Plate02",9,7,795,49,"S/G2 phase",1.80232161938393,1.9608422015545
250138971,"YCR009C","RVS161","","dma532","Vph1_R1_Plate02",9,7,796,94,"G1 phase",-0.452134009379182,-0.63160572432251
250205923,"YCR076C","FUB1","","dma577","Vph1_R1_Plate02",2,2,101,14,"MA phase",1.44103065323599,1.70496750445299
250205926,"YCR076C","FUB1","","dma577","Vph1_R1_Plate02",2,2,101,17,"S/G2 phase",0.216254277994496,0.473343615412569
250205938,"YCR076C","FUB1","","dma577","Vph1_R1_Plate02",2,2,101,29,"S/G2 phase",-0.304004713258529,-0.109043611580656
250205949,"YCR076C","FUB1","","dma577","Vph1_R1_Plate02",2,2,101,40,"S/G2 phase",0.815997281800067,1.03134303197879
250206011,"YCR076C","FUB1","","dma577","Vph1_R1_Plate02",2,2,101,105,"MA-single",-0.647231131099066,-0.657493108853446
250206021,"YCR076C","FUB1","","dma577","Vph1_R1_Plate02",2,2,101,115,"S/G2 phase",1.68670851021659,1.33346775144349
250206068,"YCR076C","FUB1","","dma577","Vph1_R1_Plate02",2,2,101,163,"S/G2 phase",0.967739487582199,1.35383038927575
250206084,"YCR076C","FUB1","","dma577","Vph1_R1_Plate02",2,2,101,179,"S/G2 phase",0.830448920445984,1.05170566981105
250206114,"YCR076C","FUB1","","dma577","Vph1_R1_Plate02",2,2,101,209,"S/G2 phase",0.895481294352612,1.349805216681
250206116,"YCR076C","FUB1","","dma577","Vph1_R1_Plate02",2,2,101,211,"G1 phase",0.162060633072306,0.345406266861815
250206164,"YCR076C","FUB1","","dma577","Vph1_R1_Plate02",2,2,101,260,"MA phase",1.53135339477298,2.21395452530667
250206168,"YCR076C","FUB1","","dma577","Vph1_R1_Plate02",2,2,101,264,"S/G2 phase",1.66503105224771,1.23141778742367
250206178,"YCR076C","FUB1","","dma577","Vph1_R1_Plate02",2,2,101,274,"S/G2 phase",0.295738290547042,0.311468537141381
250206185,"YCR076C","FUB1","","dma577","Vph1_R1_Plate02",2,2,101,282,"MA-single",-0.379875816149595,-0.29554327513737
250206275,"YCR076C","FUB1","","dma577","Vph1_R1_Plate02",2,2,102,16,"T phase",2.1563867662089,1.8914671680097
250206322,"YCR076C","FUB1","","dma577","Vph1_R1_Plate02",2,2,102,67,"S/G2 phase",-0.0727784949238509,0.150856258115602
250206358,"YCR076C","FUB1","","dma577","Vph1_R1_Plate02",2,2,102,103,"S/G2 phase",0.190963910364141,0.723693565815403
250206360,"YCR076C","FUB1","","dma577","Vph1_R1_Plate02",2,2,102,105,"S/G2 phase",1.71199887784694,1.5973927937345
250206363,"YCR076C","FUB1","","dma577","Vph1_R1_Plate02",2,2,102,108,"S/G2 phase",2.44180662946577,2.03297960844863
250206401,"YCR076C","FUB1","","dma577","Vph1_R1_Plate02",2,2,102,147,"S/G2 phase",2.03354783771861,1.64916756279637
250206486,"YCR076C","FUB1","","dma577","Vph1_R1_Plate02",2,2,102,232,"S/G2 phase",2.58271010626346,2.65206693851162
250206505,"YCR076C","FUB1","","dma577","Vph1_R1_Plate02",2,2,102,252,"S/G2 phase",1.59277285901813,1.57979252925157
250206592,"YCR076C","FUB1","","dma577","Vph1_R1_Plate02",2,2,102,340,"S/G2 phase",1.90709599956683,1.66274265468454
250206603,"YCR076C","FUB1","","dma577","Vph1_R1_Plate02",2,2,102,351,"S/G2 phase",0.367996483776629,0.417543673755948
250206633,"YCR076C","FUB1","","dma577","Vph1_R1_Plate02",2,2,102,383,"S/G2 phase",0.176512271718224,0.499230999943505
250206655,"YCR076C","FUB1","","dma577","Vph1_R1_Plate02",2,2,103,14,"S/G2 phase",3.29806621923637,3.54486600501756
250206716,"YCR076C","FUB1","","dma577","Vph1_R1_Plate02",2,2,103,79,"S/G2 phase",0.266835013255207,0.301918617847957
250206739,"YCR076C","FUB1","","dma577","Vph1_R1_Plate02",2,2,103,102,"S/G2 phase",0.834061830107464,0.492443453999419
250206784,"YCR076C","FUB1","","dma577","Vph1_R1_Plate02",2,2,103,149,"S/G2 phase",0.884642565368175,1.03410540532812
250206803,"YCR076C","FUB1","","dma577","Vph1_R1_Plate02",2,2,103,168,"S/G2 phase",0.96412657792072,1.00269327409851
250206844,"YCR076C","FUB1","","dma577","Vph1_R1_Plate02",2,2,103,210,"S/G2 phase",2.44180662946577,3.09167892582051
250206904,"YCR076C","FUB1","","dma577","Vph1_R1_Plate02",2,2,103,271,"S/G2 phase",0.779868185185274,0.98106783702084
250206922,"YCR076C","FUB1","","dma577","Vph1_R1_Plate02",2,2,103,290,"S/G2 phase",1.93599927685866,1.99477993127493
250206947,"YCR076C","FUB1","","dma577","Vph1_R1_Plate02",2,2,103,316,"S/G2 phase",2.2792256946992,2.67795432304256
250206964,"YCR076C","FUB1","","dma577","Vph1_R1_Plate02",2,2,103,333,"S/G2 phase",1.10864296437989,1.20553040289274
250206997,"YCR076C","FUB1","","dma577","Vph1_R1_Plate02",2,2,104,7,"T phase",4.55174587176971,4.46481525529986
250207033,"YCR076C","FUB1","","dma577","Vph1_R1_Plate02",2,2,104,47,"S/G2 phase",1.15199788031765,1.70220513110365
250207041,"YCR076C","FUB1","","dma577","Vph1_R1_Plate02",2,2,104,55,"S/G2 phase",0.870190926722257,0.84484336842207
250207046,"YCR076C","FUB1","","dma577","Vph1_R1_Plate02",2,2,104,60,"S/G2 phase",-0.416004912764388,0.0106066169220851
250207050,"YCR076C","FUB1","","dma577","Vph1_R1_Plate02",2,2,104,64,"T phase",2.42012917149689,2.64401659332213
250207060,"YCR076C","FUB1","","dma577","Vph1_R1_Plate02",2,2,104,75,"S/G2 phase",0.487222502605447,0.919743148665542
250207062,"YCR076C","FUB1","","dma577","Vph1_R1_Plate02",2,2,104,77,"T phase",5.09729523065309,4.52890231700449
250207069,"YCR076C","FUB1","","dma577","Vph1_R1_Plate02",2,2,104,84,"S/G2 phase",1.41212737594416,1.5048927490081
250207088,"YCR076C","FUB1","","dma577","Vph1_R1_Plate02",2,2,104,103,"T phase",2.33341933962139,2.14860466435662
250207091,"YCR076C","FUB1","","dma577","Vph1_R1_Plate02",2,2,104,106,"S/G2 phase",1.59277285901813,1.56069269066473
250207094,"YCR076C","FUB1","","dma577","Vph1_R1_Plate02",2,2,104,109,"S/G2 phase",1.08696550641102,1.69139241256482
250207107,"YCR076C","FUB1","","dma577","Vph1_R1_Plate02",2,2,104,123,"S/G2 phase",2.54658100964867,1.98523001198151
250207171,"YCR076C","FUB1","","dma577","Vph1_R1_Plate02",2,2,104,188,"S/G2 phase",1.66503105224771,2.01387976986178
250207216,"YCR076C","FUB1","","dma577","Vph1_R1_Plate02",2,2,104,234,"S/G2 phase",1.42657901459008,1.20955557548749
250207231,"YCR076C","FUB1","","dma577","Vph1_R1_Plate02",2,2,104,250,"S/G2 phase",0.85573928807634,1.21634312143157
250207265,"YCR076C","FUB1","","dma577","Vph1_R1_Plate02",2,2,104,284,"T phase",1.88541854159795,2.0928047227
250207272,"YCR076C","FUB1","","dma577","Vph1_R1_Plate02",2,2,104,291,"MA phase",3.15716274243868,2.30369219668373
250207282,"YCR076C","FUB1","","dma577","Vph1_R1_Plate02",2,2,104,301,"S/G2 phase",0.693158353309769,0.850368115120747
250207283,"YCR076C","FUB1","","dma577","Vph1_R1_Plate02",2,2,104,302,"S/G2 phase",0.974965306905158,1.07759305434198
250207286,"YCR076C","FUB1","","dma577","Vph1_R1_Plate02",2,2,104,305,"S/G2 phase",2.67303284780045,2.69705416162941
250207294,"YCR076C","FUB1","","dma577","Vph1_R1_Plate02",2,2,104,313,"S/G2 phase",-0.0511010369549749,0.134518792878092
250207308,"YCR076C","FUB1","","dma577","Vph1_R1_Plate02",2,2,104,327,"MA-single",-1.10968356776842,-1.30120502420197
250207343,"YCR076C","FUB1","","dma577","Vph1_R1_Plate02",2,2,104,364,"S/G2 phase",1.58554703969517,1.33749292403824
250207345,"YCR075C","ERS1","","dma578","Vph1_R1_Plate02",2,4,109,2,"S/G2 phase",0.451093405990654,0.640743440382434
250207433,"YCR075C","ERS1","","dma578","Vph1_R1_Plate02",2,4,109,93,"S/G2 phase",1.53857921409594,1.02731785938404
250207504,"YCR075C","ERS1","","dma578","Vph1_R1_Plate02",2,4,109,166,"S/G2 phase",1.28928844745386,1.22463024147959
250207507,"YCR075C","ERS1","","dma578","Vph1_R1_Plate02",2,4,109,169,"T phase",3.78219611387461,3.76680297239864
250207569,"YCR075C","ERS1","","dma578","Vph1_R1_Plate02",2,4,109,231,"S/G2 phase",3.46064715400294,3.00722922628362
250207648,"YCR075C","ERS1","","dma578","Vph1_R1_Plate02",2,4,110,18,"T phase",4.13987417036106,3.11756631035145
250207665,"YCR075C","ERS1","","dma578","Vph1_R1_Plate02",2,4,110,35,"S/G2 phase",3.27277585160602,2.49697940618452
250207705,"YCR075C","ERS1","","dma578","Vph1_R1_Plate02",2,4,110,76,"S/G2 phase",2.09135439230227,1.63559247090819
250207712,"YCR075C","ERS1","","dma578","Vph1_R1_Plate02",2,4,110,83,"T phase",3.37032441246596,3.7720909442388
250207721,"YCR075C","ERS1","","dma578","Vph1_R1_Plate02",2,4,110,92,"S/G2 phase",4.49755222684752,3.96111620628634
250207747,"YCR075C","ERS1","","dma578","Vph1_R1_Plate02",2,4,110,119,"S/G2 phase",1.89625727058239,1.43149254286856
250207749,"YCR075C","ERS1","","dma578","Vph1_R1_Plate02",2,4,110,121,"S/G2 phase",4.29522928580467,3.50264115524912
250207757,"YCR075C","ERS1","","dma578","Vph1_R1_Plate02",2,4,110,129,"S/G2 phase",2.15277385654742,2.45877972901083
250207884,"YCR075C","ERS1","","dma578","Vph1_R1_Plate02",2,4,110,258,"MA-single",-0.18477869442971,-0.150005662103692
250208005,"YCR075C","ERS1","","dma578","Vph1_R1_Plate02",2,4,111,110,"S/G2 phase",2.86090415019737,3.04266653010798
250208079,"YCR075C","ERS1","","dma578","Vph1_R1_Plate02",2,4,111,186,"S/G2 phase",0.68954544364829,0.604043337312662
250208096,"YCR075C","ERS1","","dma578","Vph1_R1_Plate02",2,4,111,204,"T phase",3.96645450661005,3.09570409841526
250208102,"YCR075C","ERS1","","dma578","Vph1_R1_Plate02",2,4,111,210,"S/G2 phase",0.483609592943968,0.338618720917728
250208200,"YCR075C","ERS1","","dma578","Vph1_R1_Plate02",2,4,112,50,"S/G2 phase",1.37961118899084,1.21231794883682
250208337,"YCR075C","ERS1","","dma578","Vph1_R1_Plate02",2,4,112,190,"G1 phase",-0.0330364886475782,0.139806764718251
250208416,"YCR075C","ERS1","","dma578","Vph1_R1_Plate02",2,4,112,272,"MA phase",0.407738490052902,0.423068420454624
250212133,"YCR073W-A","SOL2","","dma579","Vph1_R1_Plate02",2,6,117,14,"S/G2 phase",0.931610390967406,1.19321811024997
250212189,"YCR073W-A","SOL2","","dma579","Vph1_R1_Plate02",2,6,117,74,"T phase",1.99019292178085,1.6124674597266
250212283,"YCR073W-A","SOL2","","dma579","Vph1_R1_Plate02",2,6,117,171,"S/G2 phase",2.16361258553186,1.71854259634116
250212306,"YCR073W-A","SOL2","","dma579","Vph1_R1_Plate02",2,6,117,194,"S/G2 phase",2.23948368842293,1.94174236296765
250212346,"YCR073W-A","SOL2","","dma579","Vph1_R1_Plate02",2,6,117,235,"G1 phase",0.0464475239049673,-0.036906204686523
250212372,"YCR073W-A","SOL2","","dma579","Vph1_R1_Plate02",2,6,117,261,"T phase",1.66503105224771,2.30242939743831
250212416,"YCR073W-A","SOL2","","dma579","Vph1_R1_Plate02",2,6,117,308,"T phase",2.01187037974973,2.1390547450632
250212476,"YCR073W-A","SOL2","","dma579","Vph1_R1_Plate02",2,6,117,368,"S/G2 phase",1.52051466578854,1.31839308545139
250212491,"YCR073W-A","SOL2","","dma579","Vph1_R1_Plate02",2,6,117,383,"S/G2 phase",0.949674939274803,0.900643310078693
250212506,"YCR073W-A","SOL2","","dma579","Vph1_R1_Plate02",2,6,118,4,"S/G2 phase",0.776255275523794,0.821718357240472
250212514,"YCR073W-A","SOL2","","dma579","Vph1_R1_Plate02",2,6,118,12,"S/G2 phase",1.78425707107653,1.58531727595025
250212524,"YCR073W-A","SOL2","","dma579","Vph1_R1_Plate02",2,6,118,22,"S/G2 phase",0.96412657792072,1.3729302278626
250212550,"YCR073W-A","SOL2","","dma579","Vph1_R1_Plate02",2,6,118,49,"S/G2 phase",0.559480695835034,0.459768523524395
250212574,"YCR073W-A","SOL2","","dma579","Vph1_R1_Plate02",2,6,118,74,"S/G2 phase",4.44335858192533,3.51495344789188
250212611,"YCR073W-A","SOL2","","dma579","Vph1_R1_Plate02",2,6,118,113,"T phase",3.17884020040756,3.28899130791605
250212612,"YCR073W-A","SOL2","","dma579","Vph1_R1_Plate02",2,6,118,114,"S/G2 phase",2.15277385654742,1.51846784089628
250212747,"YCR073W-A","SOL2","","dma579","Vph1_R1_Plate02",2,6,118,252,"S/G2 phase",0.985804035889596,0.910193229372117
250212773,"YCR073W-A","SOL2","","dma579","Vph1_R1_Plate02",2,6,118,279,"S/G2 phase",0.776255275523794,0.912955602721455
250212790,"YCR073W-A","SOL2","","dma579","Vph1_R1_Plate02",2,6,118,296,"S/G2 phase",0.631738889064621,0.733243485108828
250212885,"YCR073W-A","SOL2","","dma579","Vph1_R1_Plate02",2,6,118,392,"T phase",1.53135339477298,1.18240539171114
250212890,"YCR073W-A","SOL2","","dma579","Vph1_R1_Plate02",2,6,118,397,"T phase",4.75045590315107,3.4005911912293
250212952,"YCR073W-A","SOL2","","dma579","Vph1_R1_Plate02",2,6,119,53,"S/G2 phase",0.281286651901125,0.384868743280925
250213149,"YCR073W-A","SOL2","","dma579","Vph1_R1_Plate02",2,6,119,257,"T phase",1.98296710245789,1.74719235422144
250213152,"YCR073W-A","SOL2","","dma579","Vph1_R1_Plate02",2,6,119,260,"T phase",2.67664575746193,2.29966702408897
250213186,"YCR073W-A","SOL2","","dma579","Vph1_R1_Plate02",2,6,119,294,"MA-single",-1.3409097861031,-1.57065481319165
250213203,"YCR073W-A","SOL2","","dma579","Vph1_R1_Plate02",2,6,119,311,"S/G2 phase",2.04799947636452,2.04252952774206
250213233,"YCR073W-A","SOL2","","dma579","Vph1_R1_Plate02",2,6,119,343,"S/G2 phase",0.180125181379703,0.350931013560491
250213248,"YCR073W-A","SOL2","","dma579","Vph1_R1_Plate02",2,6,119,358,"S/G2 phase",2.08412857297932,2.5336795092543
250213284,"YCR073W-A","SOL2","","dma579","Vph1_R1_Plate02",2,6,119,395,"S/G2 phase",3.56542153418585,3.36112871481019
250213285,"YCR073W-A","SOL2","","dma579","Vph1_R1_Plate02",2,6,119,396,"S/G2 phase",0.292125380885563,1.13891774269728
250213340,"YCR073W-A","SOL2","","dma579","Vph1_R1_Plate02",2,6,120,50,"T phase",1.00025567453551,0.7850182541707
250213351,"YCR073W-A","SOL2","","dma579","Vph1_R1_Plate02",2,6,120,62,"S/G2 phase",2.56103264829459,2.01387976986178
250213353,"YCR073W-A","SOL2","","dma579","Vph1_R1_Plate02",2,6,120,64,"S/G2 phase",0.234318826301893,0.982330636266251
250213402,"YCR073W-A","SOL2","","dma579","Vph1_R1_Plate02",2,6,120,115,"S/G2 phase",1.93238636719718,2.13779194581779
250213480,"YCR073W-A","SOL2","","dma579","Vph1_R1_Plate02",2,6,120,197,"S/G2 phase",-0.452134009379182,-0.0356434054411116
250213500,"YCR073W-A","SOL2","","dma579","Vph1_R1_Plate02",2,6,120,218,"S/G2 phase",1.50245011748114,1.36061793521984
250213645,"YCR073W-A","SOL2","","dma579","Vph1_R1_Plate02",2,6,120,365,"S/G2 phase",1.12309460302581,1.17688064501246
250217782,"YCR073C","SSK22","","dma580","Vph1_R1_Plate02",2,8,125,53,"S/G2 phase",2.14554803722446,1.61925500567069
250217819,"YCR073C","SSK22","","dma580","Vph1_R1_Plate02",2,8,125,92,"T phase",4.73961717416663,3.44684121359249
250217857,"YCR073C","SSK22","","dma580","Vph1_R1_Plate02",2,8,125,130,"S/G2 phase",1.70477305852398,1.44356806065281
250217888,"YCR073C","SSK22","","dma580","Vph1_R1_Plate02",2,8,125,163,"S/G2 phase",1.34709500203753,1.349805216681
250217892,"YCR073C","SSK22","","dma580","Vph1_R1_Plate02",2,8,125,167,"S/G2 phase",0.508899960574323,0.955180452489904
250217895,"YCR073C","SSK22","","dma580","Vph1_R1_Plate02",2,8,125,171,"MA-single",0.0356087949205293,-0.0205687394490114
250217897,"YCR073C","SSK22","","dma580","Vph1_R1_Plate02",2,8,125,173,"S/G2 phase",0.566706515157993,0.729218312514078
250217930,"YCR073C","SSK22","","dma580","Vph1_R1_Plate02",2,8,125,206,"S/G2 phase",1.77703125175357,1.74166760752276
250218002,"YCR073C","SSK22","","dma580","Vph1_R1_Plate02",2,8,125,278,"MA phase",0.815997281800067,1.60567991378251
250218032,"YCR073C","SSK22","","dma580","Vph1_R1_Plate02",2,8,125,308,"S/G2 phase",0.487222502605447,0.63119352108901
250218044,"YCR073C","SSK22","","dma580","Vph1_R1_Plate02",2,8,125,321,"S/G2 phase",1.36154664068345,1.68586766586614
250218071,"YCR073C","SSK22","","dma580","Vph1_R1_Plate02",2,8,125,351,"T phase",1.67225687157067,1.7906800032353
250218092,"YCR073C","SSK22","","dma580","Vph1_R1_Plate02",2,8,125,373,"S/G2 phase",0.295738290547042,0.574130780186977
250218116,"YCR073C","SSK22","","dma580","Vph1_R1_Plate02",2,8,126,21,"S/G2 phase",0.172899362056744,0.431118765644121
250218118,"YCR073C","SSK22","","dma580","Vph1_R1_Plate02",2,8,126,24,"S/G2 phase",0.584771063465389,0.756368496290426
250218160,"YCR073C","SSK22","","dma580","Vph1_R1_Plate02",2,8,126,68,"S/G2 phase",1.02915895182735,1.05723041650972
250218162,"YCR073C","SSK22","","dma580","Vph1_R1_Plate02",2,8,126,70,"T phase",0.649803437372017,0.510043718482341
250218179,"YCR073C","SSK22","","dma580","Vph1_R1_Plate02",2,8,126,89,"T phase",2.47070990675761,2.49019186024044
250218206,"YCR073C","SSK22","","dma580","Vph1_R1_Plate02",2,8,126,116,"S/G2 phase",2.8572912405359,3.16231675861072
250218229,"YCR073C","SSK22","","dma580","Vph1_R1_Plate02",2,8,126,139,"S/G2 phase",2.41651626183542,2.47661676835226
250218261,"YCR073C","SSK22","","dma580","Vph1_R1_Plate02",2,8,126,174,"T phase",3.84722848778123,3.24952883149695
250218319,"YCR073C","SSK22","","dma580","Vph1_R1_Plate02",2,8,126,236,"T phase",2.3840000748821,2.55554172119048
250218386,"YCR073C","SSK22","","dma580","Vph1_R1_Plate02",2,8,126,306,"S/G2 phase",1.56386958172629,1.37569260121194
250218388,"YCR073C","SSK22","","dma580","Vph1_R1_Plate02",2,8,126,308,"S/G2 phase",1.21341734456279,0.948392906545816
250218424,"YCR073C","SSK22","","dma580","Vph1_R1_Plate02",2,8,126,345,"T phase",3.30529203855933,2.26146734691528
250218522,"YCR073C","SSK22","","dma580","Vph1_R1_Plate02",2,8,127,65,"G1 phase",0.245157555286331,0.222993665009735
250218539,"YCR073C","SSK22","","dma580","Vph1_R1_Plate02",2,8,127,83,"S/G2 phase",1.07612677742658,1.21634312143157
250218548,"YCR073C","SSK22","","dma580","Vph1_R1_Plate02",2,8,127,93,"S/G2 phase",2.81393632459814,2.68624144309057
250218562,"YCR073C","SSK22","","dma580","Vph1_R1_Plate02",2,8,127,108,"S/G2 phase",0.90993293299853,0.949655705791227
250218671,"YCR073C","SSK22","","dma580","Vph1_R1_Plate02",2,8,127,220,"S/G2 phase",2.23225786909997,1.90354268579395
250218770,"YCR073C","SSK22","","dma580","Vph1_R1_Plate02",2,8,127,321,"S/G2 phase",2.04799947636452,1.88191724871628
250218806,"YCR073C","SSK22","","dma580","Vph1_R1_Plate02",2,8,127,357,"MA phase",1.97935419279642,2.11869210723094
250218824,"YCR073C","SSK22","","dma580","Vph1_R1_Plate02",2,8,127,375,"T phase",1.4229661049286,1.78918042913137
250218837,"YCR073C","SSK22","","dma580","Vph1_R1_Plate02",2,8,127,389,"S/G2 phase",1.18090115760948,1.13465579524401
250218994,"YCR073C","SSK22","","dma580","Vph1_R1_Plate02",2,8,128,146,"MA-single",-0.603876215161314,-0.771855365516028
250219043,"YCR073C","SSK22","","dma580","Vph1_R1_Plate02",2,8,128,198,"T phase",2.69471030576932,2.09682989529475
250219048,"YCR073C","SSK22","","dma580","Vph1_R1_Plate02",2,8,128,203,"S/G2 phase",1.22786898320871,1.46416747334358
250219103,"YCR073C","SSK22","","dma580","Vph1_R1_Plate02",2,8,128,260,"S/G2 phase",2.07328984399488,1.59210482189434
250219104,"YCR073C","SSK22","","dma580","Vph1_R1_Plate02",2,8,128,261,"S/G2 phase",1.32541754406865,1.26938068973886
250219129,"YCR073C","SSK22","","dma580","Vph1_R1_Plate02",2,8,128,287,"G1 phase",-0.275101435966694,-0.309118367025544
250219146,"YCR073C","SSK22","","dma580","Vph1_R1_Plate02",2,8,128,304,"S/G2 phase",0.599222702111307,0.910193229372117
250219197,"YCR073C","SSK22","","dma580","Vph1_R1_Plate02",2,8,128,357,"S/G2 phase",1.5277404851115,1.9145921791913
250219255,"YCR073C","SSK22","","dma580","Vph1_R1_Plate02",2,8,128,420,"S/G2 phase",0.52696450888172,0.729218312514078
250219273,"YCR073C","SSK22","","dma580","Vph1_R1_Plate02",2,8,128,438,"S/G2 phase",0.888255475029654,0.7850182541707
250219282,"YCR073C","SSK22","","dma580","Vph1_R1_Plate02",2,8,128,448,"S/G2 phase",0.317415748515918,0.457006150175058
250219288,"YCR073C","SSK22","","dma580","Vph1_R1_Plate02",2,8,128,455,"S/G2 phase",0.0283829755975706,-0.0273562853930977
250222729,"YCR071C","IMG2","","dma581","Vph1_R1_Plate02",2,10,133,5,"S/G2 phase",1.36515955034493,0.979568262916913
250222733,"YCR071C","IMG2","","dma581","Vph1_R1_Plate02",2,10,133,9,"G1 phase",-0.972393000632207,-1.11068018805051
250222751,"YCR071C","IMG2","","dma581","Vph1_R1_Plate02",2,10,133,27,"S/G2 phase",1.24593353151611,1.28571815497637
250222781,"YCR071C","IMG2","","dma581","Vph1_R1_Plate02",2,10,133,57,"S/G2 phase",2.58632301592494,1.98523001198151
250222790,"YCR071C","IMG2","","dma581","Vph1_R1_Plate02",2,10,133,66,"G1 phase",0.223480097317455,0.236568756897909
250222814,"YCR071C","IMG2","","dma581","Vph1_R1_Plate02",2,10,133,90,"S/G2 phase",0.90632002333705,1.12108070335584
250222834,"YCR071C","IMG2","","dma581","Vph1_R1_Plate02",2,10,133,110,"S/G2 phase",1.58554703969517,1.71578022299182
250222836,"YCR071C","IMG2","","dma581","Vph1_R1_Plate02",2,10,133,112,"S/G2 phase",0.707609991955687,0.666630824913371
250222849,"YCR071C","IMG2","","dma581","Vph1_R1_Plate02",2,10,133,125,"S/G2 phase",3.74967992692129,3.46317867883001
250222861,"YCR071C","IMG2","","dma581","Vph1_R1_Plate02",2,10,134,5,"MA phase",2.90064615647365,2.8820542510822
250222901,"YCR071C","IMG2","","dma581","Vph1_R1_Plate02",2,10,134,47,"G1 phase",0.606448521434265,0.431118765644121
250222943,"YCR071C","IMG2","","dma581","Vph1_R1_Plate02",2,10,134,90,"T phase",1.87457981261351,1.58381770184632
250222992,"YCR071C","IMG2","","dma581","Vph1_R1_Plate02",2,10,135,22,"S/G2 phase",1.30735299576126,1.09669289292883
250223023,"YCR071C","IMG2","","dma581","Vph1_R1_Plate02",2,10,135,53,"S/G2 phase",0.631738889064621,0.714143646521978
250223036,"YCR071C","IMG2","","dma581","Vph1_R1_Plate02",2,10,135,66,"G1 phase",-0.426843641748826,-0.437055715576298
250223053,"YCR071C","IMG2","","dma581","Vph1_R1_Plate02",2,10,135,84,"S/G2 phase",2.79587177629075,1.95129228226107
250223059,"YCR071C","IMG2","","dma581","Vph1_R1_Plate02",2,10,135,90,"T phase",2.925936524104,2.9283042734454
250223062,"YCR071C","IMG2","","dma581","Vph1_R1_Plate02",2,10,136,1,"G1 phase",-0.159488326799355,-0.367680682031503
250223085,"YCR071C","IMG2","","dma581","Vph1_R1_Plate02",2,10,136,25,"G1 phase",-0.123359230184562,-0.31590591296963
250223124,"YCR071C","IMG2","","dma581","Vph1_R1_Plate02",2,10,136,64,"T phase",1.8601281739676,1.52399258759495
250223132,"YCR071C","IMG2","","dma581","Vph1_R1_Plate02",2,10,136,72,"S/G2 phase",1.49883720781966,1.37016785451326
250223145,"YCR071C","IMG2","","dma581","Vph1_R1_Plate02",2,10,136,85,"MA-single",-0.401553274118471,-0.499643203177007
250223161,"YCR071C","IMG2","","dma581","Vph1_R1_Plate02",2,10,136,101,"S/G2 phase",0.274060832578166,0.0651437593332954
250226689,"YCR069W","CPR4","","dma582","Vph1_R1_Plate02",2,12,141,2,"S/G2 phase",1.74812797446174,2.21797969790142
250226781,"YCR069W","CPR4","","dma582","Vph1_R1_Plate02",2,12,141,98,"S/G2 phase",1.21341734456279,1.48579291042125
250226864,"YCR069W","CPR4","","dma582","Vph1_R1_Plate02",2,12,141,185,"S/G2 phase",1.24232062185463,1.225893040725
250226911,"YCR069W","CPR4","","dma582","Vph1_R1_Plate02",2,12,141,232,"G1 phase",0.52335159922024,0.635218693683758
250226950,"YCR069W","CPR4","","dma582","Vph1_R1_Plate02",2,12,141,271,"S/G2 phase",1.56025667206481,1.21634312143157
250226953,"YCR069W","CPR4","","dma582","Vph1_R1_Plate02",2,12,141,274,"S/G2 phase",1.27483680880794,1.6124674597266
250227016,"YCR069W","CPR4","","dma582","Vph1_R1_Plate02",2,12,141,339,"S/G2 phase",2.24309659808441,2.21671689865601
250227041,"YCR069W","CPR4","","dma582","Vph1_R1_Plate02",2,12,141,364,"S/G2 phase",3.45342133467999,3.01275397298229
250227049,"YCR069W","CPR4","","dma582","Vph1_R1_Plate02",2,12,141,372,"MA-single",-0.542456750916165,-0.660255482202785
250227057,"YCR069W","CPR4","","dma582","Vph1_R1_Plate02",2,12,141,381,"G1 phase",-0.607489124822793,-0.709267877915319
250227067,"YCR069W","CPR4","","dma582","Vph1_R1_Plate02",2,12,142,7,"S/G2 phase",2.87535578884329,2.89436654372496
250227088,"YCR069W","CPR4","","dma582","Vph1_R1_Plate02",2,12,142,29,"S/G2 phase",0.259609193932249,0.677443543452206
250227096,"YCR069W","CPR4","","dma582","Vph1_R1_Plate02",2,12,142,39,"S/G2 phase",1.39406282763676,1.43551771546331
250227102,"YCR069W","CPR4","","dma582","Vph1_R1_Plate02",2,12,142,45,"S/G2 phase",1.74090215513878,1.64238001685228
250227115,"YCR069W","CPR4","","dma582","Vph1_R1_Plate02",2,12,142,58,"MA-single",-1.53600690782298,-1.79787975241289
250227176,"YCR069W","CPR4","","dma582","Vph1_R1_Plate02",2,12,142,120,"S/G2 phase",3.13187237480833,3.30659157239898
250227243,"YCR069W","CPR4","","dma582","Vph1_R1_Plate02",2,12,142,190,"S/G2 phase",2.09496730196375,2.49421703283518
250227265,"YCR069W","CPR4","","dma582","Vph1_R1_Plate02",2,12,142,213,"S/G2 phase",0.563093605496513,0.636718267787685
250227283,"YCR069W","CPR4","","dma582","Vph1_R1_Plate02",2,12,142,232,"S/G2 phase",0.888255475029654,0.897880936729355
250227330,"YCR069W","CPR4","","dma582","Vph1_R1_Plate02",2,12,142,280,"S/G2 phase",1.78786998073801,1.56748023660881
250227365,"YCR069W","CPR4","","dma582","Vph1_R1_Plate02",2,12,142,317,"S/G2 phase",2.91871070478104,2.61536683544185
250227380,"YCR069W","CPR4","","dma582","Vph1_R1_Plate02",2,12,142,333,"T phase",3.48232461197182,3.08489137987642
250227387,"YCR069W","CPR4","","dma582","Vph1_R1_Plate02",2,12,142,340,"S/G2 phase",2.17806422417778,2.09959226864409
250227450,"YCR069W","CPR4","","dma582","Vph1_R1_Plate02",2,12,143,14,"T phase",1.79509580006097,1.80977984182215
250227466,"YCR069W","CPR4","","dma582","Vph1_R1_Plate02",2,12,143,31,"S/G2 phase",5.46581201612398,3.96664095298501
250227498,"YCR069W","CPR4","","dma582","Vph1_R1_Plate02",2,12,143,63,"S/G2 phase",1.79148289039949,1.55516794396605
250227654,"YCR069W","CPR4","","dma582","Vph1_R1_Plate02",2,12,143,221,"S/G2 phase",4.09290634476183,2.92704147419998
250227659,"YCR069W","CPR4","","dma582","Vph1_R1_Plate02",2,12,143,226,"S/G2 phase",2.83561378256702,2.97731666915793
250227693,"YCR069W","CPR4","","dma582","Vph1_R1_Plate02",2,12,143,260,"MA-single",0.548641966850596,0.538693476362615
250227752,"YCR069W","CPR4","","dma582","Vph1_R1_Plate02",2,12,143,321,"S/G2 phase",0.685932533986811,1.25454279860527
250227753,"YCR069W","CPR4","","dma582","Vph1_R1_Plate02",2,12,143,322,"T phase",4.40361657564905,3.35157879551676
250227806,"YCR069W","CPR4","","dma582","Vph1_R1_Plate02",2,12,144,23,"S/G2 phase",1.29290135711534,1.76479261870436
250227900,"YCR069W","CPR4","","dma582","Vph1_R1_Plate02",2,12,144,121,"S/G2 phase",2.35870970725175,1.82887968040899
250227994,"YCR069W","CPR4","","dma582","Vph1_R1_Plate02",2,12,144,218,"S/G2 phase",1.41574028560564,1.32391783215007
250228012,"YCR069W","CPR4","","dma582","Vph1_R1_Plate02",2,12,144,237,"S/G2 phase",1.22786898320871,1.05446804316038
250228035,"YCR069W","CPR4","","dma582","Vph1_R1_Plate02",2,12,144,260,"MA phase",1.53496630443446,1.62880492496411
250228092,"YCR069W","CPR4","","dma582","Vph1_R1_Plate02",2,12,144,318,"T phase",4.7107138968748,3.78440323688156
250228110,"YCR069W","CPR4","","dma582","Vph1_R1_Plate02",2,12,144,337,"S/G2 phase",2.6116133835553,2.35672976499101
250228119,"YCR069W","CPR4","","dma582","Vph1_R1_Plate02",2,12,144,346,"S/G2 phase",1.39044991797528,1.60418033967858
250228122,"YCR069W","CPR4","","dma582","Vph1_R1_Plate02",2,12,144,349,"S/G2 phase",0.555867786173554,0.863943207008921
250232830,"YCR068W","ATG15","","dma583","Vph1_R1_Plate02",2,14,149,32,"S/G2 phase",0.534190328204678,0.301918617847955
250232847,"YCR068W","ATG15","","dma583","Vph1_R1_Plate02",2,14,149,51,"S/G2 phase",0.996642764874034,1.32115545880073
250232899,"YCR068W","ATG15","","dma583","Vph1_R1_Plate02",2,14,149,103,"S/G2 phase",4.66013316161409,4.41982803218207
250232904,"YCR068W","ATG15","","dma583","Vph1_R1_Plate02",2,14,149,108,"S/G2 phase",3.49316334095626,2.69957976012024
250232927,"YCR068W","ATG15","","dma583","Vph1_R1_Plate02",2,14,149,131,"S/G2 phase",2.32980642995991,1.73085488898393
250232929,"YCR068W","ATG15","","dma583","Vph1_R1_Plate02",2,14,149,133,"S/G2 phase",2.58271010626346,1.99075475868018
250232945,"YCR068W","ATG15","","dma583","Vph1_R1_Plate02",2,14,149,149,"T phase",2.88980742748921,2.35546696574559
250232972,"YCR068W","ATG15","","dma583","Vph1_R1_Plate02",2,14,149,176,"S/G2 phase",-0.502714744639893,-0.499643203177007
250232991,"YCR068W","ATG15","","dma583","Vph1_R1_Plate02",2,14,149,195,"T phase",5.3393601779722,3.52852853978006
250232999,"YCR068W","ATG15","","dma583","Vph1_R1_Plate02",2,14,149,203,"S/G2 phase",1.68309560055511,1.80149272177413
250233013,"YCR068W","ATG15","","dma583","Vph1_R1_Plate02",2,14,149,217,"S/G2 phase",0.823223101123026,0.817693184645724
250233020,"YCR068W","ATG15","","dma583","Vph1_R1_Plate02",2,14,149,224,"S/G2 phase",1.80954743870689,1.76076744610961
250233029,"YCR068W","ATG15","","dma583","Vph1_R1_Plate02",2,14,149,233,"S/G2 phase",4.32774547275799,2.8740039058927
250233032,"YCR068W","ATG15","","dma583","Vph1_R1_Plate02",2,14,149,236,"T phase",3.84361557811975,3.41290348387206
250233072,"YCR068W","ATG15","","dma583","Vph1_R1_Plate02",2,14,149,277,"G1 phase",0.0789637108582814,0.0814812245708069
250233087,"YCR068W","ATG15","","dma583","Vph1_R1_Plate02",2,14,149,292,"S/G2 phase",-0.79174751755824,-0.735155262446255
250233134,"YCR068W","ATG15","","dma583","Vph1_R1_Plate02",2,14,149,340,"S/G2 phase",1.43380483391303,1.47624299112783
250233135,"YCR068W","ATG15","","dma583","Vph1_R1_Plate02",2,14,149,341,"S/G2 phase",0.317415748515918,0.0420187481516986
250233145,"YCR068W","ATG15","","dma583","Vph1_R1_Plate02",2,14,149,352,"S/G2 phase",1.41574028560564,1.28169298238162
250233147,"YCR068W","ATG15","","dma583","Vph1_R1_Plate02",2,14,149,354,"S/G2 phase",0.1981897296871,0.433881138993459
250233155,"YCR068W","ATG15","","dma583","Vph1_R1_Plate02",2,14,150,6,"S/G2 phase",1.00025567453551,1.08714297363541
250233179,"YCR068W","ATG15","","dma583","Vph1_R1_Plate02",2,14,150,30,"T phase",1.42657901459008,1.62201737902002
250233216,"YCR068W","ATG15","","dma583","Vph1_R1_Plate02",2,14,150,71,"S/G2 phase",1.75174088412322,1.75397990016552
250233290,"YCR068W","ATG15","","dma583","Vph1_R1_Plate02",2,14,150,152,"S/G2 phase",2.83200087290554,2.7038417075735
250233365,"YCR068W","ATG15","","dma583","Vph1_R1_Plate02",2,14,150,229,"S/G2 phase",0.30296410987,0.667893624158781
250233368,"YCR068W","ATG15","","dma583","Vph1_R1_Plate02",2,14,150,232,"S/G2 phase",1.37599827932936,1.39329286569486
250233386,"YCR068W","ATG15","","dma583","Vph1_R1_Plate02",2,14,150,251,"G1 phase",-0.412392003102909,-0.207068403005725
250233391,"YCR068W","ATG15","","dma583","Vph1_R1_Plate02",2,14,150,256,"S/G2 phase",2.38761298454358,3.075341460583
250233436,"YCR068W","ATG15","","dma583","Vph1_R1_Plate02",2,14,150,301,"S/G2 phase",-0.134197959169,0.0596190126346199
250233513,"YCR068W","ATG15","","dma583","Vph1_R1_Plate02",2,14,151,46,"S/G2 phase",2.51767773235684,2.52286679071546
250233554,"YCR068W","ATG15","","dma583","Vph1_R1_Plate02",2,14,151,90,"S/G2 phase",3.69187337233762,3.19649126318966
250233574,"YCR068W","ATG15","","dma583","Vph1_R1_Plate02",2,14,151,110,"S/G2 phase",1.93961218652014,1.72406734303984
250233578,"YCR068W","ATG15","","dma583","Vph1_R1_Plate02",2,14,151,114,"S/G2 phase",2.54296809998719,2.25341700172577
250233606,"YCR068W","ATG15","","dma583","Vph1_R1_Plate02",2,14,151,144,"S/G2 phase",2.09858021162523,2.28735473144622
250233611,"YCR068W","ATG15","","dma583","Vph1_R1_Plate02",2,14,151,149,"S/G2 phase",1.97935419279642,2.41679165410089
250233619,"YCR068W","ATG15","","dma583","Vph1_R1_Plate02",2,14,151,157,"S/G2 phase",0.508899960574323,0.305943790442705
250233626,"YCR068W","ATG15","","dma583","Vph1_R1_Plate02",2,14,151,164,"T phase",5.5850380349528,4.04154073322848
250233627,"YCR068W","ATG15","","dma583","Vph1_R1_Plate02",2,14,151,165,"T phase",0.646190527710538,0.959205625084652
250233628,"YCR068W","ATG15","","dma583","Vph1_R1_Plate02",2,14,151,166,"S/G2 phase",0.725674540263084,0.926530694609628
250233629,"YCR068W","ATG15","","dma583","Vph1_R1_Plate02",2,14,151,167,"T phase",3.19329183905347,2.82222913683082
250233647,"YCR068W","ATG15","","dma583","Vph1_R1_Plate02",2,14,151,187,"S/G2 phase",0.042834614243488,0.00255627173258697
250233696,"YCR068W","ATG15","","dma583","Vph1_R1_Plate02",2,14,151,237,"S/G2 phase",2.79587177629075,2.11190456128685
250233706,"YCR068W","ATG15","","dma583","Vph1_R1_Plate02",2,14,151,247,"S/G2 phase",1.03277186148883,0.975543090322164
250233748,"YCR068W","ATG15","","dma583","Vph1_R1_Plate02",2,14,151,289,"T phase",3.54013116655549,2.44670421122658
250233797,"YCR068W","ATG15","","dma583","Vph1_R1_Plate02",2,14,152,37,"T phase",2.70554903475376,2.55277934784115
250233854,"YCR068W","ATG15","","dma583","Vph1_R1_Plate02",2,14,152,94,"S/G2 phase",-0.0691655852623716,-0.00699364756083783
250233859,"YCR068W","ATG15","","dma583","Vph1_R1_Plate02",2,14,152,99,"S/G2 phase",2.13832221790151,2.29690465073963
250233905,"YCR068W","ATG15","","dma583","Vph1_R1_Plate02",2,14,152,145,"S/G2 phase",2.36954843623618,2.02469248840062
250233936,"YCR068W","ATG15","","dma583","Vph1_R1_Plate02",2,14,152,177,"S/G2 phase",2.41651626183542,1.73211768822934
250234035,"YCR068W","ATG15","","dma583","Vph1_R1_Plate02",2,14,152,279,"S/G2 phase",0.494448321928406,0.477368788007318
250234068,"YCR068W","ATG15","","dma583","Vph1_R1_Plate02",2,14,152,312,"S/G2 phase",0.848513468753381,1.25178042525593
250234077,"YCR068W","ATG15","","dma583","Vph1_R1_Plate02",2,14,152,321,"S/G2 phase",3.15716274243868,2.8508788947111
250234078,"YCR068W","ATG15","","dma583","Vph1_R1_Plate02",2,14,152,322,"S/G2 phase",0.14038317510343,-0.0886809737483952
250234098,"YCR068W","ATG15","","dma583","Vph1_R1_Plate02",2,14,152,345,"S/G2 phase",0.805158552815629,0.979568262916913
250237950,"YCR067C","SED4","","dma584","Vph1_R1_Plate02",2,16,157,12,"S/G2 phase",0.935223300628885,1.08438060028607
250238053,"YCR067C","SED4","","dma584","Vph1_R1_Plate02",2,16,157,117,"S/G2 phase",-0.170327055783793,-0.166343127341204
250238247,"YCR067C","SED4","","dma584","Vph1_R1_Plate02",2,16,157,315,"S/G2 phase",0.823223101123026,1.32115545880073
250238259,"YCR067C","SED4","","dma584","Vph1_R1_Plate02",2,16,157,327,"S/G2 phase",0.508899960574323,0.96196799843399
250238291,"YCR067C","SED4","","dma584","Vph1_R1_Plate02",2,16,157,360,"S/G2 phase",0.841287649430422,0.86394320700892
250238296,"YCR067C","SED4","","dma584","Vph1_R1_Plate02",2,16,157,365,"S/G2 phase",3.40645350908076,3.60066594667419
250238316,"YCR067C","SED4","","dma584","Vph1_R1_Plate02",2,16,157,385,"S/G2 phase",0.335480296823315,0.252906222135421
250238461,"YCR067C","SED4","","dma584","Vph1_R1_Plate02",2,16,158,83,"T phase",1.56386958172629,1.59336762113975
250238483,"YCR067C","SED4","","dma584","Vph1_R1_Plate02",2,16,158,105,"S/G2 phase",2.17083840485482,2.33636712715875
250238516,"YCR067C","SED4","","dma584","Vph1_R1_Plate02",2,16,158,139,"MA-single",0.508899960574323,0.412018927057272
250238543,"YCR067C","SED4","","dma584","Vph1_R1_Plate02",2,16,158,166,"S/G2 phase",1.67586978123215,1.50891792160285
250238561,"YCR067C","SED4","","dma584","Vph1_R1_Plate02",2,16,158,185,"S/G2 phase",2.41651626183542,2.79634175229989
250238615,"YCR067C","SED4","","dma584","Vph1_R1_Plate02",2,16,158,241,"S/G2 phase",0.46915795429805,0.727718738410152
250238650,"YCR067C","SED4","","dma584","Vph1_R1_Plate02",2,16,158,276,"S/G2 phase",1.44103065323599,1.59336762113975
250238658,"YCR067C","SED4","","dma584","Vph1_R1_Plate02",2,16,158,284,"S/G2 phase",0.508899960574323,1.35106801592641
250238702,"YCR067C","SED4","","dma584","Vph1_R1_Plate02",2,16,158,329,"S/G2 phase",2.86451705985885,2.1159297338816
250238741,"YCR067C","SED4","","dma584","Vph1_R1_Plate02",2,16,158,369,"S/G2 phase",2.44903244878873,2.13502957246845
250238743,"YCR067C","SED4","","dma584","Vph1_R1_Plate02",2,16,158,371,"S/G2 phase",3.57626026317028,3.18694134389625
250238846,"YCR067C","SED4","","dma584","Vph1_R1_Plate02",2,16,159,34,"T phase",3.91587377134934,3.90002829278955
250238859,"YCR067C","SED4","","dma584","Vph1_R1_Plate02",2,16,159,47,"S/G2 phase",1.22064316388575,1.08840577288082
250238867,"YCR067C","SED4","","dma584","Vph1_R1_Plate02",2,16,159,55,"S/G2 phase",0.237931735963372,0.723693565815403
250238896,"YCR067C","SED4","","dma584","Vph1_R1_Plate02",2,16,159,86,"S/G2 phase",3.45342133467999,3.21961627437126
250238999,"YCR067C","SED4","","dma584","Vph1_R1_Plate02",2,16,159,191,"S/G2 phase",0.1981897296871,0.368531278043413
250239004,"YCR067C","SED4","","dma584","Vph1_R1_Plate02",2,16,159,196,"G1 phase",0.342706116146273,0.299156244498618
250239008,"YCR067C","SED4","","dma584","Vph1_R1_Plate02",2,16,159,200,"S/G2 phase",1.76257961310765,2.04379232698747
250239017,"YCR067C","SED4","","dma584","Vph1_R1_Plate02",2,16,159,209,"MA phase",1.8601281739676,2.10511701534276
250239021,"YCR067C","SED4","","dma584","Vph1_R1_Plate02",2,16,159,214,"S/G2 phase",2.12025766959411,2.53241671000889
250239053,"YCR067C","SED4","","dma584","Vph1_R1_Plate02",2,16,159,247,"S/G2 phase",1.06890095810362,1.38374294640144
250239061,"YCR067C","SED4","","dma584","Vph1_R1_Plate02",2,16,159,255,"MA-single",-0.470198557686578,-0.449368008219061
250239086,"YCR067C","SED4","","dma584","Vph1_R1_Plate02",2,16,159,282,"S/G2 phase",1.77341834209209,1.67229257397797
250239128,"YCR067C","SED4","","dma584","Vph1_R1_Plate02",2,16,159,324,"S/G2 phase",1.10141714505693,1.20955557548749
250239129,"YCR067C","SED4","","dma584","Vph1_R1_Plate02",2,16,159,325,"S/G2 phase",0.787094004508232,0.663868451564033
250239133,"YCR067C","SED4","","dma584","Vph1_R1_Plate02",2,16,159,329,"S/G2 phase",0.519738689558761,0.423068420454624
250239135,"YCR067C","SED4","","dma584","Vph1_R1_Plate02",2,16,159,331,"S/G2 phase",2.30090315266808,2.92427910085064
250239172,"YCR067C","SED4","","dma584","Vph1_R1_Plate02",2,16,159,370,"S/G2 phase",1.60361158800256,2.12271727982568
250239309,"YCR067C","SED4","","dma584","Vph1_R1_Plate02",2,16,160,83,"MA phase",2.65496829949305,2.14734186511121
250239317,"YCR067C","SED4","","dma584","Vph1_R1_Plate02",2,16,160,91,"S/G2 phase",1.33625627305309,1.16330555312429
250239358,"YCR067C","SED4","","dma584","Vph1_R1_Plate02",2,16,160,134,"MA-single",0.0283829755975706,-0.0615307899720475
250239373,"YCR067C","SED4","","dma584","Vph1_R1_Plate02",2,16,160,149,"S/G2 phase",0.172899362056744,0.365768904694075
250239472,"YCR067C","SED4","","dma584","Vph1_R1_Plate02",2,16,160,250,"T phase",4.38916493700314,3.87011573566387
250239498,"YCR067C","SED4","","dma584","Vph1_R1_Plate02",2,16,160,277,"G1 phase",-0.387101635472554,-0.529555760302692
250239548,"YCR067C","SED4","","dma584","Vph1_R1_Plate02",2,16,160,328,"S/G2 phase",-0.105294681877165,-0.207068403005725
250239600,"YCR067C","SED4","","dma584","Vph1_R1_Plate02",2,16,160,382,"MA-single",0.46915795429805,0.371293651392751
250242322,"YCR065W","HCM1","","dma585","Vph1_R1_Plate02",2,18,165,1,"S/G2 phase",0.545029057189116,0.778230708226614
250242334,"YCR065W","HCM1","","dma585","Vph1_R1_Plate02",2,18,165,14,"S/G2 phase",0.508899960574323,0.427093593049373
250242350,"YCR065W","HCM1","","dma585","Vph1_R1_Plate02",2,18,165,30,"S/G2 phase",2.1744513145163,1.94450473631699
250242352,"YCR065W","HCM1","","dma585","Vph1_R1_Plate02",2,18,165,32,"S/G2 phase",1.26399807982351,1.71451742374641
250242359,"YCR065W","HCM1","","dma585","Vph1_R1_Plate02",2,18,165,39,"MA-single",-1.51794235951559,-1.68777944320357
250242370,"YCR065W","HCM1","","dma585","Vph1_R1_Plate02",2,18,165,50,"S/G2 phase",2.02270910873417,1.83693002559849
250242376,"YCR065W","HCM1","","dma585","Vph1_R1_Plate02",2,18,165,56,"MA phase",1.37599827932936,1.07759305434198
250242512,"YCR065W","HCM1","","dma585","Vph1_R1_Plate02",2,18,165,200,"T phase",1.62890195563292,1.64238001685228
250242543,"YCR065W","HCM1","","dma585","Vph1_R1_Plate02",2,18,165,231,"S/G2 phase",0.985804035889596,1.46416747334358
250242568,"YCR065W","HCM1","","dma585","Vph1_R1_Plate02",2,18,165,256,"T phase",1.69754723920103,1.69541758515957
250242580,"YCR065W","HCM1","","dma585","Vph1_R1_Plate02",2,18,165,270,"S/G2 phase",2.2972902430066,1.57979252925157
250242586,"YCR065W","HCM1","","dma585","Vph1_R1_Plate02",2,18,165,276,"S/G2 phase",0.729287449924563,1.11705553076109
250242637,"YCR065W","HCM1","","dma585","Vph1_R1_Plate02",2,18,165,329,"MA-single",-0.806199156204157,-0.837205226466073
250242667,"YCR065W","HCM1","","dma585","Vph1_R1_Plate02",2,18,166,34,"T phase",3.40284059941928,2.37456680433244
250242687,"YCR065W","HCM1","","dma585","Vph1_R1_Plate02",2,18,166,56,"T phase",1.91070890922831,2.06289216557431
250242716,"YCR065W","HCM1","","dma585","Vph1_R1_Plate02",2,18,166,86,"S/G2 phase",1.78425707107653,1.58381770184632
250242740,"YCR065W","HCM1","","dma585","Vph1_R1_Plate02",2,18,166,110,"S/G2 phase",2.07328984399488,2.02895443585388
250242757,"YCR065W","HCM1","","dma585","Vph1_R1_Plate02",2,18,166,127,"S/G2 phase",2.11303185027115,1.78791762988596
250242789,"YCR065W","HCM1","","dma585","Vph1_R1_Plate02",2,18,166,160,"S/G2 phase",2.74529104103004,2.41931725259172
250242832,"YCR065W","HCM1","","dma585","Vph1_R1_Plate02",2,18,166,203,"S/G2 phase",2.85006542121294,2.82499151018017
250242864,"YCR065W","HCM1","","dma585","Vph1_R1_Plate02",2,18,166,238,"S/G2 phase",1.70477305852398,1.70899267704774
250242891,"YCR065W","HCM1","","dma585","Vph1_R1_Plate02",2,18,166,266,"S/G2 phase",1.91070890922831,1.44909280735148
250242922,"YCR065W","HCM1","","dma585","Vph1_R1_Plate02",2,18,166,298,"S/G2 phase",1.88541854159795,1.47774256523176
250242938,"YCR065W","HCM1","","dma585","Vph1_R1_Plate02",2,18,167,15,"S/G2 phase",0.6353517987261,0.910193229372117
250242980,"YCR065W","HCM1","","dma585","Vph1_R1_Plate02",2,18,167,60,"MA phase",2.1744513145163,2.6193920080366
250243002,"YCR065W","HCM1","","dma585","Vph1_R1_Plate02",2,18,167,82,"T phase",3.81109939116644,2.61134166284711
250243074,"YCR065W","HCM1","","dma585","Vph1_R1_Plate02",2,18,167,154,"MA phase",2.051612386026,2.33107915531859
250243081,"YCR065W","HCM1","","dma585","Vph1_R1_Plate02",2,18,167,162,"S/G2 phase",1.20257861557836,1.39329286569486
250243088,"YCR065W","HCM1","","dma585","Vph1_R1_Plate02",2,18,167,169,"S/G2 phase",2.1925158628237,2.43162954523448
250243132,"YCR065W","HCM1","","dma585","Vph1_R1_Plate02",2,18,167,215,"S/G2 phase",1.56386958172629,1.5048927490081
250243141,"YCR065W","HCM1","","dma585","Vph1_R1_Plate02",2,18,167,224,"S/G2 phase",2.18890295316222,2.26146734691528
250243155,"YCR065W","HCM1","","dma585","Vph1_R1_Plate02",2,18,167,238,"S/G2 phase",0.707609991955687,1.19321811024997
250243161,"YCR065W","HCM1","","dma585","Vph1_R1_Plate02",2,18,167,244,"S/G2 phase",1.13754624167173,1.4272305954153
250243237,"YCR065W","HCM1","","dma585","Vph1_R1_Plate02",2,18,168,27,"MA phase",2.75612977001447,2.7269667187551
250243287,"YCR065W","HCM1","","dma585","Vph1_R1_Plate02",2,18,168,78,"S/G2 phase",2.85006542121294,2.29966702408897
250243304,"YCR065W","HCM1","","dma585","Vph1_R1_Plate02",2,18,168,98,"S/G2 phase",1.68309560055511,1.26535551714411
250243318,"YCR065W","HCM1","","dma585","Vph1_R1_Plate02",2,18,168,112,"S/G2 phase",2.32258061063695,2.28885430555014
250243343,"YCR065W","HCM1","","dma585","Vph1_R1_Plate02",2,18,168,139,"S/G2 phase",1.12670751268729,1.19874285694865
250243360,"YCR065W","HCM1","","dma585","Vph1_R1_Plate02",2,18,168,157,"S/G2 phase",2.49600027438796,1.96210500079991
250243362,"YCR065W","HCM1","","dma585","Vph1_R1_Plate02",2,18,168,159,"S/G2 phase",0.888255475029654,0.897880936729355
250243378,"YCR065W","HCM1","","dma585","Vph1_R1_Plate02",2,18,168,175,"S/G2 phase",0.342706116146273,0.556530515704055
250243503,"YCR065W","HCM1","","dma585","Vph1_R1_Plate02",2,18,168,304,"MA phase",2.60800047389382,2.83304185536966
250246288,"YCR063W","BUD31","","dma586","Vph1_R1_Plate02",2,20,173,29,"S/G2 phase",2.95845271105732,2.58269190496683
250246294,"YCR063W","BUD31","","dma586","Vph1_R1_Plate02",2,20,173,36,"S/G2 phase",2.3659355265747,2.78276666041172
250246300,"YCR063W","BUD31","","dma586","Vph1_R1_Plate02",2,20,173,42,"S/G2 phase",-0.0655526756008922,0.252906222135421
250246323,"YCR063W","BUD31","","dma586","Vph1_R1_Plate02",2,20,173,68,"S/G2 phase",2.16361258553186,1.98799238533084
250246324,"YCR063W","BUD31","","dma586","Vph1_R1_Plate02",2,20,173,69,"S/G2 phase",2.47070990675761,1.94174236296765
250246330,"YCR063W","BUD31","","dma586","Vph1_R1_Plate02",2,20,173,75,"S/G2 phase",2.91148488545808,2.73525383880311
250246334,"YCR063W","BUD31","","dma586","Vph1_R1_Plate02",2,20,173,79,"T phase",5.55974766732244,4.00207825680937
250246350,"YCR063W","BUD31","","dma586","Vph1_R1_Plate02",2,20,173,97,"G1 phase",-0.903747717064099,-1.03175523521229
250246391,"YCR063W","BUD31","","dma586","Vph1_R1_Plate02",2,20,173,138,"S/G2 phase",5.6898124151357,3.97769044638236
250246398,"YCR063W","BUD31","","dma586","Vph1_R1_Plate02",2,20,173,147,"S/G2 phase",2.04077365704156,1.8763925020176
250246400,"YCR063W","BUD31","","dma586","Vph1_R1_Plate02",2,20,173,149,"S/G2 phase",1.78786998073801,1.49534282971468
250246441,"YCR063W","BUD31","","dma586","Vph1_R1_Plate02",2,20,173,194,"S/G2 phase",0.891868384691133,0.561818487544215
250246444,"YCR063W","BUD31","","dma586","Vph1_R1_Plate02",2,20,174,3,"S/G2 phase",0.230705916640414,0.101843862403068
250246452,"YCR063W","BUD31","","dma586","Vph1_R1_Plate02",2,20,174,11,"MA-single",-0.752005511281967,-0.794980376697626
250246498,"YCR063W","BUD31","","dma586","Vph1_R1_Plate02",2,20,174,61,"S/G2 phase",0.0356087949205293,0.0324688288582722
250246505,"YCR063W","BUD31","","dma586","Vph1_R1_Plate02",2,20,174,69,"S/G2 phase",2.43458081014281,2.23557996238434
250246586,"YCR063W","BUD31","","dma586","Vph1_R1_Plate02",2,20,174,155,"S/G2 phase",-0.202843242737107,-0.0193059402036
250246590,"YCR063W","BUD31","","dma586","Vph1_R1_Plate02",2,20,174,159,"S/G2 phase",0.610061431095745,0.775468334877275
250246609,"YCR063W","BUD31","","dma586","Vph1_R1_Plate02",2,20,175,17,"MA-single",0.270447922916687,0.252906222135422
250246611,"YCR063W","BUD31","","dma586","Vph1_R1_Plate02",2,20,175,19,"S/G2 phase",3.26193712262158,2.596266996855
250246625,"YCR063W","BUD31","","dma586","Vph1_R1_Plate02",2,20,175,34,"S/G2 phase",0.223480097317455,0.657080905619945
250246639,"YCR063W","BUD31","","dma586","Vph1_R1_Plate02",2,20,175,52,"G1 phase",-0.329295080888884,-0.456155554163147
250246664,"YCR063W","BUD31","","dma586","Vph1_R1_Plate02",2,20,175,79,"MA-single",-0.35097253885776,-0.409905531799951
250246678,"YCR063W","BUD31","","dma586","Vph1_R1_Plate02",2,20,175,93,"S/G2 phase",2.07690275365636,2.22074207125075
250246699,"YCR063W","BUD31","","dma586","Vph1_R1_Plate02",2,20,175,115,"T phase",2.80671050527518,2.80186649899856
250246706,"YCR063W","BUD31","","dma586","Vph1_R1_Plate02",2,20,175,123,"S/G2 phase",3.79664775252052,3.51621624713729
250246723,"YCR063W","BUD31","","dma586","Vph1_R1_Plate02",2,20,175,141,"MA-single",-1.06632865183067,-1.16245495711238
250246739,"YCR063W","BUD31","","dma586","Vph1_R1_Plate02",2,20,176,2,"T phase",2.14554803722446,1.73764243492801
250246748,"YCR063W","BUD31","","dma586","Vph1_R1_Plate02",2,20,176,13,"S/G2 phase",0.46915795429805,0.190318734534712
250246784,"YCR063W","BUD31","","dma586","Vph1_R1_Plate02",2,20,176,51,"S/G2 phase",2.5249035516798,2.36351731093509
250246790,"YCR063W","BUD31","","dma586","Vph1_R1_Plate02",2,20,176,57,"S/G2 phase",0.956900758597761,1.16054317977495
250246793,"YCR063W","BUD31","","dma586","Vph1_R1_Plate02",2,20,176,60,"S/G2 phase",3.07406582022466,2.57590435902274
250246810,"YCR063W","BUD31","","dma586","Vph1_R1_Plate02",2,20,176,80,"S/G2 phase",0.277673742239645,0.350931013560491
250246838,"YCR063W","BUD31","","dma586","Vph1_R1_Plate02",2,20,176,108,"S/G2 phase",2.30451606232956,2.21521732455208
250246862,"YCR063W","BUD31","","dma586","Vph1_R1_Plate02",2,20,176,132,"S/G2 phase",1.7553537937847,1.61096788562267
250246920,"YCR063W","BUD31","","dma586","Vph1_R1_Plate02",2,20,176,191,"S/G2 phase",3.63767972741543,3.18970371724557
250246928,"YCR063W","BUD31","","dma586","Vph1_R1_Plate02",2,20,176,200,"S/G2 phase",1.43019192425155,0.94286815984714
250251125,"YCR062W","","","dma587","Vph1_R1_Plate02",2,22,181,57,"MA-single",-0.744779691959008,-0.815343014529886
250251131,"YCR062W","","","dma587","Vph1_R1_Plate02",2,22,181,63,"S/G2 phase",1.73006342615434,2.43841709117857
250251134,"YCR062W","","","dma587","Vph1_R1_Plate02",2,22,181,67,"T phase",1.76257961310765,2.15941738289546
250251143,"YCR062W","","","dma587","Vph1_R1_Plate02",2,22,181,76,"S/G2 phase",0.657029256694976,0.7850182541707
250251152,"YCR062W","","","dma587","Vph1_R1_Plate02",2,22,181,85,"T phase",2.33341933962139,1.86960495607352
250251178,"YCR062W","","","dma587","Vph1_R1_Plate02",2,22,181,112,"S/G2 phase",0.389673941745505,0.654318532270608
250251193,"YCR062W","","","dma587","Vph1_R1_Plate02",2,22,181,127,"S/G2 phase",0.36077066445367,0.236568756897909
250251196,"YCR062W","","","dma587","Vph1_R1_Plate02",2,22,181,130,"S/G2 phase",0.996642764874034,1.12660545005452
250251200,"YCR062W","","","dma587","Vph1_R1_Plate02",2,22,181,134,"S/G2 phase",1.84567653532168,1.77031736540303
250251210,"YCR062W","","","dma587","Vph1_R1_Plate02",2,22,181,144,"S/G2 phase",2.75974267967595,2.64804176591687
250251292,"YCR062W","","","dma587","Vph1_R1_Plate02",2,22,181,230,"S/G2 phase",1.14477206099469,1.35659276262509
250251295,"YCR062W","","","dma587","Vph1_R1_Plate02",2,22,181,233,"T phase",1.28567553779238,1.12660545005452
250251299,"YCR062W","","","dma587","Vph1_R1_Plate02",2,22,181,237,"S/G2 phase",0.859352197737819,0.970018343623488
250251339,"YCR062W","","","dma587","Vph1_R1_Plate02",2,22,182,36,"G1 phase",0.162060633072306,-0.111805984929994
250251356,"YCR062W","","","dma587","Vph1_R1_Plate02",2,22,182,54,"S/G2 phase",1.14115915133321,1.1565180071802
250251371,"YCR062W","","","dma587","Vph1_R1_Plate02",2,22,182,70,"S/G2 phase",1.54219212375741,1.49131765711993
250251424,"YCR062W","","","dma587","Vph1_R1_Plate02",2,22,182,123,"T phase",4.98168212148575,3.62379095785578
250251439,"YCR062W","","","dma587","Vph1_R1_Plate02",2,22,182,138,"S/G2 phase",3.29806621923637,2.96374157726975
250251445,"YCR062W","","","dma587","Vph1_R1_Plate02",2,22,182,144,"G1 phase",0.158447723410827,0.250143848786083
250251489,"YCR062W","","","dma587","Vph1_R1_Plate02",2,22,182,189,"T phase",6.75923367493358,5.08263978611744
250251557,"YCR062W","","","dma587","Vph1_R1_Plate02",2,22,182,257,"S/G2 phase",2.63329084152418,1.853267490836
250251605,"YCR062W","","","dma587","Vph1_R1_Plate02",2,22,182,306,"S/G2 phase",0.570319424819472,0.745555777751591
250251632,"YCR062W","","","dma587","Vph1_R1_Plate02",2,22,182,335,"S/G2 phase",1.44103065323599,1.64916756279637
250251640,"YCR062W","","","dma587","Vph1_R1_Plate02",2,22,182,343,"S/G2 phase",-0.477424377009537,-0.562230690777715
250251664,"YCR062W","","","dma587","Vph1_R1_Plate02",2,22,183,21,"S/G2 phase",1.80593452904541,2.20164223266391
250251682,"YCR062W","","","dma587","Vph1_R1_Plate02",2,22,183,40,"S/G2 phase",2.8030975956137,2.29011710479555
250251761,"YCR062W","","","dma587","Vph1_R1_Plate02",2,22,183,123,"S/G2 phase",0.591996882788348,0.522356011125104
250251781,"YCR062W","","","dma587","Vph1_R1_Plate02",2,22,183,145,"S/G2 phase",0.664255076017935,1.29526807426979
250251835,"YCR062W","","","dma587","Vph1_R1_Plate02",2,22,183,200,"T phase",5.00335957945462,4.54776538073282
250251909,"YCR062W","","","dma587","Vph1_R1_Plate02",2,22,183,276,"S/G2 phase",0.541416147527637,0.721167967324581
250251914,"YCR062W","","","dma587","Vph1_R1_Plate02",2,22,183,281,"S/G2 phase",2.99458180767211,2.95016648538158
250251923,"YCR062W","","","dma587","Vph1_R1_Plate02",2,22,183,290,"S/G2 phase",3.20774347769939,2.41126690740221
250251928,"YCR062W","","","dma587","Vph1_R1_Plate02",2,22,183,295,"S/G2 phase",1.54219212375741,1.70496750445299
250251954,"YCR062W","","","dma587","Vph1_R1_Plate02",2,22,183,321,"MA-single",-1.37342597305641,-1.43869229204615
250252001,"YCR062W","","","dma587","Vph1_R1_Plate02",2,22,184,39,"S/G2 phase",0.642577618049059,0.614856055851498
250252009,"YCR062W","","","dma587","Vph1_R1_Plate02",2,22,184,48,"S/G2 phase",0.624513069741662,0.661106078214695
250252032,"YCR062W","","","dma587","Vph1_R1_Plate02",2,22,184,72,"S/G2 phase",2.03354783771861,1.94852990891174
250252067,"YCR062W","","","dma587","Vph1_R1_Plate02",2,22,184,109,"S/G2 phase",0.68954544364829,0.657080905619947
250252068,"YCR062W","","","dma587","Vph1_R1_Plate02",2,22,184,110,"T phase",3.90864795202638,2.96776674986451
250252071,"YCR062W","","","dma587","Vph1_R1_Plate02",2,22,184,113,"S/G2 phase",1.26761098948498,1.24223050596251
250252084,"YCR062W","","","dma587","Vph1_R1_Plate02",2,22,184,126,"T phase",1.7372892454773,2.35949213834034
250252091,"YCR062W","","","dma587","Vph1_R1_Plate02",2,22,184,133,"S/G2 phase",2.35509679759027,1.87915487536694
250252094,"YCR062W","","","dma587","Vph1_R1_Plate02",2,22,184,137,"S/G2 phase",1.41935319526712,1.57979252925157
250252113,"YCR062W","","","dma587","Vph1_R1_Plate02",2,22,184,156,"S/G2 phase",0.371609393438108,0.458268949420469
250252138,"YCR062W","","","dma587","Vph1_R1_Plate02",2,22,184,181,"MA phase",1.41935319526712,1.79344237658464
250252169,"YCR062W","","","dma587","Vph1_R1_Plate02",2,22,184,212,"S/G2 phase",2.76335558933743,2.12145448058028
250252187,"YCR062W","","","dma587","Vph1_R1_Plate02",2,22,184,231,"S/G2 phase",1.79509580006097,1.589342448545
250252198,"YCR062W","","","dma587","Vph1_R1_Plate02",2,22,184,244,"T phase",1.86735399329056,1.49534282971468
250252211,"YCR062W","","","dma587","Vph1_R1_Plate02",2,22,184,258,"MA-single",-0.990457548939604,-1.06040499309256
250321707,"YDL012C","","","dma617","Vph1_R1_Plate02",8,10,709,12,"S/G2 phase",0.805158552815629,1.07483068099264
250321740,"YDL012C","","","dma617","Vph1_R1_Plate02",8,10,709,47,"S/G2 phase",1.83483780633724,2.10914218793751
250321769,"YDL012C","","","dma617","Vph1_R1_Plate02",8,10,709,78,"T phase",1.76619252276913,1.91861735178605
250321777,"YDL012C","","","dma617","Vph1_R1_Plate02",8,10,709,86,"S/G2 phase",2.19974168214665,2.78552903376105
250321784,"YDL012C","","","dma617","Vph1_R1_Plate02",8,10,709,93,"T phase",1.99741874110381,1.9608422015545
250321804,"YDL012C","","","dma617","Vph1_R1_Plate02",8,10,709,113,"S/G2 phase",1.25315935083907,1.18919293765522
250321819,"YDL012C","","","dma617","Vph1_R1_Plate02",8,10,709,130,"S/G2 phase",1.177288247948,1.43954288805806
250321839,"YDL012C","","","dma617","Vph1_R1_Plate02",8,10,709,150,"S/G2 phase",0.064512072212364,0.69101863534038
250321895,"YDL012C","","","dma617","Vph1_R1_Plate02",8,10,709,207,"T phase",3.13909819413128,2.87124153254336
250321905,"YDL012C","","","dma617","Vph1_R1_Plate02",8,10,709,217,"S/G2 phase",-0.401553274118471,-0.203043230410976
250322009,"YDL012C","","","dma617","Vph1_R1_Plate02",8,10,709,323,"S/G2 phase",2.44180662946577,1.99604273052035
250322035,"YDL012C","","","dma617","Vph1_R1_Plate02",8,10,709,349,"T phase",1.4916113884967,2.01790494245653
250322042,"YDL012C","","","dma617","Vph1_R1_Plate02",8,10,709,356,"T phase",0.960513668259241,1.2409677067171
250322078,"YDL012C","","","dma617","Vph1_R1_Plate02",8,10,709,393,"S/G2 phase",1.22786898320871,1.70094233185824
250322080,"YDL012C","","","dma617","Vph1_R1_Plate02",8,10,709,395,"S/G2 phase",0.620900160080183,0.975543090322164
250322103,"YDL012C","","","dma617","Vph1_R1_Plate02",8,10,709,418,"S/G2 phase",1.08696550641102,1.13891774269728
250322120,"YDL012C","","","dma617","Vph1_R1_Plate02",8,10,710,3,"G1 phase",-1.17471594167505,-1.2263052439585
250322131,"YDL012C","","","dma617","Vph1_R1_Plate02",8,10,710,15,"T phase",1.39406282763676,1.77710491134712
250322166,"YDL012C","","","dma617","Vph1_R1_Plate02",8,10,710,51,"S/G2 phase",2.13470930824003,1.70496750445299
250322238,"YDL012C","","","dma617","Vph1_R1_Plate02",8,10,710,125,"S/G2 phase",0.899094204014092,1.14973046123611
250322250,"YDL012C","","","dma617","Vph1_R1_Plate02",8,10,710,137,"S/G2 phase",1.86735399329056,1.32794300474482
250322273,"YDL012C","","","dma617","Vph1_R1_Plate02",8,10,710,160,"S/G2 phase",2.79225886662927,3.00722922628361
250322274,"YDL012C","","","dma617","Vph1_R1_Plate02",8,10,710,161,"S/G2 phase",2.28283860436068,2.02619206250454
250322342,"YDL012C","","","dma617","Vph1_R1_Plate02",8,10,710,232,"S/G2 phase",0.740126178909001,1.38650531975077
250322389,"YDL012C","","","dma617","Vph1_R1_Plate02",8,10,710,280,"S/G2 phase",0.0175442466131326,0.203893826422886
250322401,"YDL012C","","","dma617","Vph1_R1_Plate02",8,10,710,292,"S/G2 phase",1.20980443490132,1.43551771546331
250322417,"YDL012C","","","dma617","Vph1_R1_Plate02",8,10,710,308,"S/G2 phase",2.13470930824003,2.03424240769404
250322425,"YDL012C","","","dma617","Vph1_R1_Plate02",8,10,710,316,"MA-single",-1.43484543730156,-1.64555459343512
250322474,"YDL012C","","","dma617","Vph1_R1_Plate02",8,10,710,366,"S/G2 phase",1.62528904597144,1.57829295514765
250322475,"YDL012C","","","dma617","Vph1_R1_Plate02",8,10,710,367,"S/G2 phase",0.917158752321489,1.14018054194269
250322502,"YDL012C","","","dma617","Vph1_R1_Plate02",8,10,710,395,"S/G2 phase",0.389673941745505,0.84484336842207
250322592,"YDL012C","","","dma617","Vph1_R1_Plate02",8,10,711,94,"S/G2 phase",-0.618327853807231,-0.476518191995408
250322594,"YDL012C","","","dma617","Vph1_R1_Plate02",8,10,711,96,"S/G2 phase",1.90348308990535,1.84924231824125
250322666,"YDL012C","","","dma617","Vph1_R1_Plate02",8,10,711,169,"S/G2 phase",3.28722749025194,2.46706684905884
250322726,"YDL012C","","","dma617","Vph1_R1_Plate02",8,10,711,231,"S/G2 phase",1.22786898320871,1.49408003046927
250322728,"YDL012C","","","dma617","Vph1_R1_Plate02",8,10,711,233,"S/G2 phase",2.56103264829459,1.80299229587806
250322781,"YDL012C","","","dma617","Vph1_R1_Plate02",8,10,711,289,"S/G2 phase",1.1592236996406,1.40284278498829
250322799,"YDL012C","","","dma617","Vph1_R1_Plate02",8,10,711,308,"T phase",1.43380483391303,1.79746754917938
250322805,"YDL012C","","","dma617","Vph1_R1_Plate02",8,10,711,314,"S/G2 phase",1.11948169336433,1.1796430183618
250322821,"YDL012C","","","dma617","Vph1_R1_Plate02",8,10,711,330,"S/G2 phase",0.487222502605447,0.731980685863417
250322856,"YDL012C","","","dma617","Vph1_R1_Plate02",8,10,711,365,"S/G2 phase",0.664255076017935,0.801355719408212
250322861,"YDL012C","","","dma617","Vph1_R1_Plate02",8,10,711,370,"MA-single",-1.0265866455544,-1.21273015207032
250322899,"YDL012C","","","dma617","Vph1_R1_Plate02",8,10,712,2,"S/G2 phase",0.595609792449827,0.52914355706919
250322941,"YDL012C","","","dma617","Vph1_R1_Plate02",8,10,712,46,"S/G2 phase",2.69471030576932,2.2941422773903
250322968,"YDL012C","","","dma617","Vph1_R1_Plate02",8,10,712,73,"T phase",2.00464456042677,2.13226719911911
250322973,"YDL012C","","","dma617","Vph1_R1_Plate02",8,10,712,79,"S/G2 phase",5.5850380349528,3.93546559661391
250323013,"YDL012C","","","dma617","Vph1_R1_Plate02",8,10,712,121,"S/G2 phase",0.80154564315415,0.915481201212277
250323059,"YDL012C","","","dma617","Vph1_R1_Plate02",8,10,712,168,"T phase",4.62039115533781,3.29854122720948
250323074,"YDL012C","","","dma617","Vph1_R1_Plate02",8,10,712,183,"S/G2 phase",0.834061830107464,0.928030268713556
250323122,"YDL012C","","","dma617","Vph1_R1_Plate02",8,10,712,232,"S/G2 phase",1.12670751268729,1.31839308545139
250323127,"YDL012C","","","dma617","Vph1_R1_Plate02",8,10,712,237,"S/G2 phase",2.65496829949305,2.37456680433245
250323175,"YDL012C","","","dma617","Vph1_R1_Plate02",8,10,712,286,"S/G2 phase",0.657029256694976,0.912955602721455
250323255,"YDL012C","","","dma617","Vph1_R1_Plate02",8,10,712,368,"MA-single",-0.524392202608769,-0.529555760302692
250323264,"YDL012C","","","dma617","Vph1_R1_Plate02",8,10,712,377,"S/G2 phase",1.8420636256602,2.20164223266391
250323273,"YDL012C","","","dma617","Vph1_R1_Plate02",8,10,712,386,"S/G2 phase",1.15199788031765,1.17009309906838
250324780,"YDL011C","","","dma618","Vph1_R1_Plate02",8,12,717,19,"MA phase",3.39200187043484,2.56911681307865
250324839,"YDL011C","","","dma618","Vph1_R1_Plate02",8,12,717,79,"T phase",1.76619252276913,1.68184249327139
250324899,"YDL011C","","","dma618","Vph1_R1_Plate02",8,12,717,139,"T phase",2.08774148264079,2.09004234935066
250324900,"YDL011C","","","dma618","Vph1_R1_Plate02",8,12,717,140,"MA-single",-0.650844040760545,-0.690168039328469
250324904,"YDL011C","","","dma618","Vph1_R1_Plate02",8,12,717,144,"MA phase",3.95200286796414,3.52576616643072
250324922,"YDL011C","","","dma618","Vph1_R1_Plate02",8,12,717,162,"S/G2 phase",2.2611611463918,2.44520463712265
250325008,"YDL011C","","","dma618","Vph1_R1_Plate02",8,12,717,248,"S/G2 phase",1.12670751268729,1.349805216681
250325032,"YDL011C","","","dma618","Vph1_R1_Plate02",8,12,717,272,"T phase",4.34581002106538,3.11480393700211
250325121,"YDL011C","","","dma618","Vph1_R1_Plate02",8,12,717,363,"S/G2 phase",2.31535479131399,2.24939182913103
250325226,"YDL011C","","","dma618","Vph1_R1_Plate02",8,12,718,79,"S/G2 phase",1.39406282763676,1.58658007519566
250325333,"YDL011C","","","dma618","Vph1_R1_Plate02",8,12,718,189,"G1 phase",-0.831489523834513,-0.808555468585799
250325348,"YDL011C","","","dma618","Vph1_R1_Plate02",8,12,718,204,"S/G2 phase",2.73806522170708,2.09004234935067
250325421,"YDL011C","","","dma618","Vph1_R1_Plate02",8,12,718,280,"G1 phase",0.0608991625508847,-0.15805600729319
250325454,"YDL011C","","","dma618","Vph1_R1_Plate02",8,12,718,313,"S/G2 phase",1.15561078997913,1.73085488898393
250325481,"YDL011C","","","dma618","Vph1_R1_Plate02",8,12,718,340,"S/G2 phase",0.649803437372017,1.53480530613379
250325500,"YDL011C","","","dma618","Vph1_R1_Plate02",8,12,718,360,"S/G2 phase",0.498061231589885,0.654318532270608
250325512,"YDL011C","","","dma618","Vph1_R1_Plate02",8,12,718,372,"S/G2 phase",3.07767872988613,3.20604118248309
250325525,"YDL011C","","","dma618","Vph1_R1_Plate02",8,12,718,385,"S/G2 phase",1.74090215513878,2.13779194581779
250325554,"YDL011C","","","dma618","Vph1_R1_Plate02",8,12,718,415,"S/G2 phase",1.65419232326327,1.47624299112783
250325572,"YDL011C","","","dma618","Vph1_R1_Plate02",8,12,718,433,"S/G2 phase",1.40128864695972,1.489818083016
250325573,"YDL011C","","","dma618","Vph1_R1_Plate02",8,12,718,434,"S/G2 phase",3.44980842501851,2.83856660206834
250325579,"YDL011C","","","dma618","Vph1_R1_Plate02",8,12,718,440,"S/G2 phase",1.82038616769132,1.43551771546331
250325594,"YDL011C","","","dma618","Vph1_R1_Plate02",8,12,719,1,"S/G2 phase",0.357157754792191,0.222993665009735
250325616,"YDL011C","","","dma618","Vph1_R1_Plate02",8,12,719,23,"S/G2 phase",0.566706515157993,0.242093503596585
250325622,"YDL011C","","","dma618","Vph1_R1_Plate02",8,12,719,32,"T phase",3.07406582022466,3.09720367251918
250325688,"YDL011C","","","dma618","Vph1_R1_Plate02",8,12,719,100,"S/G2 phase",2.36954843623618,1.76076744610961
250325691,"YDL011C","","","dma618","Vph1_R1_Plate02",8,12,719,103,"T phase",4.45419731090976,3.28346656121738
250325706,"YDL011C","","","dma618","Vph1_R1_Plate02",8,12,719,118,"T phase",2.60438756423234,3.24952883149695
250325743,"YDL011C","","","dma618","Vph1_R1_Plate02",8,12,719,156,"S/G2 phase",1.44825647255895,1.43275534211397
250325758,"YDL011C","","","dma618","Vph1_R1_Plate02",8,12,719,171,"T phase",3.28722749025194,2.62491675473528
250325772,"YDL011C","","","dma618","Vph1_R1_Plate02",8,12,719,187,"T phase",3.63406681775395,2.87526670513811
250325778,"YDL011C","","","dma618","Vph1_R1_Plate02",8,12,719,194,"S/G2 phase",3.03432381394838,2.3554669657456
250325825,"YDL011C","","","dma618","Vph1_R1_Plate02",8,12,719,243,"S/G2 phase",1.7372892454773,1.9457675355624
250325864,"YDL011C","","","dma618","Vph1_R1_Plate02",8,12,719,284,"S/G2 phase",0.938836210290365,0.929293067958967
250325924,"YDL011C","","","dma618","Vph1_R1_Plate02",8,12,719,345,"S/G2 phase",1.23148189287019,1.16733072571904
250325925,"YDL011C","","","dma618","Vph1_R1_Plate02",8,12,719,346,"S/G2 phase",0.85573928807634,0.659843278969284
250325953,"YDL011C","","","dma618","Vph1_R1_Plate02",8,12,719,374,"S/G2 phase",-0.159488326799355,-0.15805600729319
250325961,"YDL011C","","","dma618","Vph1_R1_Plate02",8,12,719,382,"S/G2 phase",0.313802838854439,1.1333929959986
250325966,"YDL011C","","","dma618","Vph1_R1_Plate02",8,12,719,388,"S/G2 phase",1.02915895182735,1.349805216681
250325968,"YDL011C","","","dma618","Vph1_R1_Plate02",8,12,719,390,"S/G2 phase",3.28361458059046,2.38940469546603
250326005,"YDL011C","","","dma618","Vph1_R1_Plate02",8,12,720,28,"S/G2 phase",1.52412757545002,1.43551771546331
250326066,"YDL011C","","","dma618","Vph1_R1_Plate02",8,12,720,94,"S/G2 phase",2.78864595696779,2.42886717188514
250326090,"YDL011C","","","dma618","Vph1_R1_Plate02",8,12,720,119,"T phase",2.70916194441524,1.9839672127361
250326143,"YDL011C","","","dma618","Vph1_R1_Plate02",8,12,720,172,"S/G2 phase",0.606448521434265,0.659843278969284
250326151,"YDL011C","","","dma618","Vph1_R1_Plate02",8,12,720,180,"S/G2 phase",1.71199887784694,1.61373025897201
250326189,"YDL011C","","","dma618","Vph1_R1_Plate02",8,12,720,218,"S/G2 phase",1.43380483391303,2.18806714077574
250326231,"YDL011C","","","dma618","Vph1_R1_Plate02",8,12,720,260,"S/G2 phase",2.35870970725175,2.07244208486774
250326300,"YDL011C","","","dma618","Vph1_R1_Plate02",8,12,720,332,"S/G2 phase",0.52696450888172,1.33623012479283
250326301,"YDL011C","","","dma618","Vph1_R1_Plate02",8,12,720,333,"S/G2 phase",0.548641966850596,0.384868743280925
250326305,"YDL011C","","","dma618","Vph1_R1_Plate02",8,12,720,337,"MA-single",-0.567747118546521,-0.683380493384383
250326357,"YDL011C","","","dma618","Vph1_R1_Plate02",8,12,720,389,"MA-single",-0.62555367313019,-0.639892844370524
250326361,"YDL011C","","","dma618","Vph1_R1_Plate02",8,12,720,393,"S/G2 phase",0.729287449924563,1.08438060028607
250326400,"YDL011C","","","dma618","Vph1_R1_Plate02",8,12,720,432,"S/G2 phase",1.07973968708806,1.00269327409851
250328873,"YDL010W","GRX6","","dma619","Vph1_R1_Plate02",8,14,725,17,"S/G2 phase",2.75612977001447,2.34189187385742
250328876,"YDL010W","GRX6","","dma619","Vph1_R1_Plate02",8,14,725,20,"S/G2 phase",0.989416945551075,1.2027680295434
250328924,"YDL010W","GRX6","","dma619","Vph1_R1_Plate02",8,14,725,70,"S/G2 phase",2.63690375118565,1.99075475868018
250328954,"YDL010W","GRX6","","dma619","Vph1_R1_Plate02",8,14,725,102,"S/G2 phase",1.40851446628268,1.27088026384278
250328969,"YDL010W","GRX6","","dma619","Vph1_R1_Plate02",8,14,725,118,"T phase",2.52851646134127,2.32002966192123
250329050,"YDL010W","GRX6","","dma619","Vph1_R1_Plate02",8,14,725,200,"G1 phase",-0.921812265371496,-0.732392889096918
250329076,"YDL010W","GRX6","","dma619","Vph1_R1_Plate02",8,14,725,226,"S/G2 phase",1.65780523292475,1.65319273539112
250329078,"YDL010W","GRX6","","dma619","Vph1_R1_Plate02",8,14,725,228,"S/G2 phase",2.42374208115837,2.31474169008107
250329107,"YDL010W","GRX6","","dma619","Vph1_R1_Plate02",8,14,725,257,"S/G2 phase",0.599222702111307,0.861180833659582
250329133,"YDL010W","GRX6","","dma619","Vph1_R1_Plate02",8,14,725,284,"S/G2 phase",1.5096759368041,1.76479261870436
250329134,"YDL010W","GRX6","","dma619","Vph1_R1_Plate02",8,14,725,285,"S/G2 phase",0.573932334480951,0.893855764134605
250329148,"YDL010W","GRX6","","dma619","Vph1_R1_Plate02",8,14,725,300,"S/G2 phase",0.953287848936282,1.64238001685228
250329151,"YDL010W","GRX6","","dma619","Vph1_R1_Plate02",8,14,725,303,"S/G2 phase",1.09780423539546,1.77986728469646
250329193,"YDL010W","GRX6","","dma619","Vph1_R1_Plate02",8,14,725,345,"S/G2 phase",-0.173939965445272,-0.0165435668542621
250329203,"YDL010W","GRX6","","dma619","Vph1_R1_Plate02",8,14,725,355,"G1 phase",0.104254078488637,0.154881430710352
250329215,"YDL010W","GRX6","","dma619","Vph1_R1_Plate02",8,14,725,367,"T phase",1.41212737594416,1.5360681053792
250329234,"YDL010W","GRX6","","dma619","Vph1_R1_Plate02",8,14,725,386,"T phase",4.15793871866846,3.41416628311747
250329235,"YDL010W","GRX6","","dma619","Vph1_R1_Plate02",8,14,725,387,"S/G2 phase",-0.293165984274091,0.273268859967682
250329254,"YDL010W","GRX6","","dma619","Vph1_R1_Plate02",8,14,725,406,"T phase",1.26761098948498,1.31310511361123
250329300,"YDL010W","GRX6","","dma619","Vph1_R1_Plate02",8,14,725,454,"S/G2 phase",0.378835212761067,1.1333929959986
250329326,"YDL010W","GRX6","","dma619","Vph1_R1_Plate02",8,14,725,480,"S/G2 phase",0.696771262971249,0.496468626594168
250329334,"YDL010W","GRX6","","dma619","Vph1_R1_Plate02",8,14,726,8,"G1 phase",0.053673343227926,0.0691689319280447
250329349,"YDL010W","GRX6","","dma619","Vph1_R1_Plate02",8,14,726,25,"S/G2 phase",0.501674141251364,0.587705872075151
250329371,"YDL010W","GRX6","","dma619","Vph1_R1_Plate02",8,14,726,49,"S/G2 phase",2.62245211253974,2.23834233573368
250329387,"YDL010W","GRX6","","dma619","Vph1_R1_Plate02",8,14,726,67,"S/G2 phase",1.01109440351995,1.39053049234552
250329390,"YDL010W","GRX6","","dma619","Vph1_R1_Plate02",8,14,726,70,"S/G2 phase",0.96412657792072,1.51846784089628
250329393,"YDL010W","GRX6","","dma619","Vph1_R1_Plate02",8,14,726,73,"S/G2 phase",2.3659355265747,2.068416912273
250329400,"YDL010W","GRX6","","dma619","Vph1_R1_Plate02",8,14,726,80,"S/G2 phase",1.29651426677682,1.3266802054994
250329406,"YDL010W","GRX6","","dma619","Vph1_R1_Plate02",8,14,726,87,"S/G2 phase",2.5068390033724,2.2247672438455
250329409,"YDL010W","GRX6","","dma619","Vph1_R1_Plate02",8,14,726,90,"G1 phase",-0.574972937869479,-0.600430367951413
250329474,"YDL010W","GRX6","","dma619","Vph1_R1_Plate02",8,14,726,157,"MA phase",1.63612777495588,1.6355924709082
250329494,"YDL010W","GRX6","","dma619","Vph1_R1_Plate02",8,14,726,177,"S/G2 phase",0.859352197737819,0.736005858458165
250329504,"YDL010W","GRX6","","dma619","Vph1_R1_Plate02",8,14,726,188,"S/G2 phase",2.0696769343334,2.43162954523448
250329511,"YDL010W","GRX6","","dma619","Vph1_R1_Plate02",8,14,726,195,"S/G2 phase",0.779868185185274,1.67631774657271
250329531,"YDL010W","GRX6","","dma619","Vph1_R1_Plate02",8,14,726,215,"T phase",1.1953527962554,1.44633043400214
250329533,"YDL010W","GRX6","","dma619","Vph1_R1_Plate02",8,14,726,217,"S/G2 phase",2.94761398207288,3.29854122720948
250329541,"YDL010W","GRX6","","dma619","Vph1_R1_Plate02",8,14,726,225,"S/G2 phase",1.9649025541505,2.30645457003306
250329551,"YDL010W","GRX6","","dma619","Vph1_R1_Plate02",8,14,726,235,"S/G2 phase",0.490835412266926,1.33899249814217
250329554,"YDL010W","GRX6","","dma619","Vph1_R1_Plate02",8,14,726,238,"S/G2 phase",3.7135508303065,3.08212900652708
250329571,"YDL010W","GRX6","","dma619","Vph1_R1_Plate02",8,14,726,255,"S/G2 phase",2.6116133835553,2.4793791417016
250329582,"YDL010W","GRX6","","dma619","Vph1_R1_Plate02",8,14,726,266,"T phase",1.3868370083138,1.38926769310011
250329583,"YDL010W","GRX6","","dma619","Vph1_R1_Plate02",8,14,726,267,"S/G2 phase",3.77135738489017,3.39380364528521
250329584,"YDL010W","GRX6","","dma619","Vph1_R1_Plate02",8,14,726,268,"S/G2 phase",3.33419531585117,3.23595373960877
250329598,"YDL010W","GRX6","","dma619","Vph1_R1_Plate02",8,14,726,282,"G1 phase",-0.665295679406463,-0.676592947440296
250329606,"YDL010W","GRX6","","dma619","Vph1_R1_Plate02",8,14,726,290,"S/G2 phase",2.20696750146961,1.83014247965441
250329609,"YDL010W","GRX6","","dma619","Vph1_R1_Plate02",8,14,726,293,"T phase",2.79225886662927,1.96486737414925
250329622,"YDL010W","GRX6","","dma619","Vph1_R1_Plate02",8,14,726,306,"S/G2 phase",-0.210069062060066,-0.209830776355063
250329632,"YDL010W","GRX6","","dma619","Vph1_R1_Plate02",8,14,726,317,"S/G2 phase",0.740126178909001,0.723693565815403
250329649,"YDL010W","GRX6","","dma619","Vph1_R1_Plate02",8,14,726,334,"S/G2 phase",0.566706515157993,0.858418460310244
250329651,"YDL010W","GRX6","","dma619","Vph1_R1_Plate02",8,14,726,336,"S/G2 phase",1.57832122037221,1.49684240381861
250329661,"YDL010W","GRX6","","dma619","Vph1_R1_Plate02",8,14,726,346,"S/G2 phase",0.125931536457513,0.384868743280925
250329666,"YDL010W","GRX6","","dma619","Vph1_R1_Plate02",8,14,726,351,"S/G2 phase",1.90709599956683,2.12950482576978
250329669,"YDL010W","GRX6","","dma619","Vph1_R1_Plate02",8,14,726,354,"S/G2 phase",1.0725138677651,1.01776794009061
250329674,"YDL010W","GRX6","","dma619","Vph1_R1_Plate02",8,14,726,359,"S/G2 phase",0.732900359586042,1.1947176843539
250329684,"YDL010W","GRX6","","dma619","Vph1_R1_Plate02",8,14,726,370,"S/G2 phase",3.64851845639987,2.97329149656318
250329707,"YDL010W","GRX6","","dma619","Vph1_R1_Plate02",8,14,726,393,"S/G2 phase",3.02348508496394,2.42081682669564
250329716,"YDL010W","GRX6","","dma619","Vph1_R1_Plate02",8,14,726,402,"S/G2 phase",1.67948269089363,1.40284278498829
250329734,"YDL010W","GRX6","","dma619","Vph1_R1_Plate02",8,14,726,421,"S/G2 phase",3.03432381394838,2.40045418886338
250329749,"YDL010W","GRX6","","dma619","Vph1_R1_Plate02",8,14,726,436,"S/G2 phase",1.44103065323599,1.57703015590224
250329767,"YDL010W","GRX6","","dma619","Vph1_R1_Plate02",8,14,726,454,"S/G2 phase",1.28567553779238,1.12384307670518
250329772,"YDL010W","GRX6","","dma619","Vph1_R1_Plate02",8,14,726,459,"MA-single",-0.300391803597049,-0.358130762738078
250329872,"YDL010W","GRX6","","dma619","Vph1_R1_Plate02",8,14,727,70,"T phase",2.45264535845021,2.03700478104338
250329890,"YDL010W","GRX6","","dma619","Vph1_R1_Plate02",8,14,727,88,"S/G2 phase",1.48799847883522,2.3092169433824
250329900,"YDL010W","GRX6","","dma619","Vph1_R1_Plate02",8,14,727,98,"S/G2 phase",0.58115815380391,0.76465561633844
250329908,"YDL010W","GRX6","","dma619","Vph1_R1_Plate02",8,14,727,107,"S/G2 phase",1.16644951896356,1.02179311268536
250329911,"YDL010W","GRX6","","dma619","Vph1_R1_Plate02",8,14,727,110,"S/G2 phase",4.71432680653628,3.5556787235564
250329972,"YDL010W","GRX6","","dma619","Vph1_R1_Plate02",8,14,727,173,"S/G2 phase",1.68309560055511,1.38374294640144
250329992,"YDL010W","GRX6","","dma619","Vph1_R1_Plate02",8,14,727,193,"T phase",3.55819571486289,2.69429178828007
250329994,"YDL010W","GRX6","","dma619","Vph1_R1_Plate02",8,14,727,195,"G1 phase",-0.387101635472554,-0.496880829827669
250330044,"YDL010W","GRX6","","dma619","Vph1_R1_Plate02",8,14,727,245,"S/G2 phase",0.03199588525905,0.684231089396293
250330122,"YDL010W","GRX6","","dma619","Vph1_R1_Plate02",8,14,727,324,"S/G2 phase",0.772642365862315,1.69541758515957
250330126,"YDL010W","GRX6","","dma619","Vph1_R1_Plate02",8,14,727,328,"T phase",1.17367533828652,1.27214306308819
250330140,"YDL010W","GRX6","","dma619","Vph1_R1_Plate02",8,14,727,342,"S/G2 phase",1.02193313250439,1.39731803828961
250330213,"YDL010W","GRX6","","dma619","Vph1_R1_Plate02",8,14,727,416,"MA phase",1.46632102086635,1.35659276262509
250330247,"YDL010W","GRX6","","dma619","Vph1_R1_Plate02",8,14,727,451,"MA-single",-1.29032905084239,-1.4195924534593
250330278,"YDL010W","GRX6","","dma619","Vph1_R1_Plate02",8,14,728,3,"MA-single",-1.04103828420031,-1.25495500183877
250330350,"YDL010W","GRX6","","dma619","Vph1_R1_Plate02",8,14,728,76,"S/G2 phase",0.848513468753381,0.72519313991933
250330364,"YDL010W","GRX6","","dma619","Vph1_R1_Plate02",8,14,728,90,"S/G2 phase",1.14115915133321,0.975543090322164
250330367,"YDL010W","GRX6","","dma619","Vph1_R1_Plate02",8,14,728,93,"S/G2 phase",1.44825647255895,1.23820533336776
250330371,"YDL010W","GRX6","","dma619","Vph1_R1_Plate02",8,14,728,98,"S/G2 phase",1.03638477115031,1.17009309906837
250330393,"YDL010W","GRX6","","dma619","Vph1_R1_Plate02",8,14,728,123,"S/G2 phase",2.10219312128671,2.60179174355368
250330394,"YDL010W","GRX6","","dma619","Vph1_R1_Plate02",8,14,728,124,"S/G2 phase",2.79948468595223,2.19209231337048
250330478,"YDL010W","GRX6","","dma619","Vph1_R1_Plate02",8,14,728,210,"S/G2 phase",2.23225786909997,1.72935531488
250330485,"YDL010W","GRX6","","dma619","Vph1_R1_Plate02",8,14,728,217,"S/G2 phase",1.9468380058431,1.853267490836
250330554,"YDL010W","GRX6","","dma619","Vph1_R1_Plate02",8,14,728,288,"S/G2 phase",2.38038716522062,2.01387976986178
250330597,"YDL010W","GRX6","","dma619","Vph1_R1_Plate02",8,14,728,332,"S/G2 phase",-0.257036887659297,-0.253318425368922
250330625,"YDL010W","GRX6","","dma619","Vph1_R1_Plate02",8,14,728,361,"MA-single",-0.45935982870214,-0.416693077744037
250330630,"YDL010W","GRX6","","dma619","Vph1_R1_Plate02",8,14,728,366,"S/G2 phase",-0.632779492453149,-0.442580462274974
250330635,"YDL010W","GRX6","","dma619","Vph1_R1_Plate02",8,14,728,371,"G1 phase",0.154834813749348,0.167193723353114
250330663,"YDL010W","GRX6","","dma619","Vph1_R1_Plate02",8,14,728,399,"T phase",2.25754823673032,2.2941422773903
250330666,"YDL010W","GRX6","","dma619","Vph1_R1_Plate02",8,14,728,402,"S/G2 phase",0.0283829755975706,0.503256172538255
250330681,"YDL010W","GRX6","","dma619","Vph1_R1_Plate02",8,14,728,417,"T phase",2.90787197579661,3.41692865646681
250330703,"YDL010W","GRX6","","dma619","Vph1_R1_Plate02",8,14,728,439,"S/G2 phase",2.74167813136856,2.63020472657544
250330704,"YDL010W","GRX6","","dma619","Vph1_R1_Plate02",8,14,728,440,"S/G2 phase",0.859352197737819,1.34025529738758
250330708,"YDL010W","GRX6","","dma619","Vph1_R1_Plate02",8,14,728,444,"S/G2 phase",0.703997082294207,0.659843278969284
250330722,"YDL010W","GRX6","","dma619","Vph1_R1_Plate02",8,14,728,458,"T phase",3.26555003228306,2.56911681307865
250330753,"YDL010W","GRX6","","dma619","Vph1_R1_Plate02",8,14,728,490,"T phase",2.63690375118565,2.77724191371304
250330758,"YDL010W","GRX6","","dma619","Vph1_R1_Plate02",8,14,728,495,"S/G2 phase",2.05522529568748,2.06565453892365
250334266,"YDL006W","PTC1","","dma620","Vph1_R1_Plate02",8,16,734,43,"S/G2 phase",2.33341933962139,2.07496768335856
250334274,"YDL006W","PTC1","","dma620","Vph1_R1_Plate02",8,16,734,51,"S/G2 phase",-0.553295479900603,-0.252055626123511
250337146,"YDL002C","NHP10","","dma621","Vph1_R1_Plate02",8,18,741,10,"S/G2 phase",0.678706714663852,1.27893060903228
250337192,"YDL002C","NHP10","","dma621","Vph1_R1_Plate02",8,18,741,57,"T phase",2.488774455065,2.03021723509929
250337272,"YDL002C","NHP10","","dma621","Vph1_R1_Plate02",8,18,741,138,"T phase",2.59716174490938,2.51331687142203
250337290,"YDL002C","NHP10","","dma621","Vph1_R1_Plate02",8,18,741,157,"MA phase",2.6116133835553,2.73651663804852
250337335,"YDL002C","NHP10","","dma621","Vph1_R1_Plate02",8,18,741,202,"S/G2 phase",2.09496730196375,1.9457675355624
250337341,"YDL002C","NHP10","","dma621","Vph1_R1_Plate02",8,18,741,208,"S/G2 phase",1.71561178750842,1.80022992252872
250337383,"YDL002C","NHP10","","dma621","Vph1_R1_Plate02",8,18,741,250,"MA phase",3.30890494822081,2.79910412564923
250337462,"YDL002C","NHP10","","dma621","Vph1_R1_Plate02",8,18,741,330,"MA phase",2.11664475993263,2.35546696574559
250337524,"YDL002C","NHP10","","dma621","Vph1_R1_Plate02",8,18,742,25,"S/G2 phase",3.32335658686673,3.63057850379987
250337531,"YDL002C","NHP10","","dma621","Vph1_R1_Plate02",8,18,742,32,"S/G2 phase",1.80232161938393,1.86960495607352
250337575,"YDL002C","NHP10","","dma621","Vph1_R1_Plate02",8,18,742,76,"S/G2 phase",2.21058041113109,2.47109202165359
250337597,"YDL002C","NHP10","","dma621","Vph1_R1_Plate02",8,18,742,99,"S/G2 phase",0.512512870235802,1.00419284820244
250337600,"YDL002C","NHP10","","dma621","Vph1_R1_Plate02",8,18,742,102,"S/G2 phase",0.754577817554918,0.982330636266251
250337604,"YDL002C","NHP10","","dma621","Vph1_R1_Plate02",8,18,742,106,"S/G2 phase",0.956900758597761,1.11705553076109
250337622,"YDL002C","NHP10","","dma621","Vph1_R1_Plate02",8,18,742,125,"S/G2 phase",0.346319025807753,0.742793404402252
250337627,"YDL002C","NHP10","","dma621","Vph1_R1_Plate02",8,18,742,130,"T phase",3.00903344631803,3.05750442124156
250337668,"YDL002C","NHP10","","dma621","Vph1_R1_Plate02",8,18,742,172,"T phase",0.696771262971249,0.887068218190518
250337724,"YDL002C","NHP10","","dma621","Vph1_R1_Plate02",8,18,742,228,"S/G2 phase",0.505287050912844,0.654318532270608
250337789,"YDL002C","NHP10","","dma621","Vph1_R1_Plate02",8,18,742,293,"S/G2 phase",0.870190926722257,1.93495481702356
250337848,"YDL002C","NHP10","","dma621","Vph1_R1_Plate02",8,18,742,354,"S/G2 phase",2.7344523120456,2.46177887721868
250337852,"YDL002C","NHP10","","dma621","Vph1_R1_Plate02",8,18,743,2,"S/G2 phase",0.263222103593728,0.309968963037454
250337853,"YDL002C","NHP10","","dma621","Vph1_R1_Plate02",8,18,743,3,"S/G2 phase",0.693158353309769,0.693781008689718
250337855,"YDL002C","NHP10","","dma621","Vph1_R1_Plate02",8,18,743,6,"S/G2 phase",0.6353517987261,0.669393198262709
250337879,"YDL002C","NHP10","","dma621","Vph1_R1_Plate02",8,18,743,30,"S/G2 phase",2.47793572608056,2.48869228613651
250337913,"YDL002C","NHP10","","dma621","Vph1_R1_Plate02",8,18,743,64,"G1 phase",0.19457682002562,0.183531188590627
250337922,"YDL002C","NHP10","","dma621","Vph1_R1_Plate02",8,18,743,73,"S/G2 phase",1.07973968708806,1.00269327409851
250337976,"YDL002C","NHP10","","dma621","Vph1_R1_Plate02",8,18,743,131,"S/G2 phase",0.133157355780472,0.127731246934004
250338000,"YDL002C","NHP10","","dma621","Vph1_R1_Plate02",8,18,743,155,"S/G2 phase",2.08412857297932,2.00709222391769
250338108,"YDL002C","NHP10","","dma621","Vph1_R1_Plate02",8,18,743,265,"G1 phase",-0.864005710787827,-0.887480421424019
250338127,"YDL002C","NHP10","","dma621","Vph1_R1_Plate02",8,18,743,285,"T phase",2.41290335217394,2.26699209361395
250338128,"YDL002C","NHP10","","dma621","Vph1_R1_Plate02",8,18,743,286,"T phase",4.94916593453243,3.30256639980423
250338129,"YDL002C","NHP10","","dma621","Vph1_R1_Plate02",8,18,743,287,"S/G2 phase",2.49238736472648,1.73764243492801
250338174,"YDL002C","NHP10","","dma621","Vph1_R1_Plate02",8,18,743,333,"G1 phase",0.364383574115149,0.190318734534712
250338177,"YDL002C","NHP10","","dma621","Vph1_R1_Plate02",8,18,743,336,"S/G2 phase",0.993029855212555,1.00269327409851
250338188,"YDL002C","NHP10","","dma621","Vph1_R1_Plate02",8,18,743,348,"S/G2 phase",1.35070791169901,1.37419302710801
250338210,"YDL002C","NHP10","","dma621","Vph1_R1_Plate02",8,18,744,23,"S/G2 phase",0.436641767344736,0.308706163792042
250338215,"YDL002C","NHP10","","dma621","Vph1_R1_Plate02",8,18,744,28,"S/G2 phase",1.74812797446174,1.94450473631699
250338229,"YDL002C","NHP10","","dma621","Vph1_R1_Plate02",8,18,744,42,"S/G2 phase",0.429415948021778,0.844843368422072
250338232,"YDL002C","NHP10","","dma621","Vph1_R1_Plate02",8,18,744,45,"S/G2 phase",0.393286851406984,0.338618720917728
250338283,"YDL002C","NHP10","","dma621","Vph1_R1_Plate02",8,18,744,98,"T phase",3.75329283658277,3.11354113775669
250338331,"YDL002C","NHP10","","dma621","Vph1_R1_Plate02",8,18,744,147,"S/G2 phase",1.92154763821275,2.51734204401679
250338360,"YDL002C","NHP10","","dma621","Vph1_R1_Plate02",8,18,744,177,"S/G2 phase",1.99019292178085,1.41239270428171
250338369,"YDL002C","NHP10","","dma621","Vph1_R1_Plate02",8,18,744,186,"S/G2 phase",1.08335259674954,1.14420571453744
250338371,"YDL002C","NHP10","","dma621","Vph1_R1_Plate02",8,18,744,188,"S/G2 phase",2.87535578884329,1.96210500079991
250338390,"YDL002C","NHP10","","dma621","Vph1_R1_Plate02",8,18,744,207,"MA phase",0.96412657792072,1.1947176843539
250338405,"YDL002C","NHP10","","dma621","Vph1_R1_Plate02",8,18,744,223,"S/G2 phase",3.06322709124022,2.23707953648826
250338407,"YDL002C","NHP10","","dma621","Vph1_R1_Plate02",8,18,744,225,"S/G2 phase",2.31896770097547,1.64238001685228
250338414,"YDL002C","NHP10","","dma621","Vph1_R1_Plate02",8,18,744,232,"S/G2 phase",1.13754624167173,1.12660545005452
250338429,"YDL002C","NHP10","","dma621","Vph1_R1_Plate02",8,18,744,248,"T phase",3.57626026317028,2.71741679946167
250338465,"YDL002C","NHP10","","dma621","Vph1_R1_Plate02",8,18,744,286,"MA phase",1.44464356289747,1.55666751806998
250338476,"YDL002C","NHP10","","dma621","Vph1_R1_Plate02",8,18,744,298,"S/G2 phase",0.942449119951844,0.854393287715495
250342252,"YDL001W","RMD1","","dma622","Vph1_R1_Plate02",8,20,749,71,"T phase",4.24826146020544,3.62379095785578
250342318,"YDL001W","RMD1","","dma622","Vph1_R1_Plate02",8,20,749,140,"S/G2 phase",2.35148388792879,1.968892546744
250342347,"YDL001W","RMD1","","dma622","Vph1_R1_Plate02",8,20,749,169,"G1 phase",0.328254477500356,0.169956096702452
250342406,"YDL001W","RMD1","","dma622","Vph1_R1_Plate02",8,20,749,228,"T phase",2.47793572608056,2.66714160450372
250342525,"YDL001W","RMD1","","dma622","Vph1_R1_Plate02",8,20,750,14,"T phase",1.85651526430612,1.7213049696905
250342578,"YDL001W","RMD1","","dma622","Vph1_R1_Plate02",8,20,750,70,"S/G2 phase",1.82761198701428,2.04931707368614
250342639,"YDL001W","RMD1","","dma622","Vph1_R1_Plate02",8,20,750,132,"S/G2 phase",2.95845271105732,2.56232926713457
250342728,"YDL001W","RMD1","","dma622","Vph1_R1_Plate02",8,20,750,225,"S/G2 phase",1.96851546381198,1.91182980584196
250342729,"YDL001W","RMD1","","dma622","Vph1_R1_Plate02",8,20,750,226,"S/G2 phase",2.36232261691323,2.17046687629281
250342793,"YDL001W","RMD1","","dma622","Vph1_R1_Plate02",8,20,750,291,"S/G2 phase",1.89625727058239,1.34301767073691
250342794,"YDL001W","RMD1","","dma622","Vph1_R1_Plate02",8,20,750,292,"S/G2 phase",1.1953527962554,1.25051762601052
250342973,"YDL001W","RMD1","","dma622","Vph1_R1_Plate02",8,20,751,140,"MA-single",0.46915795429805,0.417543673755948
250343131,"YDL001W","RMD1","","dma622","Vph1_R1_Plate02",8,20,751,301,"S/G2 phase",0.754577817554918,0.768680788933188
250343183,"YDL001W","RMD1","","dma622","Vph1_R1_Plate02",8,20,752,18,"T phase",1.06528804844214,0.86796837960367
250343246,"YDL001W","RMD1","","dma622","Vph1_R1_Plate02",8,20,752,82,"S/G2 phase",0.375222303099587,0.213443745716311
250343252,"YDL001W","RMD1","","dma622","Vph1_R1_Plate02",8,20,752,88,"MA phase",2.18529004350074,2.26699209361395
250343296,"YDL001W","RMD1","","dma622","Vph1_R1_Plate02",8,20,752,134,"S/G2 phase",0.58115815380391,0.703330927983142
250343332,"YDL001W","RMD1","","dma622","Vph1_R1_Plate02",8,20,752,171,"S/G2 phase",3.42813096704963,3.3080911465029
250343334,"YDL001W","RMD1","","dma622","Vph1_R1_Plate02",8,20,752,173,"S/G2 phase",1.13754624167173,0.965993171028738
250343387,"YDL001W","RMD1","","dma622","Vph1_R1_Plate02",8,20,752,226,"S/G2 phase",0.758190727216398,0.617618429200835
250346398,"YCR106W","RDS1","","dma623","Vph1_R1_Plate02",8,22,757,52,"S/G2 phase",0.201802639348579,0.246118676191334
250346415,"YCR106W","RDS1","","dma623","Vph1_R1_Plate02",8,22,757,71,"T phase",2.28645151402216,3.23595373960877
250346543,"YCR106W","RDS1","","dma623","Vph1_R1_Plate02",8,22,757,203,"T phase",3.81471230082792,2.65080413926621
250346584,"YCR106W","RDS1","","dma623","Vph1_R1_Plate02",8,22,757,245,"S/G2 phase",0.313802838854439,0.376818398091427
250346595,"YCR106W","RDS1","","dma623","Vph1_R1_Plate02",8,22,757,258,"S/G2 phase",1.97574128313494,1.98799238533084
250346612,"YCR106W","RDS1","","dma623","Vph1_R1_Plate02",8,22,757,275,"S/G2 phase",1.95767673482754,1.68863003921548
250346628,"YCR106W","RDS1","","dma623","Vph1_R1_Plate02",8,22,757,291,"S/G2 phase",-0.744779691959008,-0.623555379133013
250346630,"YCR106W","RDS1","","dma623","Vph1_R1_Plate02",8,22,757,293,"S/G2 phase",-0.0438752176320162,0.139806764718251
250346682,"YCR106W","RDS1","","dma623","Vph1_R1_Plate02",8,22,757,345,"S/G2 phase",-0.394327454795512,-0.285993355843945
250346693,"YCR106W","RDS1","","dma623","Vph1_R1_Plate02",8,22,757,356,"S/G2 phase",0.266835013255207,0.480131161356657
250346771,"YCR106W","RDS1","","dma623","Vph1_R1_Plate02",8,22,757,434,"S/G2 phase",0.317415748515918,0.273268859967682
250346828,"YCR106W","RDS1","","dma623","Vph1_R1_Plate02",8,22,757,491,"S/G2 phase",0.407738490052902,0.707356100577891
250346884,"YCR106W","RDS1","","dma623","Vph1_R1_Plate02",8,22,758,27,"T phase",2.2611611463918,2.36099171244427
250346980,"YCR106W","RDS1","","dma623","Vph1_R1_Plate02",8,22,758,128,"S/G2 phase",2.52851646134127,2.45072938382133
250346992,"YCR106W","RDS1","","dma623","Vph1_R1_Plate02",8,22,758,140,"S/G2 phase",0.938836210290365,1.07759305434198
250347001,"YCR106W","RDS1","","dma623","Vph1_R1_Plate02",8,22,758,149,"T phase",1.43741774357451,1.43678051470872
250347019,"YCR106W","RDS1","","dma623","Vph1_R1_Plate02",8,22,758,167,"S/G2 phase",0.375222303099587,0.624405975144922
250347026,"YCR106W","RDS1","","dma623","Vph1_R1_Plate02",8,22,758,174,"S/G2 phase",4.10735798340775,2.81946676348149
250347048,"YCR106W","RDS1","","dma623","Vph1_R1_Plate02",8,22,758,196,"S/G2 phase",1.83122489667576,2.24110470908302
250347079,"YCR106W","RDS1","","dma623","Vph1_R1_Plate02",8,22,758,227,"S/G2 phase",0.993029855212555,1.1333929959986
250347083,"YCR106W","RDS1","","dma623","Vph1_R1_Plate02",8,22,758,231,"S/G2 phase",0.90993293299853,1.25178042525593
250347086,"YCR106W","RDS1","","dma623","Vph1_R1_Plate02",8,22,758,234,"S/G2 phase",0.19457682002562,0.598518590613986
250347215,"YCR106W","RDS1","","dma623","Vph1_R1_Plate02",8,22,758,365,"S/G2 phase",0.85212637841486,0.92376832126029
250347237,"YCR106W","RDS1","","dma623","Vph1_R1_Plate02",8,22,758,387,"S/G2 phase",1.8601281739676,1.58381770184632
250347282,"YCR106W","RDS1","","dma623","Vph1_R1_Plate02",8,22,758,432,"T phase",4.47948767854012,2.71741679946167
250347355,"YCR106W","RDS1","","dma623","Vph1_R1_Plate02",8,22,758,505,"S/G2 phase",2.07690275365636,2.2629669210192
250347395,"YCR106W","RDS1","","dma623","Vph1_R1_Plate02",8,22,759,11,"T phase",2.9620656207188,3.51771582124122
250347399,"YCR106W","RDS1","","dma623","Vph1_R1_Plate02",8,22,759,15,"S/G2 phase",0.960513668259241,1.27766780978687
250347406,"YCR106W","RDS1","","dma623","Vph1_R1_Plate02",8,22,759,22,"S/G2 phase",1.88903145125943,1.86005503678009
250347418,"YCR106W","RDS1","","dma623","Vph1_R1_Plate02",8,22,759,35,"S/G2 phase",4.94555302487095,4.31651526891684
250347446,"YCR106W","RDS1","","dma623","Vph1_R1_Plate02",8,22,759,64,"S/G2 phase",2.21419332079257,2.69981653497875
250347468,"YCR106W","RDS1","","dma623","Vph1_R1_Plate02",8,22,759,86,"MA phase",0.454706315652133,1.53354250688838
250347500,"YCR106W","RDS1","","dma623","Vph1_R1_Plate02",8,22,759,119,"S/G2 phase",0.682319624325331,0.755105697045015
250347540,"YCR106W","RDS1","","dma623","Vph1_R1_Plate02",8,22,759,160,"S/G2 phase",2.5068390033724,1.86557978347877
250347552,"YCR106W","RDS1","","dma623","Vph1_R1_Plate02",8,22,759,173,"MA-single",-0.340133809873322,-0.430268169632211
250347802,"YCR106W","RDS1","","dma623","Vph1_R1_Plate02",8,22,759,428,"T phase",1.29290135711534,1.79470517583004
250347842,"YCR106W","RDS1","","dma623","Vph1_R1_Plate02",8,22,759,469,"S/G2 phase",1.73006342615434,1.37419302710801
250347862,"YCR106W","RDS1","","dma623","Vph1_R1_Plate02",8,22,760,8,"S/G2 phase",1.81316034836836,1.34025529738758
250347908,"YCR106W","RDS1","","dma623","Vph1_R1_Plate02",8,22,760,54,"MA-single",-0.430456551410306,-0.594905621252738
250347944,"YCR106W","RDS1","","dma623","Vph1_R1_Plate02",8,22,760,92,"T phase",3.99897069356337,3.30532877315357
250347955,"YCR106W","RDS1","","dma623","Vph1_R1_Plate02",8,22,760,104,"S/G2 phase",1.60722449766404,1.32944257884874
250347970,"YCR106W","RDS1","","dma623","Vph1_R1_Plate02",8,22,760,119,"S/G2 phase",2.02270910873417,1.57979252925157
250347984,"YCR106W","RDS1","","dma623","Vph1_R1_Plate02",8,22,760,133,"S/G2 phase",1.41212737594416,1.57703015590224
250348062,"YCR106W","RDS1","","dma623","Vph1_R1_Plate02",8,22,760,212,"S/G2 phase",0.920771661982968,1.0708055083979
250348101,"YCR106W","RDS1","","dma623","Vph1_R1_Plate02",8,22,760,251,"T phase",1.75896670344618,1.91735455254064
250348117,"YCR106W","RDS1","","dma623","Vph1_R1_Plate02",8,22,760,267,"MA phase",1.96128964448902,2.00432985056836
250348120,"YCR106W","RDS1","","dma623","Vph1_R1_Plate02",8,22,760,270,"MA-single",-0.705037685682736,-0.758280273627854
250348123,"YCR106W","RDS1","","dma623","Vph1_R1_Plate02",8,22,760,274,"S/G2 phase",1.21703025422427,1.30758036691255
250348159,"YCR106W","RDS1","","dma623","Vph1_R1_Plate02",8,22,760,311,"T phase",1.14115915133321,1.99075475868019
250348214,"YCR106W","RDS1","","dma623","Vph1_R1_Plate02",8,22,760,366,"S/G2 phase",2.58632301592494,2.20716697936258
250348234,"YCR106W","RDS1","","dma623","Vph1_R1_Plate02",8,22,760,387,"T phase",2.37677425555914,2.16494212959414
250348259,"YCR106W","RDS1","","dma623","Vph1_R1_Plate02",8,22,760,413,"S/G2 phase",0.25238337460929,0.380843570686175
250348267,"YCR106W","RDS1","","dma623","Vph1_R1_Plate02",8,22,760,421,"S/G2 phase",1.27844971846942,1.88191724871628
250348283,"YCR106W","RDS1","","dma623","Vph1_R1_Plate02",8,22,760,438,"S/G2 phase",0.563093605496513,0.399943409273025
250348330,"YCR106W","RDS1","","dma623","Vph1_R1_Plate02",8,22,760,486,"S/G2 phase",-0.0691655852623716,0.295131071903869
250387509,"YCR089W","FIG2","","dma589","Vph1_R1_Plate02",4,2,293,40,"S/G2 phase",1.14477206099469,1.09945526627817
250387547,"YCR089W","FIG2","","dma589","Vph1_R1_Plate02",4,2,293,78,"S/G2 phase",-0.343746719534802,-0.148506087999766
250387591,"YCR089W","FIG2","","dma589","Vph1_R1_Plate02",4,2,293,123,"T phase",4.89858519927172,4.84586492760278
250387592,"YCR089W","FIG2","","dma589","Vph1_R1_Plate02",4,2,293,124,"S/G2 phase",1.8601281739676,1.75524269941093
250387594,"YCR089W","FIG2","","dma589","Vph1_R1_Plate02",4,2,293,126,"S/G2 phase",1.55664376240333,1.62328017826543
250387602,"YCR089W","FIG2","","dma589","Vph1_R1_Plate02",4,2,293,134,"G1 phase",-0.220907791044504,-0.285993355843945
250387609,"YCR089W","FIG2","","dma589","Vph1_R1_Plate02",4,2,293,141,"S/G2 phase",0.848513468753381,1.01903073933602
250387830,"YCR089W","FIG2","","dma589","Vph1_R1_Plate02",4,2,294,49,"S/G2 phase",0.487222502605447,0.601280963963324
250387836,"YCR089W","FIG2","","dma589","Vph1_R1_Plate02",4,2,294,55,"G1 phase",0.183738091041182,-0.0396685780358599
250387869,"YCR089W","FIG2","","dma589","Vph1_R1_Plate02",4,2,294,91,"MA-single",0.209028458671538,0.122206500235328
250387881,"YCR089W","FIG2","","dma589","Vph1_R1_Plate02",4,2,294,103,"T phase",3.67019591436875,3.36389108815953
250387911,"YCR089W","FIG2","","dma589","Vph1_R1_Plate02",4,2,294,135,"S/G2 phase",2.37677425555914,1.53756767948313
250387925,"YCR089W","FIG2","","dma589","Vph1_R1_Plate02",4,2,294,150,"S/G2 phase",2.70554903475376,2.23431716313893
250387928,"YCR089W","FIG2","","dma589","Vph1_R1_Plate02",4,2,294,153,"S/G2 phase",0.483609592943968,0.742793404402253
250387934,"YCR089W","FIG2","","dma589","Vph1_R1_Plate02",4,2,294,159,"S/G2 phase",1.14115915133321,2.07094251076381
250387941,"YCR089W","FIG2","","dma589","Vph1_R1_Plate02",4,2,294,166,"S/G2 phase",5.35019890695664,3.32166623839108
250387952,"YCR089W","FIG2","","dma589","Vph1_R1_Plate02",4,2,294,177,"S/G2 phase",1.87096690295203,1.5280177601897
250387955,"YCR089W","FIG2","","dma589","Vph1_R1_Plate02",4,2,294,180,"S/G2 phase",0.80154564315415,0.871993552198418
250387969,"YCR089W","FIG2","","dma589","Vph1_R1_Plate02",4,2,294,194,"G1 phase",-0.159488326799355,-0.253318425368922
250387974,"YCR089W","FIG2","","dma589","Vph1_R1_Plate02",4,2,294,199,"S/G2 phase",1.16283660930208,0.975543090322164
250388023,"YCR089W","FIG2","","dma589","Vph1_R1_Plate02",4,2,294,249,"S/G2 phase",1.58554703969517,1.64640518944703
250388035,"YCR089W","FIG2","","dma589","Vph1_R1_Plate02",4,2,294,261,"S/G2 phase",0.732900359586042,0.654318532270608
250388039,"YCR089W","FIG2","","dma589","Vph1_R1_Plate02",4,2,294,265,"S/G2 phase",1.33264336339161,1.25454279860527
250388135,"YCR089W","FIG2","","dma589","Vph1_R1_Plate02",4,2,295,9,"S/G2 phase",0.461932134975092,0.663868451564032
250388141,"YCR089W","FIG2","","dma589","Vph1_R1_Plate02",4,2,295,15,"S/G2 phase",1.66503105224771,1.45714315254098
250388192,"YCR089W","FIG2","","dma589","Vph1_R1_Plate02",4,2,295,68,"S/G2 phase",-0.444908190056223,0.124968873584666
250388224,"YCR089W","FIG2","","dma589","Vph1_R1_Plate02",4,2,295,102,"S/G2 phase",2.54658100964867,2.32002966192123
250388311,"YCR089W","FIG2","","dma589","Vph1_R1_Plate02",4,2,295,191,"S/G2 phase",0.732900359586042,1.62328017826543
250388365,"YCR089W","FIG2","","dma589","Vph1_R1_Plate02",4,2,295,248,"S/G2 phase",0.949674939274803,0.926530694609628
250388458,"YCR089W","FIG2","","dma589","Vph1_R1_Plate02",4,2,295,342,"T phase",1.46993393052783,1.59336762113975
250388474,"YCR089W","FIG2","","dma589","Vph1_R1_Plate02",4,2,295,358,"S/G2 phase",1.44825647255895,1.30481799356322
250388513,"YCR089W","FIG2","","dma589","Vph1_R1_Plate02",4,2,296,11,"S/G2 phase",0.949674939274803,1.03536820457353
250388541,"YCR089W","FIG2","","dma589","Vph1_R1_Plate02",4,2,296,40,"MA phase",2.39845171352802,1.84371757154258
250388547,"YCR089W","FIG2","","dma589","Vph1_R1_Plate02",4,2,296,46,"S/G2 phase",0.425803038360298,0.262456141428847
250388582,"YCR089W","FIG2","","dma589","Vph1_R1_Plate02",4,2,296,81,"S/G2 phase",2.04438656670304,1.95129228226107
250388600,"YCR089W","FIG2","","dma589","Vph1_R1_Plate02",4,2,296,100,"S/G2 phase",2.22141914011553,2.17449204888756
250388603,"YCR089W","FIG2","","dma589","Vph1_R1_Plate02",4,2,296,103,"S/G2 phase",1.11225587404137,1.06401796245381
250388611,"YCR089W","FIG2","","dma589","Vph1_R1_Plate02",4,2,296,111,"S/G2 phase",2.27561278503772,1.87363012866826
250388632,"YCR089W","FIG2","","dma589","Vph1_R1_Plate02",4,2,296,133,"G1 phase",-1.01936082623144,-1.16648012970713
250388649,"YCR089W","FIG2","","dma589","Vph1_R1_Plate02",4,2,296,151,"S/G2 phase",1.62167613630996,1.70220513110365
250388672,"YCR089W","FIG2","","dma589","Vph1_R1_Plate02",4,2,296,175,"S/G2 phase",2.25393532706884,2.25191742762185
250388678,"YCR089W","FIG2","","dma589","Vph1_R1_Plate02",4,2,296,181,"S/G2 phase",0.711222901617166,0.636718267787685
250388705,"YCR089W","FIG2","","dma589","Vph1_R1_Plate02",4,2,296,209,"S/G2 phase",0.783481094846753,1.05170566981105
250388719,"YCR089W","FIG2","","dma589","Vph1_R1_Plate02",4,2,296,223,"S/G2 phase",0.826836010784505,1.1333929959986
250388758,"YCR089W","FIG2","","dma589","Vph1_R1_Plate02",4,2,296,262,"S/G2 phase",2.24670950774589,2.11995490647635
250388770,"YCR089W","FIG2","","dma589","Vph1_R1_Plate02",4,2,296,274,"T phase",3.28722749025194,2.58545427831617
250388789,"YCR089W","FIG2","","dma589","Vph1_R1_Plate02",4,2,296,294,"S/G2 phase",1.54580503341889,1.58531727595025
250388808,"YCR089W","FIG2","","dma589","Vph1_R1_Plate02",4,2,296,313,"S/G2 phase",1.01832022284291,1.29526807426979
250390768,"YCR088W","ABP1","","dma590","Vph1_R1_Plate02",4,4,301,102,"S/G2 phase",1.50245011748114,1.78113008394187
250390839,"YCR088W","ABP1","","dma590","Vph1_R1_Plate02",4,4,301,177,"S/G2 phase",3.29806621923637,3.14345369488238
250390852,"YCR088W","ABP1","","dma590","Vph1_R1_Plate02",4,4,301,190,"MA phase",0.769029456200836,1.09795569217424
250390889,"YCR088W","ABP1","","dma590","Vph1_R1_Plate02",4,4,301,229,"S/G2 phase",0.530577418543199,1.45185518070082
250390905,"YCR088W","ABP1","","dma590","Vph1_R1_Plate02",4,4,301,246,"S/G2 phase",-0.322069261565926,-0.134930996111592
250390921,"YCR088W","ABP1","","dma590","Vph1_R1_Plate02",4,4,301,263,"S/G2 phase",1.39044991797528,2.18127959483165
250390947,"YCR088W","ABP1","","dma590","Vph1_R1_Plate02",4,4,301,290,"MA-single",-1.21445794795132,-1.43190474610206
250390967,"YCR088W","ABP1","","dma590","Vph1_R1_Plate02",4,4,301,311,"T phase",2.23948368842293,2.33084238046007
250390998,"YCR088W","ABP1","","dma590","Vph1_R1_Plate02",4,4,302,16,"S/G2 phase",3.61961517910804,2.80589167159332
250391029,"YCR088W","ABP1","","dma590","Vph1_R1_Plate02",4,4,302,49,"S/G2 phase",0.628125979403141,0.423068420454624
250391042,"YCR088W","ABP1","","dma590","Vph1_R1_Plate02",4,4,302,62,"S/G2 phase",2.05522529568748,2.34867941980151
250391054,"YCR088W","ABP1","","dma590","Vph1_R1_Plate02",4,4,302,75,"T phase",0.696771262971249,0.636718267787685
250391109,"YCR088W","ABP1","","dma590","Vph1_R1_Plate02",4,4,302,132,"S/G2 phase",3.70271210132206,3.51219107454254
250391137,"YCR088W","ABP1","","dma590","Vph1_R1_Plate02",4,4,302,160,"S/G2 phase",2.94038816274992,2.83454142947359
250391156,"YCR088W","ABP1","","dma590","Vph1_R1_Plate02",4,4,302,181,"S/G2 phase",2.99819471733359,2.81544159088674
250391170,"YCR088W","ABP1","","dma590","Vph1_R1_Plate02",4,4,302,195,"S/G2 phase",3.77858320421313,3.06176636869482
250391176,"YCR088W","ABP1","","dma590","Vph1_R1_Plate02",4,4,302,201,"T phase",3.92671250033378,3.89324074684546
250391186,"YCR088W","ABP1","","dma590","Vph1_R1_Plate02",4,4,302,211,"S/G2 phase",3.82193812015088,2.99641650774478
250391187,"YCR088W","ABP1","","dma590","Vph1_R1_Plate02",4,4,302,212,"G1 phase",-0.267875616643735,-0.249293252774173
250391230,"YCR088W","ABP1","","dma590","Vph1_R1_Plate02",4,4,302,257,"S/G2 phase",0.223480097317455,0.0269440821595967
250391233,"YCR088W","ABP1","","dma590","Vph1_R1_Plate02",4,4,302,260,"S/G2 phase",5.12619850794492,3.43729129429907
250391267,"YCR088W","ABP1","","dma590","Vph1_R1_Plate02",4,4,302,297,"G1 phase",-0.780908788573802,-0.801767922641713
250391274,"YCR088W","ABP1","","dma590","Vph1_R1_Plate02",4,4,303,9,"S/G2 phase",1.07612677742658,1.10071806552358
250391276,"YCR088W","ABP1","","dma590","Vph1_R1_Plate02",4,4,303,12,"MA phase",1.96851546381198,2.36501688503902
250391295,"YCR088W","ABP1","","dma590","Vph1_R1_Plate02",4,4,303,34,"S/G2 phase",0.104254078488637,0.304680991197294
250391299,"YCR088W","ABP1","","dma590","Vph1_R1_Plate02",4,4,303,38,"S/G2 phase",1.69032141987807,1.37016785451326
250391319,"YCR088W","ABP1","","dma590","Vph1_R1_Plate02",4,4,303,59,"G1 phase",-0.434069461071785,-0.439818088925636
250391368,"YCR088W","ABP1","","dma590","Vph1_R1_Plate02",4,4,303,112,"MA-single",-0.192004513752669,-0.0683183359161348
250391398,"YCR088W","ABP1","","dma590","Vph1_R1_Plate02",4,4,303,143,"S/G2 phase",1.11225587404137,1.34151809663299
250391401,"YCR088W","ABP1","","dma590","Vph1_R1_Plate02",4,4,303,146,"S/G2 phase",2.41651626183542,2.26146734691528
250391421,"YCR088W","ABP1","","dma590","Vph1_R1_Plate02",4,4,303,167,"S/G2 phase",-0.00052030169426409,0.15764380405969
250391454,"YCR088W","ABP1","","dma590","Vph1_R1_Plate02",4,4,303,201,"S/G2 phase",0.512512870235802,0.394418662574349
250391460,"YCR088W","ABP1","","dma590","Vph1_R1_Plate02",4,4,303,208,"S/G2 phase",4.08206761577739,2.81670439013215
250391464,"YCR088W","ABP1","","dma590","Vph1_R1_Plate02",4,4,303,213,"S/G2 phase",0.765416546539356,0.627168348494261
250391467,"YCR088W","ABP1","","dma590","Vph1_R1_Plate02",4,4,303,216,"S/G2 phase",0.433028857683257,0.814930811296385
250391469,"YCR088W","ABP1","","dma590","Vph1_R1_Plate02",4,4,303,218,"S/G2 phase",0.328254477500356,0.990380981455748
250391568,"YCR088W","ABP1","","dma590","Vph1_R1_Plate02",4,4,303,318,"T phase",3.363098593143,2.5487541752464
250391572,"YCR088W","ABP1","","dma590","Vph1_R1_Plate02",4,4,303,322,"T phase",2.22864495943849,1.90504225989788
250391599,"YCR088W","ABP1","","dma590","Vph1_R1_Plate02",4,4,303,353,"T phase",3.40645350908076,3.1459792933732
250391623,"YCR088W","ABP1","","dma590","Vph1_R1_Plate02",4,4,304,20,"S/G2 phase",2.30451606232956,2.41931725259172
250391661,"YCR088W","ABP1","","dma590","Vph1_R1_Plate02",4,4,304,63,"MA-single",-0.192004513752669,-0.109043611580656
250391665,"YCR088W","ABP1","","dma590","Vph1_R1_Plate02",4,4,304,67,"S/G2 phase",2.60800047389382,1.70496750445299
250391739,"YCR088W","ABP1","","dma590","Vph1_R1_Plate02",4,4,304,144,"T phase",5.38271509390995,3.55441592431098
250391753,"YCR088W","ABP1","","dma590","Vph1_R1_Plate02",4,4,304,159,"S/G2 phase",1.32541754406865,1.88594242131103
250391760,"YCR088W","ABP1","","dma590","Vph1_R1_Plate02",4,4,304,166,"S/G2 phase",3.09213036853205,2.23707953648827
250391771,"YCR088W","ABP1","","dma590","Vph1_R1_Plate02",4,4,304,177,"S/G2 phase",6.52078163727595,3.63184130304528
250391774,"YCR088W","ABP1","","dma590","Vph1_R1_Plate02",4,4,304,180,"S/G2 phase",2.17083840485482,1.80299229587806
250391776,"YCR088W","ABP1","","dma590","Vph1_R1_Plate02",4,4,304,182,"S/G2 phase",1.5277404851115,2.12145448058028
250391782,"YCR088W","ABP1","","dma590","Vph1_R1_Plate02",4,4,304,188,"MA phase",2.0696769343334,2.17449204888756
250391789,"YCR088W","ABP1","","dma590","Vph1_R1_Plate02",4,4,304,195,"S/G2 phase",2.19612877248518,1.70899267704774
250391794,"YCR088W","ABP1","","dma590","Vph1_R1_Plate02",4,4,304,200,"G1 phase",-0.802586246542678,-0.864355410242421
250391796,"YCR088W","ABP1","","dma590","Vph1_R1_Plate02",4,4,304,202,"S/G2 phase",2.04438656670304,1.86281741012943
250391805,"YCR088W","ABP1","","dma590","Vph1_R1_Plate02",4,4,304,211,"G1 phase",-0.18477869442971,0.00105669762866092
250391825,"YCR088W","ABP1","","dma590","Vph1_R1_Plate02",4,4,304,231,"MA phase",0.711222901617166,1.16883029982296
250391830,"YCR088W","ABP1","","dma590","Vph1_R1_Plate02",4,4,304,238,"S/G2 phase",2.97651725936471,2.07646725746249
250391859,"YCR088W","ABP1","","dma590","Vph1_R1_Plate02",4,4,304,270,"S/G2 phase",2.3840000748821,1.98120483938676
250391864,"YCR088W","ABP1","","dma590","Vph1_R1_Plate02",4,4,304,275,"S/G2 phase",1.48077265951227,1.44104246216198
250394310,"YCR087W","","","dma591","Vph1_R1_Plate02",4,6,309,5,"T phase",2.38038716522062,1.99477993127493
250394313,"YCR087W","","","dma591","Vph1_R1_Plate02",4,6,309,8,"T phase",0.834061830107464,1.1333929959986
250394322,"YCR087W","","","dma591","Vph1_R1_Plate02",4,6,309,18,"S/G2 phase",1.04361059047327,1.16204275387888
250394356,"YCR087W","","","dma591","Vph1_R1_Plate02",4,6,309,52,"S/G2 phase",3.8183252104894,2.3785919769272
250394373,"YCR087W","","","dma591","Vph1_R1_Plate02",4,6,309,69,"S/G2 phase",3.10296909751649,2.08601717675591
250394429,"YCR087W","","","dma591","Vph1_R1_Plate02",4,6,309,126,"S/G2 phase",0.443867586667695,0.417543673755948
250394434,"YCR087W","","","dma591","Vph1_R1_Plate02",4,6,309,131,"S/G2 phase",0.967739487582199,0.752343323695677
250394448,"YCR087W","","","dma591","Vph1_R1_Plate02",4,6,309,145,"S/G2 phase",3.08490454920909,2.78276666041172
250394455,"YCR087W","","","dma591","Vph1_R1_Plate02",4,6,309,152,"S/G2 phase",2.42374208115837,2.45349175717067
250394496,"YCR087W","","","dma591","Vph1_R1_Plate02",4,6,309,193,"S/G2 phase",2.7163877637382,2.09556709604934
250394549,"YCR087W","","","dma591","Vph1_R1_Plate02",4,6,309,247,"S/G2 phase",0.548641966850596,0.633955894438349
250394551,"YCR087W","","","dma591","Vph1_R1_Plate02",4,6,309,249,"S/G2 phase",1.27844971846942,0.761893242989102
250394580,"YCR087W","","","dma591","Vph1_R1_Plate02",4,6,309,279,"S/G2 phase",2.22864495943849,2.3092169433824
250394619,"YCR087W","","","dma591","Vph1_R1_Plate02",4,6,309,319,"S/G2 phase",2.73083940238412,2.97731666915793
250394708,"YCR087W","","","dma591","Vph1_R1_Plate02",4,6,310,70,"S/G2 phase",0.331867387161835,0.756368496290426
250394712,"YCR087W","","","dma591","Vph1_R1_Plate02",4,6,310,74,"S/G2 phase",3.02348508496394,2.50779212472336
250394716,"YCR087W","","","dma591","Vph1_R1_Plate02",4,6,310,80,"S/G2 phase",2.00103165076529,1.66424222878847
250394836,"YCR087W","","","dma591","Vph1_R1_Plate02",4,6,310,204,"S/G2 phase",1.07612677742658,1.73488006157867
250394870,"YCR087W","","","dma591","Vph1_R1_Plate02",4,6,310,239,"T phase",1.0725138677651,1.22186786813025
250394901,"YCR087W","","","dma591","Vph1_R1_Plate02",4,6,310,270,"S/G2 phase",1.8601281739676,2.31876686267582
250394918,"YCR087W","","","dma591","Vph1_R1_Plate02",4,6,310,287,"S/G2 phase",0.873803836383736,0.877518298897095
250394925,"YCR087W","","","dma591","Vph1_R1_Plate02",4,6,310,294,"G1 phase",-0.304004713258529,-0.49285565723292
250395083,"YCR087W","","","dma591","Vph1_R1_Plate02",4,6,311,129,"S/G2 phase",1.35432082136049,1.18919293765522
250395117,"YCR087W","","","dma591","Vph1_R1_Plate02",4,6,311,165,"T phase",3.83277684913532,3.1610539593653
250395162,"YCR087W","","","dma591","Vph1_R1_Plate02",4,6,311,210,"S/G2 phase",1.75174088412322,1.46543027258899
250395186,"YCR087W","","","dma591","Vph1_R1_Plate02",4,6,311,234,"T phase",1.5963857686796,1.77434253799778
250395197,"YCR087W","","","dma591","Vph1_R1_Plate02",4,6,311,245,"S/G2 phase",0.425803038360298,0.757868070394354
250395215,"YCR087W","","","dma591","Vph1_R1_Plate02",4,6,311,263,"S/G2 phase",4.54090714278527,3.69316599140058
250395216,"YCR087W","","","dma591","Vph1_R1_Plate02",4,6,311,264,"S/G2 phase",2.17806422417778,2.23834233573368
250395242,"YCR087W","","","dma591","Vph1_R1_Plate02",4,6,311,291,"T phase",5.28516653305001,3.7720909442388
250395280,"YCR087W","","","dma591","Vph1_R1_Plate02",4,6,311,332,"S/G2 phase",1.1953527962554,1.84924231824126
250395350,"YCR087W","","","dma591","Vph1_R1_Plate02",4,6,312,55,"S/G2 phase",0.0608991625508847,0.233806383548572
250395360,"YCR087W","","","dma591","Vph1_R1_Plate02",4,6,312,65,"T phase",3.24025966465271,3.43326612170432
250395382,"YCR087W","","","dma591","Vph1_R1_Plate02",4,6,312,88,"S/G2 phase",0.642577618049059,0.598518590613986
250395468,"YCR087W","","","dma591","Vph1_R1_Plate02",4,6,312,178,"S/G2 phase",1.41935319526712,2.05736741887564
250395545,"YCR087W","","","dma591","Vph1_R1_Plate02",4,6,312,255,"MA-single",-0.502714744639893,-0.49285565723292
250395568,"YCR087W","","","dma591","Vph1_R1_Plate02",4,6,312,280,"S/G2 phase",1.27483680880794,2.01238019575786
250395573,"YCR087W","","","dma591","Vph1_R1_Plate02",4,6,312,285,"S/G2 phase",0.783481094846753,1.52525538684036
250395624,"YCR087W","","","dma591","Vph1_R1_Plate02",4,6,312,338,"S/G2 phase",0.053673343227926,0.0855063971655563
250395634,"YCR087W","","","dma591","Vph1_R1_Plate02",4,6,312,348,"S/G2 phase",-0.275101435966694,-0.144480915405017
250398439,"YCR087C-A","","","dma592","Vph1_R1_Plate02",4,8,317,11,"S/G2 phase",2.08051566331784,1.60694271302792
250398470,"YCR087C-A","","","dma592","Vph1_R1_Plate02",4,8,317,42,"MA-single",-0.730328053313091,-0.782668084054863
250398479,"YCR087C-A","","","dma592","Vph1_R1_Plate02",4,8,317,51,"S/G2 phase",0.0934153495041988,0.21746891831106
250398499,"YCR087C-A","","","dma592","Vph1_R1_Plate02",4,8,317,71,"S/G2 phase",2.47793572608056,2.63170430067936
250398524,"YCR087C-A","","","dma592","Vph1_R1_Plate02",4,8,317,96,"S/G2 phase",5.79819970498008,3.58709085478601
250398541,"YCR087C-A","","","dma592","Vph1_R1_Plate02",4,8,317,113,"S/G2 phase",3.65213136606135,3.36791626075428
250398549,"YCR087C-A","","","dma592","Vph1_R1_Plate02",4,8,317,121,"S/G2 phase",5.28516653305001,3.72734049597953
250398558,"YCR087C-A","","","dma592","Vph1_R1_Plate02",4,8,317,130,"S/G2 phase",0.772642365862315,0.861180833659582
250398618,"YCR087C-A","","","dma592","Vph1_R1_Plate02",4,8,317,193,"S/G2 phase",0.41496430937586,0.736005858458167
250398636,"YCR087C-A","","","dma592","Vph1_R1_Plate02",4,8,317,211,"T phase",1.82038616769132,1.68184249327139
250398656,"YCR087C-A","","","dma592","Vph1_R1_Plate02",4,8,317,231,"G1 phase",-0.491876015655455,-0.535080507001367
250398692,"YCR087C-A","","","dma592","Vph1_R1_Plate02",4,8,317,267,"T phase",3.67380882403023,3.60745349261827
250398700,"YCR087C-A","","","dma592","Vph1_R1_Plate02",4,8,317,275,"S/G2 phase",1.12309460302581,1.44633043400215
250398710,"YCR087C-A","","","dma592","Vph1_R1_Plate02",4,8,317,285,"S/G2 phase",3.09574327819353,2.78000428706238
250398716,"YCR087C-A","","","dma592","Vph1_R1_Plate02",4,8,317,291,"S/G2 phase",2.97651725936471,2.62491675473528
250398731,"YCR087C-A","","","dma592","Vph1_R1_Plate02",4,8,317,307,"T phase",3.85445430710419,3.02230389227571
250398758,"YCR087C-A","","","dma592","Vph1_R1_Plate02",4,8,317,336,"T phase",1.32180463440717,1.2409677067171
250398776,"YCR087C-A","","","dma592","Vph1_R1_Plate02",4,8,317,355,"S/G2 phase",0.729287449924563,1.06401796245381
250398786,"YCR087C-A","","","dma592","Vph1_R1_Plate02",4,8,317,365,"S/G2 phase",5.0250370374235,4.71263960721186
250398869,"YCR087C-A","","","dma592","Vph1_R1_Plate02",4,8,318,51,"S/G2 phase",2.79948468595223,2.12271727982569
250398883,"YCR087C-A","","","dma592","Vph1_R1_Plate02",4,8,318,67,"S/G2 phase",1.78786998073801,1.75121752681619
250398892,"YCR087C-A","","","dma592","Vph1_R1_Plate02",4,8,318,76,"T phase",2.22864495943849,1.80022992252872
250398914,"YCR087C-A","","","dma592","Vph1_R1_Plate02",4,8,318,99,"S/G2 phase",0.187351000702662,0.403968581867774
250398921,"YCR087C-A","","","dma592","Vph1_R1_Plate02",4,8,318,107,"G1 phase",-0.0980688625542063,-0.223405868243237
250398955,"YCR087C-A","","","dma592","Vph1_R1_Plate02",4,8,318,142,"S/G2 phase",2.62245211253974,3.32569141098583
250398970,"YCR087C-A","","","dma592","Vph1_R1_Plate02",4,8,318,158,"MA phase",1.17006242862504,1.12384307670518
250399034,"YCR087C-A","","","dma592","Vph1_R1_Plate02",4,8,318,222,"G1 phase",0.382448122422546,0.0364940014530215
250399052,"YCR087C-A","","","dma592","Vph1_R1_Plate02",4,8,318,240,"S/G2 phase",1.00386858419699,1.45461755405016
250399097,"YCR087C-A","","","dma592","Vph1_R1_Plate02",4,8,318,285,"T phase",3.53290534723253,2.67116677709847
250399098,"YCR087C-A","","","dma592","Vph1_R1_Plate02",4,8,318,286,"S/G2 phase",1.39767573729824,1.53756767948313
250399131,"YCR087C-A","","","dma592","Vph1_R1_Plate02",4,8,318,320,"S/G2 phase",0.476383773621009,1.10071806552358
250399183,"YCR087C-A","","","dma592","Vph1_R1_Plate02",4,8,318,372,"MA-single",-0.62555367313019,-0.692930412677807
250399187,"YCR087C-A","","","dma592","Vph1_R1_Plate02",4,8,318,376,"S/G2 phase",0.133157355780472,0.329068801624303
250399198,"YCR087C-A","","","dma592","Vph1_R1_Plate02",4,8,318,387,"S/G2 phase",0.566706515157993,0.775468334877277
250399288,"YCR087C-A","","","dma592","Vph1_R1_Plate02",4,8,319,35,"T phase",2.75612977001447,2.36501688503902
250399289,"YCR087C-A","","","dma592","Vph1_R1_Plate02",4,8,319,36,"MA-single",0.0717378915353227,0.137281166227429
250399293,"YCR087C-A","","","dma592","Vph1_R1_Plate02",4,8,319,40,"S/G2 phase",1.90709599956683,1.82335493371032
250399360,"YCR087C-A","","","dma592","Vph1_R1_Plate02",4,8,319,109,"S/G2 phase",2.29367733334512,2.22879241644025
250399378,"YCR087C-A","","","dma592","Vph1_R1_Plate02",4,8,319,128,"S/G2 phase",2.70554903475376,2.59626699685501
250399403,"YCR087C-A","","","dma592","Vph1_R1_Plate02",4,8,319,153,"S/G2 phase",1.80954743870689,1.53354250688838
250399423,"YCR087C-A","","","dma592","Vph1_R1_Plate02",4,8,319,174,"S/G2 phase",1.00748149385847,0.937343413148464
250399442,"YCR087C-A","","","dma592","Vph1_R1_Plate02",4,8,319,193,"T phase",3.60155063080064,3.17739142460282
250399456,"YCR087C-A","","","dma592","Vph1_R1_Plate02",4,8,319,207,"S/G2 phase",2.87535578884329,2.31324211597715
250399479,"YCR087C-A","","","dma592","Vph1_R1_Plate02",4,8,319,230,"S/G2 phase",1.07973968708806,1.03536820457353
250399485,"YCR087C-A","","","dma592","Vph1_R1_Plate02",4,8,319,236,"S/G2 phase",2.39122589420506,1.97441729344267
250399527,"YCR087C-A","","","dma592","Vph1_R1_Plate02",4,8,319,278,"T phase",1.42657901459008,1.43678051470872
250399541,"YCR087C-A","","","dma592","Vph1_R1_Plate02",4,8,319,292,"S/G2 phase",0.545029057189116,0.512806091831679
250399574,"YCR087C-A","","","dma592","Vph1_R1_Plate02",4,8,319,326,"T phase",2.57548428694051,2.15539221030071
250399585,"YCR087C-A","","","dma592","Vph1_R1_Plate02",4,8,319,337,"S/G2 phase",0.740126178909001,0.7850182541707
250399624,"YCR087C-A","","","dma592","Vph1_R1_Plate02",4,8,319,377,"S/G2 phase",2.79948468595223,2.77597911446763
250399634,"YCR087C-A","","","dma592","Vph1_R1_Plate02",4,8,319,387,"MA-single",-0.744779691959008,-0.781405284809453
250399639,"YCR087C-A","","","dma592","Vph1_R1_Plate02",4,8,319,392,"T phase",1.89264436092091,1.73211768822934
250399647,"YCR087C-A","","","dma592","Vph1_R1_Plate02",4,8,319,400,"S/G2 phase",1.39406282763676,1.29676764837372
250399667,"YCR087C-A","","","dma592","Vph1_R1_Plate02",4,8,319,421,"S/G2 phase",0.848513468753381,0.965993171028738
250399671,"YCR087C-A","","","dma592","Vph1_R1_Plate02",4,8,319,425,"S/G2 phase",0.924384571644447,0.900643310078692
250399673,"YCR087C-A","","","dma592","Vph1_R1_Plate02",4,8,319,427,"S/G2 phase",2.55380682897163,2.2710172662087
250399687,"YCR087C-A","","","dma592","Vph1_R1_Plate02",4,8,320,9,"S/G2 phase",1.61806322664848,1.50213037565877
250399695,"YCR087C-A","","","dma592","Vph1_R1_Plate02",4,8,320,18,"S/G2 phase",0.404125580391422,0.3753188239875
250399703,"YCR087C-A","","","dma592","Vph1_R1_Plate02",4,8,320,26,"S/G2 phase",1.95406382516606,1.77710491134712
250399704,"YCR087C-A","","","dma592","Vph1_R1_Plate02",4,8,320,27,"S/G2 phase",-0.0655526756008922,0.260956567324919
250399718,"YCR087C-A","","","dma592","Vph1_R1_Plate02",4,8,320,41,"S/G2 phase",3.71716373996798,2.46154210236017
250399760,"YCR087C-A","","","dma592","Vph1_R1_Plate02",4,8,320,83,"S/G2 phase",3.35948568348152,2.26699209361395
250399777,"YCR087C-A","","","dma592","Vph1_R1_Plate02",4,8,320,100,"T phase",3.1535498327772,2.8971289170743
250399784,"YCR087C-A","","","dma592","Vph1_R1_Plate02",4,8,320,108,"S/G2 phase",2.56825846761755,2.08877955010525
250399791,"YCR087C-A","","","dma592","Vph1_R1_Plate02",4,8,320,115,"S/G2 phase",0.80154564315415,0.891093390785268
250399800,"YCR087C-A","","","dma592","Vph1_R1_Plate02",4,8,320,124,"G1 phase",-1.00129627792404,-1.17603004900055
250399802,"YCR087C-A","","","dma592","Vph1_R1_Plate02",4,8,320,126,"T phase",2.44180662946577,2.79507895305448
250399833,"YCR087C-A","","","dma592","Vph1_R1_Plate02",4,8,320,158,"S/G2 phase",1.59277285901813,1.1333929959986
250399873,"YCR087C-A","","","dma592","Vph1_R1_Plate02",4,8,320,199,"S/G2 phase",2.64774248017009,1.74719235422144
250399878,"YCR087C-A","","","dma592","Vph1_R1_Plate02",4,8,320,204,"S/G2 phase",2.9440010724114,3.46041630548067
250399892,"YCR087C-A","","","dma592","Vph1_R1_Plate02",4,8,320,219,"T phase",7.50349306519833,5.05525282748258
250399893,"YCR087C-A","","","dma592","Vph1_R1_Plate02",4,8,320,220,"S/G2 phase",2.75974267967595,2.45325498231215
250399899,"YCR087C-A","","","dma592","Vph1_R1_Plate02",4,8,320,226,"S/G2 phase",-0.0908430432312476,-0.095468519692482
250399968,"YCR087C-A","","","dma592","Vph1_R1_Plate02",4,8,320,296,"S/G2 phase",2.55019391931015,2.54875417524639
250399970,"YCR087C-A","","","dma592","Vph1_R1_Plate02",4,8,320,298,"S/G2 phase",1.45186938222043,1.65595510874046
250399997,"YCR087C-A","","","dma592","Vph1_R1_Plate02",4,8,320,325,"S/G2 phase",0.682319624325331,0.53316872966394
250400013,"YCR087C-A","","","dma592","Vph1_R1_Plate02",4,8,320,342,"T phase",3.31974367720525,2.90115408966905
250400062,"YCR087C-A","","","dma592","Vph1_R1_Plate02",4,8,320,392,"S/G2 phase",3.99897069356337,4.05385302587124
250400081,"YCR087C-A","","","dma592","Vph1_R1_Plate02",4,8,320,412,"S/G2 phase",1.89987018024387,1.71175505039708
250400091,"YCR087C-A","","","dma592","Vph1_R1_Plate02",4,8,320,422,"S/G2 phase",-0.166714146122314,-0.25608079871826
250402905,"YDL034W","","","dma629","Vph1_R1_Plate02",10,10,901,101,"S/G2 phase",1.93238636719718,1.89675513984986
250402929,"YDL034W","","","dma629","Vph1_R1_Plate02",10,10,901,125,"S/G2 phase",0.653416347033497,0.80940606459771
250402934,"YDL034W","","","dma629","Vph1_R1_Plate02",10,10,901,130,"T phase",2.07690275365636,2.16494212959413
250402947,"YDL034W","","","dma629","Vph1_R1_Plate02",10,10,901,143,"S/G2 phase",0.064512072212364,-0.0233311127983483
250403083,"YDL034W","","","dma629","Vph1_R1_Plate02",10,10,901,283,"S/G2 phase",0.064512072212364,0.229781210953822
250403091,"YDL034W","","","dma629","Vph1_R1_Plate02",10,10,901,291,"S/G2 phase",1.02193313250439,1.06678033580315
250403104,"YDL034W","","","dma629","Vph1_R1_Plate02",10,10,901,304,"G1 phase",-0.170327055783793,-0.31590591296963
250403148,"YDL034W","","","dma629","Vph1_R1_Plate02",10,10,901,350,"S/G2 phase",3.30890494822081,2.53241671000888
250403153,"YDL034W","","","dma629","Vph1_R1_Plate02",10,10,901,355,"T phase",2.68387157678489,2.15815458365005
250403211,"YDL034W","","","dma629","Vph1_R1_Plate02",10,10,901,414,"S/G2 phase",1.0544493194577,0.850368115120747
250403218,"YDL034W","","","dma629","Vph1_R1_Plate02",10,10,902,6,"S/G2 phase",1.00386858419699,1.5742677825529
250403262,"YDL034W","","","dma629","Vph1_R1_Plate02",10,10,902,51,"T phase",2.02993492805713,2.27377963955804
250403337,"YDL034W","","","dma629","Vph1_R1_Plate02",10,10,902,126,"S/G2 phase",1.56748249138777,1.23544296001842
250403365,"YDL034W","","","dma629","Vph1_R1_Plate02",10,10,902,154,"MA-single",-0.943489723340372,-1.14335511852553
250403397,"YDL034W","","","dma629","Vph1_R1_Plate02",10,10,902,186,"S/G2 phase",3.91948668101082,3.55441592431099
250403441,"YDL034W","","","dma629","Vph1_R1_Plate02",10,10,902,230,"S/G2 phase",4.08929343510035,3.34076607697793
250403496,"YDL034W","","","dma629","Vph1_R1_Plate02",10,10,902,287,"S/G2 phase",1.41212737594416,1.76076744610961
250403553,"YDL034W","","","dma629","Vph1_R1_Plate02",10,10,902,345,"S/G2 phase",3.59793772113916,2.70384170757349
250403561,"YDL034W","","","dma629","Vph1_R1_Plate02",10,10,902,354,"S/G2 phase",2.31174188165251,1.94852990891174
250403719,"YDL034W","","","dma629","Vph1_R1_Plate02",10,10,903,119,"MA-single",-0.506327654301372,-0.462943100107235
250403787,"YDL034W","","","dma629","Vph1_R1_Plate02",10,10,903,188,"T phase",3.31613076754377,3.0290914382198
250403903,"YDL034W","","","dma629","Vph1_R1_Plate02",10,10,903,304,"S/G2 phase",-0.629166582791669,-0.541868052945455
250403938,"YDL034W","","","dma629","Vph1_R1_Plate02",10,10,903,340,"S/G2 phase",0.736513269247521,0.808143265352298
250403944,"YDL034W","","","dma629","Vph1_R1_Plate02",10,10,903,346,"G1 phase",0.122318626796034,0.101843862403068
250403950,"YDL034W","","","dma629","Vph1_R1_Plate02",10,10,903,352,"S/G2 phase",1.47354684018931,1.42999296876463
250403959,"YDL034W","","","dma629","Vph1_R1_Plate02",10,10,903,361,"S/G2 phase",0.461932134975092,0.731980685863417
250404000,"YDL034W","","","dma629","Vph1_R1_Plate02",10,10,903,402,"S/G2 phase",-0.159488326799355,-0.143218116159606
250404062,"YDL034W","","","dma629","Vph1_R1_Plate02",10,10,904,42,"S/G2 phase",0.790706914169712,0.824480730589811
250404071,"YDL034W","","","dma629","Vph1_R1_Plate02",10,10,904,51,"S/G2 phase",-0.0655526756008922,-0.00975602091017526
250404076,"YDL034W","","","dma629","Vph1_R1_Plate02",10,10,904,56,"G1 phase",0.812384372138588,0.440668684937546
250404078,"YDL034W","","","dma629","Vph1_R1_Plate02",10,10,904,58,"MA phase",2.97290434970323,3.14069132153304
250404095,"YDL034W","","","dma629","Vph1_R1_Plate02",10,10,904,75,"T phase",2.5935488352479,2.36225451168968
250404102,"YDL034W","","","dma629","Vph1_R1_Plate02",10,10,904,83,"S/G2 phase",3.01987217530247,2.74606655734194
250404103,"YDL034W","","","dma629","Vph1_R1_Plate02",10,10,904,84,"T phase",4.61316533601486,3.67556572691766
250404108,"YDL034W","","","dma629","Vph1_R1_Plate02",10,10,904,89,"S/G2 phase",3.32335658686673,2.23029199054418
250404132,"YDL034W","","","dma629","Vph1_R1_Plate02",10,10,904,115,"S/G2 phase",0.971352397243679,0.787780627520039
250404157,"YDL034W","","","dma629","Vph1_R1_Plate02",10,10,904,141,"S/G2 phase",1.32541754406865,1.13741816859335
250404178,"YDL034W","","","dma629","Vph1_R1_Plate02",10,10,904,162,"S/G2 phase",1.67948269089363,1.76629219280829
250404208,"YDL034W","","","dma629","Vph1_R1_Plate02",10,10,904,193,"S/G2 phase",0.169286452395265,0.431118765644121
250404222,"YDL034W","","","dma629","Vph1_R1_Plate02",10,10,904,207,"S/G2 phase",3.00180762699507,2.27654201290738
250404223,"YDL034W","","","dma629","Vph1_R1_Plate02",10,10,904,208,"S/G2 phase",1.22786898320871,1.58381770184632
250404233,"YDL034W","","","dma629","Vph1_R1_Plate02",10,10,904,219,"T phase",0.711222901617166,0.889830591539857
250404258,"YDL034W","","","dma629","Vph1_R1_Plate02",10,10,904,244,"T phase",3.26555003228306,3.00596642703821
250404291,"YDL034W","","","dma629","Vph1_R1_Plate02",10,10,904,277,"S/G2 phase",0.241544645624852,0.621643601795585
250404310,"YDL034W","","","dma629","Vph1_R1_Plate02",10,10,904,296,"S/G2 phase",2.56464555795607,2.2247672438455
250404313,"YDL034W","","","dma629","Vph1_R1_Plate02",10,10,904,299,"S/G2 phase",1.53857921409594,1.80425509512347
250404320,"YDL034W","","","dma629","Vph1_R1_Plate02",10,10,904,306,"S/G2 phase",2.65496829949305,2.43991666528249
250404325,"YDL034W","","","dma629","Vph1_R1_Plate02",10,10,904,311,"MA-single",-0.690586047036818,-0.906580260010869
250404342,"YDL034W","","","dma629","Vph1_R1_Plate02",10,10,904,328,"S/G2 phase",1.30735299576126,1.48453011117584
250404348,"YDL034W","","","dma629","Vph1_R1_Plate02",10,10,904,334,"S/G2 phase",2.4020646231895,2.68750424233599
250404380,"YDL034W","","","dma629","Vph1_R1_Plate02",10,10,904,366,"S/G2 phase",0.917158752321489,1.07483068099264
250407569,"YDL033C","SLM3","","dma630","Vph1_R1_Plate02",10,12,909,38,"S/G2 phase",0.729287449924563,0.861180833659582
250407607,"YDL033C","SLM3","","dma630","Vph1_R1_Plate02",10,12,909,76,"S/G2 phase",-0.394327454795512,-0.351343216793992
250407611,"YDL033C","SLM3","","dma630","Vph1_R1_Plate02",10,12,909,80,"S/G2 phase",0.935223300628885,1.08438060028607
250407619,"YDL033C","SLM3","","dma630","Vph1_R1_Plate02",10,12,909,88,"S/G2 phase",2.34787097826731,2.22603004309092
250407640,"YDL033C","SLM3","","dma630","Vph1_R1_Plate02",10,12,909,109,"S/G2 phase",0.834061830107464,1.02581828528011
250407684,"YDL033C","SLM3","","dma630","Vph1_R1_Plate02",10,12,910,3,"S/G2 phase",0.234318826301893,0.289606325205193
250407697,"YDL033C","SLM3","","dma630","Vph1_R1_Plate02",10,12,910,16,"T phase",3.64129263707691,3.95456543520076
250407698,"YDL033C","SLM3","","dma630","Vph1_R1_Plate02",10,12,910,17,"MA phase",1.95406382516606,1.57979252925157
250407710,"YDL033C","SLM3","","dma630","Vph1_R1_Plate02",10,12,910,30,"T phase",2.42735499081985,1.89549234060445
250407712,"YDL033C","SLM3","","dma630","Vph1_R1_Plate02",10,12,910,32,"MA-single",-0.412392003102909,-0.423480623688125
250407718,"YDL033C","SLM3","","dma630","Vph1_R1_Plate02",10,12,910,38,"S/G2 phase",0.826836010784505,0.519593637775767
250407725,"YDL033C","SLM3","","dma630","Vph1_R1_Plate02",10,12,910,45,"S/G2 phase",1.02554604216587,1.00821802079719
250407746,"YDL033C","SLM3","","dma630","Vph1_R1_Plate02",10,12,910,66,"G1 phase",-0.79174751755824,-0.841230399060823
250407763,"YDL033C","SLM3","","dma630","Vph1_R1_Plate02",10,12,910,83,"S/G2 phase",0.378835212761067,0.591731044669899
250407766,"YDL033C","SLM3","","dma630","Vph1_R1_Plate02",10,12,910,86,"S/G2 phase",0.90632002333705,1.24223050596251
250407768,"YDL033C","SLM3","","dma630","Vph1_R1_Plate02",10,12,910,88,"S/G2 phase",3.65935718538431,2.2478922550271
250407794,"YDL033C","SLM3","","dma630","Vph1_R1_Plate02",10,12,910,114,"T phase",2.69109739610785,3.09444129916985
250407821,"YDL033C","SLM3","","dma630","Vph1_R1_Plate02",10,12,911,15,"S/G2 phase",0.321028658177397,0.768680788933188
250407831,"YDL033C","SLM3","","dma630","Vph1_R1_Plate02",10,12,911,26,"S/G2 phase",1.91793472855127,1.86960495607352
250407904,"YDL033C","SLM3","","dma630","Vph1_R1_Plate02",10,12,911,104,"S/G2 phase",1.87457981261351,2.02342968915521
250407940,"YDL033C","SLM3","","dma630","Vph1_R1_Plate02",10,12,912,3,"S/G2 phase",0.946062029613323,0.906168056777369
250407942,"YDL033C","SLM3","","dma630","Vph1_R1_Plate02",10,12,912,5,"S/G2 phase",2.19612877248518,2.38135435027653
250407983,"YDL033C","SLM3","","dma630","Vph1_R1_Plate02",10,12,912,49,"S/G2 phase",1.10141714505693,1.3116055395073
250407988,"YDL033C","SLM3","","dma630","Vph1_R1_Plate02",10,12,912,54,"S/G2 phase",0.967739487582199,1.17009309906838
250408079,"YDL033C","SLM3","","dma630","Vph1_R1_Plate02",10,12,912,149,"MA-single",-0.24258524901338,-0.340530498255156
250410415,"YDL027C","MRX9","","dma631","Vph1_R1_Plate02",10,14,917,5,"T phase",2.09135439230227,2.42207962594105
250410429,"YDL027C","MRX9","","dma631","Vph1_R1_Plate02",10,14,917,19,"S/G2 phase",0.310189929192959,0.15764380405969
250410431,"YDL027C","MRX9","","dma631","Vph1_R1_Plate02",10,14,917,21,"S/G2 phase",0.190963910364141,0.677443543452206
250410489,"YDL027C","MRX9","","dma631","Vph1_R1_Plate02",10,14,917,80,"S/G2 phase",2.04438656670304,1.96486737414925
250410527,"YDL027C","MRX9","","dma631","Vph1_R1_Plate02",10,14,917,119,"T phase",2.18890295316222,1.86005503678009
250410532,"YDL027C","MRX9","","dma631","Vph1_R1_Plate02",10,14,917,124,"S/G2 phase",1.98296710245789,1.64916756279637
250410550,"YDL027C","MRX9","","dma631","Vph1_R1_Plate02",10,14,917,142,"S/G2 phase",1.0725138677651,1.15375563383086
250410651,"YDL027C","MRX9","","dma631","Vph1_R1_Plate02",10,14,917,247,"G1 phase",0.657029256694976,0.463793696119145
250410738,"YDL027C","MRX9","","dma631","Vph1_R1_Plate02",10,14,917,335,"T phase",3.84722848778123,3.07407866133758
250410848,"YDL027C","MRX9","","dma631","Vph1_R1_Plate02",10,14,917,445,"S/G2 phase",2.08774148264079,2.17575484813297
250410888,"YDL027C","MRX9","","dma631","Vph1_R1_Plate02",10,14,917,486,"S/G2 phase",1.37961118899084,1.66826740138322
250410893,"YDL027C","MRX9","","dma631","Vph1_R1_Plate02",10,14,917,491,"S/G2 phase",0.725674540263084,1.0094808200426
250410932,"YDL027C","MRX9","","dma631","Vph1_R1_Plate02",10,14,918,8,"S/G2 phase",1.41212737594416,1.22186786813025
250410998,"YDL027C","MRX9","","dma631","Vph1_R1_Plate02",10,14,918,79,"S/G2 phase",2.35870970725175,2.76366682182487
250411189,"YDL027C","MRX9","","dma631","Vph1_R1_Plate02",10,14,918,273,"S/G2 phase",3.49316334095626,3.16657870606398
250411190,"YDL027C","MRX9","","dma631","Vph1_R1_Plate02",10,14,918,274,"S/G2 phase",-0.0547139466164542,0.0922939431096431
250411244,"YDL027C","MRX9","","dma631","Vph1_R1_Plate02",10,14,918,329,"MA phase",1.57109540104925,1.76479261870436
250411282,"YDL027C","MRX9","","dma631","Vph1_R1_Plate02",10,14,918,368,"S/G2 phase",0.0753508011968021,0.394418662574349
250411300,"YDL027C","MRX9","","dma631","Vph1_R1_Plate02",10,14,918,386,"T phase",2.30451606232956,2.53241671000889
250411342,"YDL027C","MRX9","","dma631","Vph1_R1_Plate02",10,14,918,428,"T phase",3.94477704864118,3.21006635507784
250411386,"YDL027C","MRX9","","dma631","Vph1_R1_Plate02",10,14,918,474,"S/G2 phase",0.895481294352612,1.01224319339194
250411419,"YDL027C","MRX9","","dma631","Vph1_R1_Plate02",10,14,918,508,"S/G2 phase",0.707609991955687,0.798593346058874
250411439,"YDL027C","MRX9","","dma631","Vph1_R1_Plate02",10,14,919,2,"MA-single",-1.06271574216919,-1.17326767565121
250411539,"YDL027C","MRX9","","dma631","Vph1_R1_Plate02",10,14,919,104,"S/G2 phase",2.65135538983157,2.3785919769272
250411599,"YDL027C","MRX9","","dma631","Vph1_R1_Plate02",10,14,919,165,"S/G2 phase",1.25677226050055,1.30205562021388
250411634,"YDL027C","MRX9","","dma631","Vph1_R1_Plate02",10,14,919,201,"MA-single",0.219867187655976,0.105869034997817
250411662,"YDL027C","MRX9","","dma631","Vph1_R1_Plate02",10,14,919,229,"G1 phase",-0.603876215161314,-0.669805401496209
250411704,"YDL027C","MRX9","","dma631","Vph1_R1_Plate02",10,14,919,271,"S/G2 phase",0.100641168827157,0.374056024742088
250411719,"YDL027C","MRX9","","dma631","Vph1_R1_Plate02",10,14,919,286,"S/G2 phase",-0.79174751755824,-0.609980287244839
250411796,"YDL027C","MRX9","","dma631","Vph1_R1_Plate02",10,14,919,366,"S/G2 phase",2.925936524104,2.835804228719
250411830,"YDL027C","MRX9","","dma631","Vph1_R1_Plate02",10,14,919,401,"G1 phase",-0.506327654301372,-0.551417972238879
250411835,"YDL027C","MRX9","","dma631","Vph1_R1_Plate02",10,14,919,406,"S/G2 phase",-0.101681772215686,0.141306338822178
250411850,"YDL027C","MRX9","","dma631","Vph1_R1_Plate02",10,14,919,421,"S/G2 phase",0.570319424819472,0.496468626594168
250411877,"YDL027C","MRX9","","dma631","Vph1_R1_Plate02",10,14,919,448,"S/G2 phase",1.64335359427884,1.93219244367423
250411901,"YDL027C","MRX9","","dma631","Vph1_R1_Plate02",10,14,919,473,"S/G2 phase",1.4916113884967,1.32115545880073
250411962,"YDL027C","MRX9","","dma631","Vph1_R1_Plate02",10,14,920,22,"MA phase",1.67586978123215,1.60291754043317
250411971,"YDL027C","MRX9","","dma631","Vph1_R1_Plate02",10,14,920,31,"S/G2 phase",2.35148388792879,2.07646725746249
250411994,"YDL027C","MRX9","","dma631","Vph1_R1_Plate02",10,14,920,55,"S/G2 phase",2.93316234342696,2.26699209361395
250412010,"YDL027C","MRX9","","dma631","Vph1_R1_Plate02",10,14,920,71,"S/G2 phase",0.624513069741662,0.719668393220654
250412037,"YDL027C","MRX9","","dma631","Vph1_R1_Plate02",10,14,920,98,"S/G2 phase",0.956900758597761,2.04781749958222
250412044,"YDL027C","MRX9","","dma631","Vph1_R1_Plate02",10,14,920,105,"T phase",1.00748149385847,0.821718357240472
250412058,"YDL027C","MRX9","","dma631","Vph1_R1_Plate02",10,14,920,119,"S/G2 phase",0.52335159922024,0.510043718482341
250412061,"YDL027C","MRX9","","dma631","Vph1_R1_Plate02",10,14,920,122,"S/G2 phase",1.20257861557836,1.15375563383086
250412063,"YDL027C","MRX9","","dma631","Vph1_R1_Plate02",10,14,920,124,"S/G2 phase",0.136770265441951,0.216206119065648
250412163,"YDL027C","MRX9","","dma631","Vph1_R1_Plate02",10,14,920,226,"S/G2 phase",1.93961218652014,1.85879223753468
250412203,"YDL027C","MRX9","","dma631","Vph1_R1_Plate02",10,14,920,266,"T phase",1.17367533828652,1.4423052614074
250412208,"YDL027C","MRX9","","dma631","Vph1_R1_Plate02",10,14,920,271,"S/G2 phase",0.599222702111307,0.808143265352298
250412218,"YDL027C","MRX9","","dma631","Vph1_R1_Plate02",10,14,920,281,"T phase",2.00464456042677,2.05334224628089
250412221,"YDL027C","MRX9","","dma631","Vph1_R1_Plate02",10,14,920,284,"S/G2 phase",2.65135538983157,2.53091713590496
250412225,"YDL027C","MRX9","","dma631","Vph1_R1_Plate02",10,14,920,288,"T phase",1.89987018024387,1.7524803260616
250412237,"YDL027C","MRX9","","dma631","Vph1_R1_Plate02",10,14,920,300,"S/G2 phase",0.042834614243488,0.183531188590625
250412251,"YDL027C","MRX9","","dma631","Vph1_R1_Plate02",10,14,920,314,"G1 phase",0.187351000702662,0.202631027177475
250412282,"YDL027C","MRX9","","dma631","Vph1_R1_Plate02",10,14,920,346,"S/G2 phase",0.924384571644447,1.03386863046961
250412312,"YDL027C","MRX9","","dma631","Vph1_R1_Plate02",10,14,920,376,"S/G2 phase",2.62245211253974,2.59500419760959
250412321,"YDL027C","MRX9","","dma631","Vph1_R1_Plate02",10,14,920,385,"S/G2 phase",1.3001271764383,1.1947176843539
250412359,"YDL027C","MRX9","","dma631","Vph1_R1_Plate02",10,14,920,425,"S/G2 phase",3.72077664962946,2.90391646301838
250412431,"YDL027C","MRX9","","dma631","Vph1_R1_Plate02",10,14,920,498,"S/G2 phase",2.24670950774589,2.75009172993669
250415115,"YDL026W","","","dma632","Vph1_R1_Plate02",10,16,925,7,"MA-single",0.0464475239049673,0.148093884766265
250415128,"YDL026W","","","dma632","Vph1_R1_Plate02",10,16,925,20,"S/G2 phase",2.51767773235684,3.31085351985224
250415148,"YDL026W","","","dma632","Vph1_R1_Plate02",10,16,925,40,"G1 phase",0.270447922916687,0.111393781696492
250415152,"YDL026W","","","dma632","Vph1_R1_Plate02",10,16,925,44,"S/G2 phase",4.17600326697585,3.29451605461473
250415178,"YDL026W","","","dma632","Vph1_R1_Plate02",10,16,925,71,"S/G2 phase",1.3868370083138,1.55516794396605
250415251,"YDL026W","","","dma632","Vph1_R1_Plate02",10,16,925,147,"S/G2 phase",2.66219411881601,2.332341954564
250415257,"YDL026W","","","dma632","Vph1_R1_Plate02",10,16,925,153,"S/G2 phase",2.25032241740737,2.14986746360203
250415270,"YDL026W","","","dma632","Vph1_R1_Plate02",10,16,925,167,"MA phase",2.95122689173436,2.87124153254336
250415338,"YDL026W","","","dma632","Vph1_R1_Plate02",10,16,925,239,"T phase",2.53212937100275,2.02193011505128
250415431,"YDL026W","","","dma632","Vph1_R1_Plate02",10,16,925,336,"S/G2 phase",4.05316433848556,3.30809114650291
250415459,"YDL026W","","","dma632","Vph1_R1_Plate02",10,16,925,366,"T phase",1.14477206099469,0.94286815984714
250415476,"YDL026W","","","dma632","Vph1_R1_Plate02",10,16,925,384,"S/G2 phase",0.490835412266926,1.02858065862945
250415515,"YDL026W","","","dma632","Vph1_R1_Plate02",10,16,925,424,"S/G2 phase",3.57626026317028,2.66714160450372
250415519,"YDL026W","","","dma632","Vph1_R1_Plate02",10,16,925,428,"S/G2 phase",2.57187137727903,2.29966702408897
250415524,"YDL026W","","","dma632","Vph1_R1_Plate02",10,16,925,434,"S/G2 phase",0.389673941745505,0.436643512342797
250415545,"YDL026W","","","dma632","Vph1_R1_Plate02",10,16,925,456,"T phase",3.1716143810846,2.65356651261555
250415554,"YDL026W","","","dma632","Vph1_R1_Plate02",10,16,925,465,"S/G2 phase",1.11225587404137,1.22186786813025
250415591,"YDL026W","","","dma632","Vph1_R1_Plate02",10,16,926,17,"T phase",2.66941993813897,2.50929169882728
250415598,"YDL026W","","","dma632","Vph1_R1_Plate02",10,16,926,24,"S/G2 phase",1.29651426677682,1.35383038927575
250415599,"YDL026W","","","dma632","Vph1_R1_Plate02",10,16,926,25,"MA-single",-1.11690938709138,-1.27808001302037
250415610,"YDL026W","","","dma632","Vph1_R1_Plate02",10,16,926,36,"T phase",2.8211621439211,2.77850471295846
250415627,"YDL026W","","","dma632","Vph1_R1_Plate02",10,16,926,54,"S/G2 phase",0.808771462477108,1.70496750445299
250415659,"YDL026W","","","dma632","Vph1_R1_Plate02",10,16,926,91,"G1 phase",-0.983231729616645,-1.18960514088873
250415673,"YDL026W","","","dma632","Vph1_R1_Plate02",10,16,926,105,"S/G2 phase",3.43896969603407,2.95419165797633
250415717,"YDL026W","","","dma632","Vph1_R1_Plate02",10,16,926,153,"S/G2 phase",1.43019192425155,1.54435522542721
250415732,"YDL026W","","","dma632","Vph1_R1_Plate02",10,16,926,168,"S/G2 phase",3.31613076754377,2.44394183787724
250415784,"YDL026W","","","dma632","Vph1_R1_Plate02",10,16,926,220,"T phase",3.32696949652821,2.72696671875509
250415796,"YDL026W","","","dma632","Vph1_R1_Plate02",10,16,926,233,"S/G2 phase",0.00309260796721525,-0.167605926586615
250415800,"YDL026W","","","dma632","Vph1_R1_Plate02",10,16,926,237,"S/G2 phase",0.281286651901125,0.663868451564032
250415801,"YDL026W","","","dma632","Vph1_R1_Plate02",10,16,926,238,"S/G2 phase",0.295738290547042,0.783518680066774
250415803,"YDL026W","","","dma632","Vph1_R1_Plate02",10,16,926,240,"S/G2 phase",0.783481094846753,0.991880555559675
250415816,"YDL026W","","","dma632","Vph1_R1_Plate02",10,16,926,253,"S/G2 phase",1.74090215513878,1.47774256523175
250415830,"YDL026W","","","dma632","Vph1_R1_Plate02",10,16,926,267,"S/G2 phase",0.331867387161835,0.394418662574349
250415864,"YDL026W","","","dma632","Vph1_R1_Plate02",10,16,926,301,"S/G2 phase",1.83483780633724,1.349805216681
250415957,"YDL026W","","","dma632","Vph1_R1_Plate02",10,16,926,394,"G1 phase",-0.358198358180719,-0.483305737939495
250415968,"YDL026W","","","dma632","Vph1_R1_Plate02",10,16,926,405,"S/G2 phase",2.91509779511956,2.57716715826816
250415971,"YDL026W","","","dma632","Vph1_R1_Plate02",10,16,926,408,"T phase",1.67586978123215,1.50086757641335
250415983,"YDL026W","","","dma632","Vph1_R1_Plate02",10,16,926,420,"T phase",1.5096759368041,1.78113008394187
250415988,"YDL026W","","","dma632","Vph1_R1_Plate02",10,16,926,425,"S/G2 phase",0.917158752321489,0.802618518653623
250415997,"YDL026W","","","dma632","Vph1_R1_Plate02",10,16,926,434,"S/G2 phase",0.508899960574323,0.591731044669899
250416042,"YDL026W","","","dma632","Vph1_R1_Plate02",10,16,927,29,"S/G2 phase",1.75174088412322,2.0465547003368
250416083,"YDL026W","","","dma632","Vph1_R1_Plate02",10,16,927,70,"S/G2 phase",0.0247700659360913,0.417543673755948
250416128,"YDL026W","","","dma632","Vph1_R1_Plate02",10,16,927,116,"S/G2 phase",0.881029655706695,0.702068128737732
250416183,"YDL026W","","","dma632","Vph1_R1_Plate02",10,16,927,173,"S/G2 phase",2.38038716522062,2.69302898903466
250416189,"YDL026W","","","dma632","Vph1_R1_Plate02",10,16,927,179,"G1 phase",0.0283829755975706,-0.160818380642528
250416197,"YDL026W","","","dma632","Vph1_R1_Plate02",10,16,927,187,"S/G2 phase",1.24593353151611,1.60694271302792
250416214,"YDL026W","","","dma632","Vph1_R1_Plate02",10,16,927,206,"S/G2 phase",1.82761198701428,1.55240557061671
250416221,"YDL026W","","","dma632","Vph1_R1_Plate02",10,16,927,213,"S/G2 phase",1.91793472855127,1.43954288805806
250416293,"YDL026W","","","dma632","Vph1_R1_Plate02",10,16,927,288,"T phase",1.93238636719718,2.49295423358977
250416368,"YDL026W","","","dma632","Vph1_R1_Plate02",10,16,927,365,"T phase",2.58632301592494,2.70510450681891
250416452,"YDL026W","","","dma632","Vph1_R1_Plate02",10,16,928,28,"S/G2 phase",1.67948269089363,1.29929324686454
250416462,"YDL026W","","","dma632","Vph1_R1_Plate02",10,16,928,38,"S/G2 phase",2.09858021162523,2.09682989529475
250416493,"YDL026W","","","dma632","Vph1_R1_Plate02",10,16,928,70,"S/G2 phase",4.12180962205366,3.26184112413971
250416526,"YDL026W","","","dma632","Vph1_R1_Plate02",10,16,928,104,"S/G2 phase",1.87819272227499,2.34315467310284
250416529,"YDL026W","","","dma632","Vph1_R1_Plate02",10,16,928,107,"S/G2 phase",2.34425806860583,2.4411794645279
250416551,"YDL026W","","","dma632","Vph1_R1_Plate02",10,16,928,130,"T phase",4.65290734229113,3.56799101619916
250416559,"YDL026W","","","dma632","Vph1_R1_Plate02",10,16,928,138,"T phase",3.37393732212744,2.42207962594106
250416594,"YDL026W","","","dma632","Vph1_R1_Plate02",10,16,928,174,"S/G2 phase",0.90632002333705,1.12936782340385
250416608,"YDL026W","","","dma632","Vph1_R1_Plate02",10,16,928,188,"S/G2 phase",0.367996483776629,0.952418079140565
250416625,"YDL026W","","","dma632","Vph1_R1_Plate02",10,16,928,205,"S/G2 phase",3.79664775252052,3.44407884024316
250416645,"YDL026W","","","dma632","Vph1_R1_Plate02",10,16,928,225,"S/G2 phase",-0.0547139466164542,-0.138956168706341
250416692,"YDL026W","","","dma632","Vph1_R1_Plate02",10,16,928,274,"S/G2 phase",1.3001271764383,1.23544296001842
250416711,"YDL026W","","","dma632","Vph1_R1_Plate02",10,16,928,293,"S/G2 phase",0.602835611772786,0.624405975144922
250416750,"YDL026W","","","dma632","Vph1_R1_Plate02",10,16,928,332,"S/G2 phase",0.653416347033497,0.663868451564032
250416751,"YDL026W","","","dma632","Vph1_R1_Plate02",10,16,928,333,"S/G2 phase",0.223480097317455,0.348168640211152
250416756,"YDL026W","","","dma632","Vph1_R1_Plate02",10,16,928,338,"S/G2 phase",0.978578216566637,0.965993171028738
250416779,"YDL026W","","","dma632","Vph1_R1_Plate02",10,16,928,361,"S/G2 phase",3.52206661824809,2.60179174355368
250416839,"YDL026W","","","dma632","Vph1_R1_Plate02",10,16,928,422,"S/G2 phase",1.77703125175357,1.46543027258899
250418239,"YDL025C","RTK1","","dma633","Vph1_R1_Plate02",10,18,933,51,"T phase",2.17806422417778,2.17851722148231
250418244,"YDL025C","RTK1","","dma633","Vph1_R1_Plate02",10,18,933,56,"S/G2 phase",-0.192004513752669,0.0555938400398706
250418257,"YDL025C","RTK1","","dma633","Vph1_R1_Plate02",10,18,933,69,"T phase",1.83845071599872,1.53078013353904
250418270,"YDL025C","RTK1","","dma633","Vph1_R1_Plate02",10,18,933,82,"S/G2 phase",-0.477424377009537,-0.377230601324927
250418340,"YDL025C","RTK1","","dma633","Vph1_R1_Plate02",10,18,933,154,"MA-single",-0.0474881272934955,-0.05876841662271
250418434,"YDL025C","RTK1","","dma633","Vph1_R1_Plate02",10,18,933,250,"G1 phase",-0.766457149927884,-0.709267877915319
250418451,"YDL025C","RTK1","","dma633","Vph1_R1_Plate02",10,18,933,267,"T phase",0.693158353309769,0.512806091831679
250418460,"YDL025C","RTK1","","dma633","Vph1_R1_Plate02",10,18,933,276,"S/G2 phase",0.375222303099587,0.417543673755948
250418511,"YDL025C","RTK1","","dma633","Vph1_R1_Plate02",10,18,933,328,"S/G2 phase",-0.0402623079705368,-0.076368681105633
250418550,"YDL025C","RTK1","","dma633","Vph1_R1_Plate02",10,18,934,21,"MA phase",3.45703424434147,3.34479124957268
250418553,"YDL025C","RTK1","","dma633","Vph1_R1_Plate02",10,18,934,24,"S/G2 phase",0.172899362056744,0.653055733025197
250418564,"YDL025C","RTK1","","dma633","Vph1_R1_Plate02",10,18,934,35,"S/G2 phase",1.24954644117759,1.36061793521984
250418594,"YDL025C","RTK1","","dma633","Vph1_R1_Plate02",10,18,934,67,"S/G2 phase",1.38322409865232,1.9145921791913
250418598,"YDL025C","RTK1","","dma633","Vph1_R1_Plate02",10,18,934,71,"S/G2 phase",4.00619651288633,3.7258409218756
250418645,"YDL025C","RTK1","","dma633","Vph1_R1_Plate02",10,18,934,119,"S/G2 phase",2.13109639857855,2.01111739651244
250418675,"YDL025C","RTK1","","dma633","Vph1_R1_Plate02",10,18,934,150,"T phase",7.12775046040448,4.96827752945486
250418685,"YDL025C","RTK1","","dma633","Vph1_R1_Plate02",10,18,934,160,"S/G2 phase",0.0283829755975706,0.682968290150882
250418688,"YDL025C","RTK1","","dma633","Vph1_R1_Plate02",10,18,934,163,"S/G2 phase",2.63690375118565,3.00044168033953
250418689,"YDL025C","RTK1","","dma633","Vph1_R1_Plate02",10,18,934,164,"S/G2 phase",1.52412757545002,1.98120483938676
250418704,"YDL025C","RTK1","","dma633","Vph1_R1_Plate02",10,18,934,179,"S/G2 phase",2.83561378256702,2.66161685780505
250418750,"YDL025C","RTK1","","dma633","Vph1_R1_Plate02",10,18,934,225,"MA phase",1.50606302714262,1.60291754043317
250418801,"YDL025C","RTK1","","dma633","Vph1_R1_Plate02",10,18,934,276,"T phase",3.42451805738815,2.45349175717067
250418855,"YDL025C","RTK1","","dma633","Vph1_R1_Plate02",10,18,935,6,"T phase",1.63974068461736,1.2027680295434
250418857,"YDL025C","RTK1","","dma633","Vph1_R1_Plate02",10,18,935,8,"MA-single",-0.910973536387058,-1.11068018805051
250418871,"YDL025C","RTK1","","dma633","Vph1_R1_Plate02",10,18,935,23,"S/G2 phase",0.0934153495041988,-0.0288558594970248
250418915,"YDL025C","RTK1","","dma633","Vph1_R1_Plate02",10,18,935,67,"T phase",1.53496630443446,1.21634312143157
250418995,"YDL025C","RTK1","","dma633","Vph1_R1_Plate02",10,18,935,151,"S/G2 phase",0.584771063465389,0.789043426765449
250419082,"YDL025C","RTK1","","dma633","Vph1_R1_Plate02",10,18,935,240,"T phase",4.34942293072686,3.55165355096166
250419085,"YDL025C","RTK1","","dma633","Vph1_R1_Plate02",10,18,935,243,"S/G2 phase",2.22141914011553,1.86960495607352
250419121,"YDL025C","RTK1","","dma633","Vph1_R1_Plate02",10,18,935,281,"S/G2 phase",-0.343746719534802,-0.174393472530702
250419141,"YDL025C","RTK1","","dma633","Vph1_R1_Plate02",10,18,935,301,"S/G2 phase",3.46426006366442,2.8046288723479
250419149,"YDL025C","RTK1","","dma633","Vph1_R1_Plate02",10,18,935,311,"T phase",0.610061431095745,0.515568465181017
250419192,"YDL025C","RTK1","","dma633","Vph1_R1_Plate02",10,18,936,23,"MA-single",-0.914586446048537,-1.01541776997477
250419202,"YDL025C","RTK1","","dma633","Vph1_R1_Plate02",10,18,936,33,"S/G2 phase",1.40851446628268,1.37695540045735
250419205,"YDL025C","RTK1","","dma633","Vph1_R1_Plate02",10,18,936,36,"G1 phase",-0.264262706982256,-0.370443055380841
250419215,"YDL025C","RTK1","","dma633","Vph1_R1_Plate02",10,18,936,46,"MA-single",-0.636392402114628,-0.814080215284476
250419231,"YDL025C","RTK1","","dma633","Vph1_R1_Plate02",10,18,936,64,"S/G2 phase",2.66219411881601,2.29966702408898
250419237,"YDL025C","RTK1","","dma633","Vph1_R1_Plate02",10,18,936,70,"MA-single",-1.10245774844546,-1.26853009372695
250419264,"YDL025C","RTK1","","dma633","Vph1_R1_Plate02",10,18,936,97,"S/G2 phase",1.46993393052783,1.13741816859335
250419269,"YDL025C","RTK1","","dma633","Vph1_R1_Plate02",10,18,936,102,"S/G2 phase",3.72077664962946,3.3080911465029
250419319,"YDL025C","RTK1","","dma633","Vph1_R1_Plate02",10,18,936,152,"T phase",4.72877844518219,3.34881642216743
250419331,"YDL025C","RTK1","","dma633","Vph1_R1_Plate02",10,18,936,164,"S/G2 phase",3.13909819413128,2.5731419856734
250419362,"YDL025C","RTK1","","dma633","Vph1_R1_Plate02",10,18,936,196,"T phase",4.0098094225478,3.78164086353222
250419424,"YDL025C","RTK1","","dma633","Vph1_R1_Plate02",10,18,936,259,"MA-single",-0.741166782297529,-0.620793005783675
250419450,"YDL025C","RTK1","","dma633","Vph1_R1_Plate02",10,18,936,287,"T phase",0.58115815380391,0.580918326131064
250419458,"YDL025C","RTK1","","dma633","Vph1_R1_Plate02",10,18,936,295,"T phase",3.31613076754377,3.18015379795215
250422433,"YDL024C","DIA3","","dma634","Vph1_R1_Plate02",10,20,941,7,"S/G2 phase",0.487222502605447,0.213443745716311
250422474,"YDL024C","DIA3","","dma634","Vph1_R1_Plate02",10,20,941,50,"S/G2 phase",2.1925158628237,2.48466711354176
250422490,"YDL024C","DIA3","","dma634","Vph1_R1_Plate02",10,20,941,67,"MA phase",1.99380583144233,2.04379232698747
250422502,"YDL024C","DIA3","","dma634","Vph1_R1_Plate02",10,20,941,79,"S/G2 phase",1.04722350013474,1.2027680295434
250422505,"YDL024C","DIA3","","dma634","Vph1_R1_Plate02",10,20,941,83,"S/G2 phase",1.62167613630996,1.38650531975077
250422542,"YDL024C","DIA3","","dma634","Vph1_R1_Plate02",10,20,941,121,"S/G2 phase",2.79948468595223,2.04379232698747
250422557,"YDL024C","DIA3","","dma634","Vph1_R1_Plate02",10,20,941,137,"S/G2 phase",2.54658100964867,2.36777925838836
250422566,"YDL024C","DIA3","","dma634","Vph1_R1_Plate02",10,20,941,148,"S/G2 phase",3.88697049405751,2.96374157726975
250422629,"YDL024C","DIA3","","dma634","Vph1_R1_Plate02",10,20,941,211,"S/G2 phase",3.87251885541159,3.18165337205608
250422633,"YDL024C","DIA3","","dma634","Vph1_R1_Plate02",10,20,941,215,"S/G2 phase",2.11664475993263,1.96486737414925
250422634,"YDL024C","DIA3","","dma634","Vph1_R1_Plate02",10,20,941,216,"T phase",2.23225786909997,2.62089158214053
250422641,"YDL024C","DIA3","","dma634","Vph1_R1_Plate02",10,20,941,223,"MA phase",2.74529104103004,2.8126792175374
250422668,"YDL024C","DIA3","","dma634","Vph1_R1_Plate02",10,20,941,250,"S/G2 phase",1.13032042234877,0.961967998433991
250422686,"YDL024C","DIA3","","dma634","Vph1_R1_Plate02",10,20,941,270,"T phase",1.5096759368041,1.89549234060445
250422721,"YDL024C","DIA3","","dma634","Vph1_R1_Plate02",10,20,941,305,"T phase",2.8392266922285,2.39619224141012
250422737,"YDL024C","DIA3","","dma634","Vph1_R1_Plate02",10,20,941,323,"S/G2 phase",1.41212737594416,1.43954288805806
250422777,"YDL024C","DIA3","","dma634","Vph1_R1_Plate02",10,20,941,363,"G1 phase",0.638964708387579,0.594493418019238
250422812,"YDL024C","DIA3","","dma634","Vph1_R1_Plate02",10,20,941,399,"S/G2 phase",2.75251686035299,2.99641650774478
250422830,"YDL024C","DIA3","","dma634","Vph1_R1_Plate02",10,20,941,417,"S/G2 phase",0.498061231589885,0.510043718482341
250422845,"YDL024C","DIA3","","dma634","Vph1_R1_Plate02",10,20,941,432,"MA-single",-1.27949032185795,-1.40601736157113
250422872,"YDL024C","DIA3","","dma634","Vph1_R1_Plate02",10,20,942,12,"MA phase",2.12748348891707,1.74166760752276
250422917,"YDL024C","DIA3","","dma634","Vph1_R1_Plate02",10,20,942,59,"S/G2 phase",0.790706914169712,0.904668482673441
250423001,"YDL024C","DIA3","","dma634","Vph1_R1_Plate02",10,20,942,147,"S/G2 phase",0.129544446118992,0.269243687372932
250423041,"YDL024C","DIA3","","dma634","Vph1_R1_Plate02",10,20,942,190,"S/G2 phase",1.83845071599872,2.00559264981377
250423092,"YDL024C","DIA3","","dma634","Vph1_R1_Plate02",10,20,942,241,"MA phase",1.53135339477298,1.54711759877655
250423093,"YDL024C","DIA3","","dma634","Vph1_R1_Plate02",10,20,942,242,"S/G2 phase",1.9287734575357,1.84371757154258
250423160,"YDL024C","DIA3","","dma634","Vph1_R1_Plate02",10,20,942,311,"S/G2 phase",3.37755023178892,2.76919156852354
250423205,"YDL024C","DIA3","","dma634","Vph1_R1_Plate02",10,20,942,358,"S/G2 phase",2.66219411881601,1.92816727107948
250423207,"YDL024C","DIA3","","dma634","Vph1_R1_Plate02",10,20,942,360,"T phase",2.32980642995991,2.32279203527058
250423225,"YDL024C","DIA3","","dma634","Vph1_R1_Plate02",10,20,942,378,"S/G2 phase",2.6983232154308,2.87929187773286
250423250,"YDL024C","DIA3","","dma634","Vph1_R1_Plate02",10,20,943,10,"S/G2 phase",1.49883720781966,1.45864272664491
250423264,"YDL024C","DIA3","","dma634","Vph1_R1_Plate02",10,20,943,24,"S/G2 phase",2.21419332079257,2.19761706006916
250423279,"YDL024C","DIA3","","dma634","Vph1_R1_Plate02",10,20,943,40,"S/G2 phase",1.20257861557836,1.77031736540304
250423297,"YDL024C","DIA3","","dma634","Vph1_R1_Plate02",10,20,943,60,"S/G2 phase",0.429415948021778,0.563081286789625
250423313,"YDL024C","DIA3","","dma634","Vph1_R1_Plate02",10,20,943,78,"T phase",1.70477305852398,2.02619206250454
250423376,"YDL024C","DIA3","","dma634","Vph1_R1_Plate02",10,20,943,142,"S/G2 phase",-0.0149719403401815,0.684231089396293
250423410,"YDL024C","DIA3","","dma634","Vph1_R1_Plate02",10,20,943,178,"T phase",3.69909919166058,3.09444129916985
250423411,"YDL024C","DIA3","","dma634","Vph1_R1_Plate02",10,20,943,179,"MA-single",-0.574972937869479,-0.564993064127053
250423432,"YDL024C","DIA3","","dma634","Vph1_R1_Plate02",10,20,943,201,"S/G2 phase",0.794319823831191,1.25454279860527
250423543,"YDL024C","DIA3","","dma634","Vph1_R1_Plate02",10,20,943,314,"T phase",3.73884119793685,3.31764106579633
250423608,"YDL024C","DIA3","","dma634","Vph1_R1_Plate02",10,20,943,380,"T phase",1.81316034836836,2.35822933909493
250423652,"YDL024C","DIA3","","dma634","Vph1_R1_Plate02",10,20,944,6,"S/G2 phase",1.55664376240333,1.12786824929993
250423677,"YDL024C","DIA3","","dma634","Vph1_R1_Plate02",10,20,944,32,"S/G2 phase",1.8420636256602,1.41365550352712
250423686,"YDL024C","DIA3","","dma634","Vph1_R1_Plate02",10,20,944,41,"S/G2 phase",1.45186938222043,1.36338030856918
250423729,"YDL024C","DIA3","","dma634","Vph1_R1_Plate02",10,20,944,88,"S/G2 phase",2.51045191303388,2.96247877802434
250423730,"YDL024C","DIA3","","dma634","Vph1_R1_Plate02",10,20,944,89,"S/G2 phase",0.808771462477108,1.04365532462155
250423735,"YDL024C","DIA3","","dma634","Vph1_R1_Plate02",10,20,944,94,"S/G2 phase",5.41884419052475,3.82386571330067
250423737,"YDL024C","DIA3","","dma634","Vph1_R1_Plate02",10,20,944,97,"S/G2 phase",2.70193612509228,2.48064194094701
250423796,"YDL024C","DIA3","","dma634","Vph1_R1_Plate02",10,20,944,156,"MA phase",2.89703324681217,2.57464155977733
250423797,"YDL024C","DIA3","","dma634","Vph1_R1_Plate02",10,20,944,157,"T phase",4.07122888679295,3.59111602738076
250423802,"YDL024C","DIA3","","dma634","Vph1_R1_Plate02",10,20,944,162,"T phase",2.44903244878873,2.06139259147039
250423825,"YDL024C","DIA3","","dma634","Vph1_R1_Plate02",10,20,944,186,"S/G2 phase",2.09858021162523,2.36501688503902
250423849,"YDL024C","DIA3","","dma634","Vph1_R1_Plate02",10,20,944,211,"S/G2 phase",0.718448720940125,0.936080613903054
250423886,"YDL024C","DIA3","","dma634","Vph1_R1_Plate02",10,20,944,252,"T phase",1.93238636719718,2.2398419098376
250423947,"YDL024C","DIA3","","dma634","Vph1_R1_Plate02",10,20,944,315,"MA phase",1.22786898320871,1.4191802502258
250423975,"YDL024C","DIA3","","dma634","Vph1_R1_Plate02",10,20,944,345,"T phase",3.30167912889785,2.95419165797633
250423979,"YDL024C","DIA3","","dma634","Vph1_R1_Plate02",10,20,944,349,"S/G2 phase",1.70477305852398,1.51168029495219
250423984,"YDL024C","DIA3","","dma634","Vph1_R1_Plate02",10,20,944,354,"S/G2 phase",1.13393333201025,0.877518298897094
250424024,"YDL024C","DIA3","","dma634","Vph1_R1_Plate02",10,20,944,396,"S/G2 phase",1.59277285901813,1.38248014715603
250424063,"YDL024C","DIA3","","dma634","Vph1_R1_Plate02",10,20,944,437,"T phase",3.42451805738815,3.15024124082647
250427834,"YDL023C","","","dma635","Vph1_R1_Plate02",10,22,949,2,"S/G2 phase",2.15277385654742,1.64238001685228
250427873,"YDL023C","","","dma635","Vph1_R1_Plate02",10,22,949,44,"S/G2 phase",1.51690175612706,1.18643056430589
250427930,"YDL023C","","","dma635","Vph1_R1_Plate02",10,22,949,101,"S/G2 phase",0.483609592943968,0.542718648957365
250428103,"YDL023C","","","dma635","Vph1_R1_Plate02",10,22,949,275,"T phase",3.20413056803791,2.46154210236017
250428110,"YDL023C","","","dma635","Vph1_R1_Plate02",10,22,949,282,"T phase",2.54658100964867,2.69555458752549
250428165,"YDL023C","","","dma635","Vph1_R1_Plate02",10,22,949,337,"S/G2 phase",1.08335259674954,0.858418460310244
250428209,"YDL023C","","","dma635","Vph1_R1_Plate02",10,22,950,18,"S/G2 phase",2.96929144004175,2.14181711841253
250428231,"YDL023C","","","dma635","Vph1_R1_Plate02",10,22,950,40,"S/G2 phase",2.46348408743465,1.89422954135904
250428311,"YDL023C","","","dma635","Vph1_R1_Plate02",10,22,950,120,"S/G2 phase",3.08851745887057,3.1215914829462
250428324,"YDL023C","","","dma635","Vph1_R1_Plate02",10,22,950,133,"S/G2 phase",0.740126178909001,0.711618048031157
250428348,"YDL023C","","","dma635","Vph1_R1_Plate02",10,22,950,157,"S/G2 phase",0.927997481305927,1.5280177601897
250428410,"YDL023C","","","dma635","Vph1_R1_Plate02",10,22,950,222,"S/G2 phase",1.67586978123215,2.22626681794943
250428436,"YDL023C","","","dma635","Vph1_R1_Plate02",10,22,950,250,"T phase",1.99741874110381,2.00156747721902
250428439,"YDL023C","","","dma635","Vph1_R1_Plate02",10,22,950,253,"S/G2 phase",0.284899561562604,0.851630914366158
250428475,"YDL023C","","","dma635","Vph1_R1_Plate02",10,22,950,289,"S/G2 phase",1.89625727058239,2.12547965317503
250428476,"YDL023C","","","dma635","Vph1_R1_Plate02",10,22,950,290,"MA phase",1.29651426677682,1.35659276262509
250428499,"YDL023C","","","dma635","Vph1_R1_Plate02",10,22,950,313,"T phase",2.30812897199103,2.96926632396843
250428525,"YDL023C","","","dma635","Vph1_R1_Plate02",10,22,951,2,"T phase",0.52696450888172,0.327806002378892
250428528,"YDL023C","","","dma635","Vph1_R1_Plate02",10,22,951,5,"T phase",0.216254277994496,0.444693857532295
250428544,"YDL023C","","","dma635","Vph1_R1_Plate02",10,22,951,22,"S/G2 phase",3.32335658686673,2.73099189134984
250428565,"YDL023C","","","dma635","Vph1_R1_Plate02",10,22,951,44,"S/G2 phase",0.595609792449827,0.76591841558385
250428576,"YDL023C","","","dma635","Vph1_R1_Plate02",10,22,951,55,"MA phase",1.41935319526712,1.80977984182214
250428606,"YDL023C","","","dma635","Vph1_R1_Plate02",10,22,951,86,"T phase",2.84283960188998,2.8126792175374
250428646,"YDL023C","","","dma635","Vph1_R1_Plate02",10,22,951,127,"S/G2 phase",3.27277585160602,3.075341460583
250428705,"YDL023C","","","dma635","Vph1_R1_Plate02",10,22,951,187,"S/G2 phase",2.52851646134127,2.32831678196925
250428767,"YDL023C","","","dma635","Vph1_R1_Plate02",10,22,951,249,"S/G2 phase",0.808771462477108,1.01903073933602
250428821,"YDL023C","","","dma635","Vph1_R1_Plate02",10,22,951,306,"S/G2 phase",0.501674141251364,0.286843951855855
250428850,"YDL023C","","","dma635","Vph1_R1_Plate02",10,22,951,335,"S/G2 phase",1.36877246000641,1.40963033093237
250428882,"YDL023C","","","dma635","Vph1_R1_Plate02",10,22,951,367,"S/G2 phase",1.30374008609978,1.45864272664491
250428922,"YDL023C","","","dma635","Vph1_R1_Plate02",10,22,952,1,"S/G2 phase",0.884642565368175,1.07759305434198
250428930,"YDL023C","","","dma635","Vph1_R1_Plate02",10,22,952,9,"S/G2 phase",1.83845071599872,1.56748023660881
250428962,"YDL023C","","","dma635","Vph1_R1_Plate02",10,22,952,41,"T phase",1.92516054787422,1.68586766586614
250428979,"YDL023C","","","dma635","Vph1_R1_Plate02",10,22,952,60,"S/G2 phase",1.58554703969517,2.19485468671982
250428983,"YDL023C","","","dma635","Vph1_R1_Plate02",10,22,952,64,"S/G2 phase",3.18245311006904,2.67116677709847
250429110,"YDL023C","","","dma635","Vph1_R1_Plate02",10,22,952,196,"T phase",6.08723247789843,4.87577748472846
250429125,"YDL023C","","","dma635","Vph1_R1_Plate02",10,22,952,211,"S/G2 phase",0.0139313369516533,0.601280963963324
250429175,"YDL023C","","","dma635","Vph1_R1_Plate02",10,22,952,262,"S/G2 phase",0.913545842660009,1.30331841945929
250429182,"YDL023C","","","dma635","Vph1_R1_Plate02",10,22,952,269,"S/G2 phase",0.494448321928406,0.667893624158781
250429185,"YDL023C","","","dma635","Vph1_R1_Plate02",10,22,952,272,"T phase",2.79225886662927,2.38537952287128
250467464,"YDL054C","MCH1","","dma637","Vph1_R1_Plate02",12,2,1061,12,"S/G2 phase",2.6983232154308,2.00156747721902
250467495,"YDL054C","MCH1","","dma637","Vph1_R1_Plate02",12,2,1061,44,"S/G2 phase",0.848513468753381,0.900643310078692
250467503,"YDL054C","MCH1","","dma637","Vph1_R1_Plate02",12,2,1061,52,"S/G2 phase",2.90787197579661,2.73375426469918
250467515,"YDL054C","MCH1","","dma637","Vph1_R1_Plate02",12,2,1061,64,"S/G2 phase",2.45987117777317,2.21119215195733
250467547,"YDL054C","MCH1","","dma637","Vph1_R1_Plate02",12,2,1061,97,"S/G2 phase",1.20619152523984,1.26259314379477
250467589,"YDL054C","MCH1","","dma637","Vph1_R1_Plate02",12,2,1061,140,"S/G2 phase",2.56825846761755,2.09959226864409
250467598,"YDL054C","MCH1","","dma637","Vph1_R1_Plate02",12,2,1061,150,"S/G2 phase",2.02632201839565,1.40284278498829
250467623,"YDL054C","MCH1","","dma637","Vph1_R1_Plate02",12,2,1061,176,"S/G2 phase",2.55741973863311,2.73249146545377
250467641,"YDL054C","MCH1","","dma637","Vph1_R1_Plate02",12,2,1061,194,"S/G2 phase",0.201802639348579,0.163168550758365
250467701,"YDL054C","MCH1","","dma637","Vph1_R1_Plate02",12,2,1061,254,"T phase",3.07767872988613,3.29854122720948
250467709,"YDL054C","MCH1","","dma637","Vph1_R1_Plate02",12,2,1061,262,"S/G2 phase",2.73083940238412,3.17336625200807
250467718,"YDL054C","MCH1","","dma637","Vph1_R1_Plate02",12,2,1061,271,"S/G2 phase",0.284899561562604,0.252906222135421
250467728,"YDL054C","MCH1","","dma637","Vph1_R1_Plate02",12,2,1061,282,"S/G2 phase",0.859352197737819,1.02581828528011
250467757,"YDL054C","MCH1","","dma637","Vph1_R1_Plate02",12,2,1061,311,"T phase",2.22864495943849,1.82059256036098
250468001,"YDL054C","MCH1","","dma637","Vph1_R1_Plate02",12,2,1062,216,"S/G2 phase",1.76980543243061,1.69139241256482
250468030,"YDL054C","MCH1","","dma637","Vph1_R1_Plate02",12,2,1062,250,"S/G2 phase",1.76980543243061,1.31586748696057
250468052,"YDL054C","MCH1","","dma637","Vph1_R1_Plate02",12,2,1062,273,"MA phase",1.32180463440717,1.93219244367422
250468095,"YDL054C","MCH1","","dma637","Vph1_R1_Plate02",12,2,1062,319,"S/G2 phase",0.783481094846753,1.39329286569486
250468115,"YDL054C","MCH1","","dma637","Vph1_R1_Plate02",12,2,1063,5,"MA-single",-0.155875417137876,-0.339030924151229
250468127,"YDL054C","MCH1","","dma637","Vph1_R1_Plate02",12,2,1063,17,"S/G2 phase",1.65057941360179,1.38926769310011
250468142,"YDL054C","MCH1","","dma637","Vph1_R1_Plate02",12,2,1063,34,"S/G2 phase",1.55303085274185,1.5280177601897
250468178,"YDL054C","MCH1","","dma637","Vph1_R1_Plate02",12,2,1063,70,"S/G2 phase",0.230705916640414,0.334593548322978
250468199,"YDL054C","MCH1","","dma637","Vph1_R1_Plate02",12,2,1063,92,"S/G2 phase",1.60722449766404,1.34704284333166
250468201,"YDL054C","MCH1","","dma637","Vph1_R1_Plate02",12,2,1063,94,"S/G2 phase",2.95122689173436,2.48340431429635
250468233,"YDL054C","MCH1","","dma637","Vph1_R1_Plate02",12,2,1063,127,"S/G2 phase",6.49910417930707,4.35724054458136
250468304,"YDL054C","MCH1","","dma637","Vph1_R1_Plate02",12,2,1063,199,"MA-single",-0.257036887659297,-0.354105590143329
250468335,"YDL054C","MCH1","","dma637","Vph1_R1_Plate02",12,2,1063,230,"S/G2 phase",-0.228133610367463,-0.4139307043947
250468355,"YDL054C","MCH1","","dma637","Vph1_R1_Plate02",12,2,1063,251,"S/G2 phase",2.2792256946992,1.91309260508737
250468392,"YDL054C","MCH1","","dma637","Vph1_R1_Plate02",12,2,1063,290,"S/G2 phase",1.37961118899084,2.03171680920322
250468413,"YDL054C","MCH1","","dma637","Vph1_R1_Plate02",12,2,1063,311,"T phase",3.89780922304194,3.57604136138866
250468419,"YDL054C","MCH1","","dma637","Vph1_R1_Plate02",12,2,1063,317,"T phase",3.97006741627153,3.42647857576023
250468437,"YDL054C","MCH1","","dma637","Vph1_R1_Plate02",12,2,1064,1,"S/G2 phase",1.44464356289747,1.01224319339194
250468448,"YDL054C","MCH1","","dma637","Vph1_R1_Plate02",12,2,1064,13,"S/G2 phase",1.25677226050055,1.82611730705966
250468464,"YDL054C","MCH1","","dma637","Vph1_R1_Plate02",12,2,1064,31,"S/G2 phase",1.3001271764383,1.20679320213815
250468484,"YDL054C","MCH1","","dma637","Vph1_R1_Plate02",12,2,1064,52,"S/G2 phase",0.393286851406984,0.870730752953007
250468561,"YDL054C","MCH1","","dma637","Vph1_R1_Plate02",12,2,1064,130,"T phase",5.44774746781658,4.5301651162499
250468625,"YDL054C","MCH1","","dma637","Vph1_R1_Plate02",12,2,1064,198,"T phase",3.00180762699507,3.07534146058299
250468633,"YDL054C","MCH1","","dma637","Vph1_R1_Plate02",12,2,1064,206,"S/G2 phase",0.602835611772786,0.43388113899346
250468653,"YDL054C","MCH1","","dma637","Vph1_R1_Plate02",12,2,1064,226,"S/G2 phase",0.870190926722257,0.90340568342803
250468679,"YDL054C","MCH1","","dma637","Vph1_R1_Plate02",12,2,1064,254,"MA phase",3.37393732212744,2.3785919769272
250468687,"YDL054C","MCH1","","dma637","Vph1_R1_Plate02",12,2,1064,262,"S/G2 phase",1.77703125175357,1.55942989141931
250468706,"YDL054C","MCH1","","dma637","Vph1_R1_Plate02",12,2,1064,282,"S/G2 phase",-0.528005112270248,-0.390805693213102
250468710,"YDL054C","MCH1","","dma637","Vph1_R1_Plate02",12,2,1064,286,"S/G2 phase",1.06167513878066,1.01098039414653
250468724,"YDL054C","MCH1","","dma637","Vph1_R1_Plate02",12,2,1064,300,"S/G2 phase",0.805158552815629,0.571368406837638
250468741,"YDL054C","MCH1","","dma637","Vph1_R1_Plate02",12,2,1064,317,"S/G2 phase",2.31535479131399,2.03021723509929
250471649,"YDL053C","PBP4","","dma638","Vph1_R1_Plate02",12,4,1069,11,"S/G2 phase",-0.35458544851924,-0.465705473456573
250471668,"YDL053C","PBP4","","dma638","Vph1_R1_Plate02",12,4,1069,31,"S/G2 phase",2.74167813136856,2.58142910572142
250471688,"YDL053C","PBP4","","dma638","Vph1_R1_Plate02",12,4,1069,52,"S/G2 phase",0.201802639348579,0.115418954291242
250471722,"YDL053C","PBP4","","dma638","Vph1_R1_Plate02",12,4,1069,88,"MA-single",-1.39510343102529,-1.61690483555485
250471785,"YDL053C","PBP4","","dma638","Vph1_R1_Plate02",12,4,1069,152,"S/G2 phase",0.147608994426389,0.0691689319280447
250471792,"YDL053C","PBP4","","dma638","Vph1_R1_Plate02",12,4,1069,159,"S/G2 phase",1.47715974985079,2.20290503190932
250471811,"YDL053C","PBP4","","dma638","Vph1_R1_Plate02",12,4,1069,178,"S/G2 phase",2.95122689173436,2.73375426469918
250471824,"YDL053C","PBP4","","dma638","Vph1_R1_Plate02",12,4,1069,191,"S/G2 phase",1.90709599956683,1.81506781366231
250471839,"YDL053C","PBP4","","dma638","Vph1_R1_Plate02",12,4,1069,207,"T phase",0.0861895301812401,0.255668595484759
250471947,"YDL053C","PBP4","","dma638","Vph1_R1_Plate02",12,4,1070,6,"S/G2 phase",1.20257861557836,1.37971777380669
250471963,"YDL053C","PBP4","","dma638","Vph1_R1_Plate02",12,4,1070,24,"S/G2 phase",3.42813096704963,2.77447954036371
250471974,"YDL053C","PBP4","","dma638","Vph1_R1_Plate02",12,4,1070,35,"S/G2 phase",1.88903145125943,1.91585497843672
250471985,"YDL053C","PBP4","","dma638","Vph1_R1_Plate02",12,4,1070,46,"S/G2 phase",3.22219511634531,2.57037961232407
250471988,"YDL053C","PBP4","","dma638","Vph1_R1_Plate02",12,4,1070,49,"S/G2 phase",2.81754923425962,2.25341700172578
250472003,"YDL053C","PBP4","","dma638","Vph1_R1_Plate02",12,4,1070,64,"S/G2 phase",5.9174257238089,4.07697803705284
250472005,"YDL053C","PBP4","","dma638","Vph1_R1_Plate02",12,4,1070,66,"S/G2 phase",1.63974068461736,1.98799238533084
250472037,"YDL053C","PBP4","","dma638","Vph1_R1_Plate02",12,4,1070,99,"S/G2 phase",0.873803836383736,0.616355629955425
250472089,"YDL053C","PBP4","","dma638","Vph1_R1_Plate02",12,4,1070,151,"S/G2 phase",1.3001271764383,1.2409677067171
250472092,"YDL053C","PBP4","","dma638","Vph1_R1_Plate02",12,4,1070,154,"MA phase",2.40929044251246,2.2860919322008
250472099,"YDL053C","PBP4","","dma638","Vph1_R1_Plate02",12,4,1070,161,"G1 phase",-0.647231131099066,-0.752755526929178
250472110,"YDL053C","PBP4","","dma638","Vph1_R1_Plate02",12,4,1070,173,"G1 phase",0.667867985679414,0.384868743280925
250472126,"YDL053C","PBP4","","dma638","Vph1_R1_Plate02",12,4,1070,189,"S/G2 phase",5.63200586055203,3.89047837349613
250472142,"YDL053C","PBP4","","dma638","Vph1_R1_Plate02",12,4,1070,205,"S/G2 phase",3.29445330957489,2.5882166516655
250472187,"YDL053C","PBP4","","dma638","Vph1_R1_Plate02",12,4,1070,251,"S/G2 phase",-0.473811467348058,-0.618030632434336
250472216,"YDL053C","PBP4","","dma638","Vph1_R1_Plate02",12,4,1070,281,"S/G2 phase",1.43380483391303,1.57024260995815
250472222,"YDL053C","PBP4","","dma638","Vph1_R1_Plate02",12,4,1070,287,"T phase",4.88052065096433,3.34479124957268
250472364,"YDL053C","PBP4","","dma638","Vph1_R1_Plate02",12,4,1071,121,"S/G2 phase",1.18451406727096,0.715643220625905
250472455,"YDL053C","PBP4","","dma638","Vph1_R1_Plate02",12,4,1071,216,"S/G2 phase",-0.68336022771386,-0.736418061691666
250472461,"YDL053C","PBP4","","dma638","Vph1_R1_Plate02",12,4,1071,222,"S/G2 phase",2.66219411881601,2.11869210723094
250472488,"YDL053C","PBP4","","dma638","Vph1_R1_Plate02",12,4,1071,249,"T phase",2.51045191303388,2.03424240769404
250472499,"YDL053C","PBP4","","dma638","Vph1_R1_Plate02",12,4,1071,260,"T phase",2.96929144004175,3.0290914382198
250472549,"YDL053C","PBP4","","dma638","Vph1_R1_Plate02",12,4,1071,312,"T phase",1.02915895182735,1.25856797120002
250472584,"YDL053C","PBP4","","dma638","Vph1_R1_Plate02",12,4,1072,3,"S/G2 phase",0.281286651901125,0.538693476362615
250472637,"YDL053C","PBP4","","dma638","Vph1_R1_Plate02",12,4,1072,58,"S/G2 phase",-0.231746520028942,-0.381255773919677
250472648,"YDL053C","PBP4","","dma638","Vph1_R1_Plate02",12,4,1072,69,"S/G2 phase",1.79148289039949,2.33912950050808
250472676,"YDL053C","PBP4","","dma638","Vph1_R1_Plate02",12,4,1072,98,"S/G2 phase",0.675093805002373,0.608068509907412
250472807,"YDL053C","PBP4","","dma638","Vph1_R1_Plate02",12,4,1072,233,"T phase",2.48154863574204,2.27251684031262
250472860,"YDL053C","PBP4","","dma638","Vph1_R1_Plate02",12,4,1072,287,"S/G2 phase",0.552254876512075,0.670655997508119
250472900,"YDL053C","PBP4","","dma638","Vph1_R1_Plate02",12,4,1072,328,"S/G2 phase",2.16722549519334,2.32002966192124
250476864,"YDL052C","SLC1","","dma640","Vph1_R1_Plate02",12,8,1085,8,"S/G2 phase",1.09419132573398,0.858418460310244
250476893,"YDL052C","SLC1","","dma640","Vph1_R1_Plate02",12,8,1085,38,"S/G2 phase",-0.00413321135574343,0.29639387114928
250476896,"YDL052C","SLC1","","dma640","Vph1_R1_Plate02",12,8,1085,41,"S/G2 phase",2.1925158628237,1.8763925020176
250476963,"YDL052C","SLC1","","dma640","Vph1_R1_Plate02",12,8,1085,108,"T phase",1.84928944498316,2.03976715439272
250477000,"YDL052C","SLC1","","dma640","Vph1_R1_Plate02",12,8,1085,145,"T phase",2.58632301592494,2.73927901139786
250477031,"YDL052C","SLC1","","dma640","Vph1_R1_Plate02",12,8,1085,177,"MA-single",-0.314843442242967,-0.13769336946093
250477059,"YDL052C","SLC1","","dma640","Vph1_R1_Plate02",12,8,1085,206,"S/G2 phase",0.021157156274612,1.02858065862945
250477093,"YDL052C","SLC1","","dma640","Vph1_R1_Plate02",12,8,1085,241,"T phase",3.4859375216333,2.38814189622062
250477183,"YDL052C","SLC1","","dma640","Vph1_R1_Plate02",12,8,1085,335,"S/G2 phase",1.23148189287019,1.43275534211397
250477186,"YDL052C","SLC1","","dma640","Vph1_R1_Plate02",12,8,1085,338,"S/G2 phase",3.52567952790957,2.6344666740287
250477288,"YDL052C","SLC1","","dma640","Vph1_R1_Plate02",12,8,1086,39,"S/G2 phase",1.65419232326327,1.50086757641335
250477313,"YDL052C","SLC1","","dma640","Vph1_R1_Plate02",12,8,1086,65,"S/G2 phase",2.14916094688594,1.70899267704774
250477399,"YDL052C","SLC1","","dma640","Vph1_R1_Plate02",12,8,1086,151,"G1 phase",0.281286651901125,0.161668976654438
250477513,"YDL052C","SLC1","","dma640","Vph1_R1_Plate02",12,8,1086,268,"T phase",4.24826146020544,3.26184112413971
250477528,"YDL052C","SLC1","","dma640","Vph1_R1_Plate02",12,8,1086,283,"MA-single",-0.322069261565926,-0.33500575155648
250477605,"YDL052C","SLC1","","dma640","Vph1_R1_Plate02",12,8,1087,7,"S/G2 phase",2.13832221790151,2.41529207999696
250477621,"YDL052C","SLC1","","dma640","Vph1_R1_Plate02",12,8,1087,26,"S/G2 phase",1.15199788031765,1.14696808788678
250477638,"YDL052C","SLC1","","dma640","Vph1_R1_Plate02",12,8,1087,43,"S/G2 phase",0.292125380885563,0.640743440382434
250477639,"YDL052C","SLC1","","dma640","Vph1_R1_Plate02",12,8,1087,44,"S/G2 phase",1.62528904597144,1.45588035329557
250477716,"YDL052C","SLC1","","dma640","Vph1_R1_Plate02",12,8,1087,121,"S/G2 phase",2.23225786909997,2.09832946939868
250477742,"YDL052C","SLC1","","dma640","Vph1_R1_Plate02",12,8,1087,147,"MA-single",-0.293165984274091,-0.269655890606434
250477772,"YDL052C","SLC1","","dma640","Vph1_R1_Plate02",12,8,1087,178,"S/G2 phase",1.75896670344618,1.53204293278445
250477791,"YDL052C","SLC1","","dma640","Vph1_R1_Plate02",12,8,1087,198,"T phase",2.98374307868767,2.38537952287128
250477799,"YDL052C","SLC1","","dma640","Vph1_R1_Plate02",12,8,1087,206,"S/G2 phase",-0.307617622920008,-0.193493311117552
250477802,"YDL052C","SLC1","","dma640","Vph1_R1_Plate02",12,8,1087,209,"T phase",3.87974467473455,2.91749155490656
250477808,"YDL052C","SLC1","","dma640","Vph1_R1_Plate02",12,8,1087,216,"S/G2 phase",2.57187137727903,2.27654201290738
250477829,"YDL052C","SLC1","","dma640","Vph1_R1_Plate02",12,8,1087,237,"S/G2 phase",1.50245011748114,1.79344237658464
250477842,"YDL052C","SLC1","","dma640","Vph1_R1_Plate02",12,8,1087,250,"S/G2 phase",1.16283660930208,1.48176773782651
250477852,"YDL052C","SLC1","","dma640","Vph1_R1_Plate02",12,8,1087,261,"MA-single",-0.798973336881199,-0.939255190485893
250477906,"YDL052C","SLC1","","dma640","Vph1_R1_Plate02",12,8,1087,315,"S/G2 phase",0.834061830107464,1.3648798826731
250477914,"YDL052C","SLC1","","dma640","Vph1_R1_Plate02",12,8,1087,323,"S/G2 phase",0.227093006978934,0.274768434071609
250477994,"YDL052C","SLC1","","dma640","Vph1_R1_Plate02",12,8,1088,65,"S/G2 phase",1.68309560055511,1.26535551714411
250478035,"YDL052C","SLC1","","dma640","Vph1_R1_Plate02",12,8,1088,109,"S/G2 phase",0.339093206484794,0.197106280478799
250478084,"YDL052C","SLC1","","dma640","Vph1_R1_Plate02",12,8,1088,160,"S/G2 phase",2.40567753285098,2.25341700172578
250478092,"YDL052C","SLC1","","dma640","Vph1_R1_Plate02",12,8,1088,169,"S/G2 phase",1.11586878370285,0.961967998433989
250478115,"YDL052C","SLC1","","dma640","Vph1_R1_Plate02",12,8,1088,192,"T phase",5.01419830843906,3.38701609934112
250478116,"YDL052C","SLC1","","dma640","Vph1_R1_Plate02",12,8,1088,193,"S/G2 phase",3.23664675499123,2.41931725259171
250478118,"YDL052C","SLC1","","dma640","Vph1_R1_Plate02",12,8,1088,196,"S/G2 phase",2.49961318404944,2.39619224141012
250478121,"YDL052C","SLC1","","dma640","Vph1_R1_Plate02",12,8,1088,199,"S/G2 phase",1.81316034836836,1.64916756279637
250478182,"YDL052C","SLC1","","dma640","Vph1_R1_Plate02",12,8,1088,261,"T phase",5.06839195336125,3.8334156325941
250478228,"YDL052C","SLC1","","dma640","Vph1_R1_Plate02",12,8,1088,307,"S/G2 phase",2.6116133835553,2.44394183787724
250478262,"YDL052C","SLC1","","dma640","Vph1_R1_Plate02",12,8,1088,341,"T phase",1.86374108362908,1.61373025897201
250516007,"YDL020C","RPN4","","dma613","Vph1_R1_Plate02",8,2,677,14,"S/G2 phase",1.06528804844214,1.28445535573096
250516039,"YDL020C","RPN4","","dma613","Vph1_R1_Plate02",8,2,677,48,"S/G2 phase",0.631738889064621,0.552268568250789
250516059,"YDL020C","RPN4","","dma613","Vph1_R1_Plate02",8,2,677,68,"S/G2 phase",1.74812797446174,1.68460486662073
250516062,"YDL020C","RPN4","","dma613","Vph1_R1_Plate02",8,2,677,71,"T phase",2.75612977001447,2.41379250589304
250516063,"YDL020C","RPN4","","dma613","Vph1_R1_Plate02",8,2,677,72,"S/G2 phase",1.84567653532168,1.4272305954153
250516069,"YDL020C","RPN4","","dma613","Vph1_R1_Plate02",8,2,677,78,"S/G2 phase",2.34064515894435,1.65871748208979
250516106,"YDL020C","RPN4","","dma613","Vph1_R1_Plate02",8,2,677,116,"T phase",2.88258160816625,2.73249146545377
250516107,"YDL020C","RPN4","","dma613","Vph1_R1_Plate02",8,2,677,117,"S/G2 phase",3.60155063080064,3.34202887622335
250516135,"YDL020C","RPN4","","dma613","Vph1_R1_Plate02",8,2,677,146,"S/G2 phase",1.09419132573398,0.877518298897094
250516148,"YDL020C","RPN4","","dma613","Vph1_R1_Plate02",8,2,677,160,"S/G2 phase",4.18322908629881,3.00044168033953
250516162,"YDL020C","RPN4","","dma613","Vph1_R1_Plate02",8,2,677,174,"MA phase",2.14554803722446,2.04781749958221
250516188,"YDL020C","RPN4","","dma613","Vph1_R1_Plate02",8,2,677,200,"S/G2 phase",1.11586878370285,1.20553040289274
250516201,"YDL020C","RPN4","","dma613","Vph1_R1_Plate02",8,2,677,213,"S/G2 phase",1.89264436092091,1.87236732942285
250516238,"YDL020C","RPN4","","dma613","Vph1_R1_Plate02",8,2,677,251,"S/G2 phase",2.52851646134127,2.22200487049617
250516270,"YDL020C","RPN4","","dma613","Vph1_R1_Plate02",8,2,677,284,"T phase",3.46426006366442,2.75285410328603
250516304,"YDL020C","RPN4","","dma613","Vph1_R1_Plate02",8,2,677,319,"S/G2 phase",1.76619252276913,1.76479261870436
250516317,"YDL020C","RPN4","","dma613","Vph1_R1_Plate02",8,2,677,333,"T phase",2.22864495943849,2.38261714952195
250516325,"YDL020C","RPN4","","dma613","Vph1_R1_Plate02",8,2,677,341,"S/G2 phase",1.60361158800256,1.81506781366231
250516340,"YDL020C","RPN4","","dma613","Vph1_R1_Plate02",8,2,677,356,"S/G2 phase",2.14554803722446,1.90780463324721
250516458,"YDL020C","RPN4","","dma613","Vph1_R1_Plate02",8,2,678,128,"S/G2 phase",1.68670851021659,1.99604273052035
250516494,"YDL020C","RPN4","","dma613","Vph1_R1_Plate02",8,2,678,164,"S/G2 phase",1.54219212375741,2.00985459726703
250516498,"YDL020C","RPN4","","dma613","Vph1_R1_Plate02",8,2,678,168,"S/G2 phase",0.230705916640414,0.354956186155239
250516501,"YDL020C","RPN4","","dma613","Vph1_R1_Plate02",8,2,678,171,"S/G2 phase",1.54941794308037,1.03134303197879
250516542,"YDL020C","RPN4","","dma613","Vph1_R1_Plate02",8,2,678,213,"S/G2 phase",2.51045191303388,2.35546696574559
250516545,"YDL020C","RPN4","","dma613","Vph1_R1_Plate02",8,2,678,216,"S/G2 phase",0.274060832578166,0.0922939431096431
250516566,"YDL020C","RPN4","","dma613","Vph1_R1_Plate02",8,2,678,238,"S/G2 phase",2.67303284780045,2.14181711841254
250516604,"YDL020C","RPN4","","dma613","Vph1_R1_Plate02",8,2,678,278,"S/G2 phase",2.59716174490938,2.98284141585661
250516605,"YDL020C","RPN4","","dma613","Vph1_R1_Plate02",8,2,678,279,"S/G2 phase",1.89987018024387,2.12950482576977
250516631,"YDL020C","RPN4","","dma613","Vph1_R1_Plate02",8,2,678,307,"S/G2 phase",1.05083640979622,1.42596779616988
250516641,"YDL020C","RPN4","","dma613","Vph1_R1_Plate02",8,2,678,318,"T phase",0.917158752321489,1.05446804316038
250516666,"YDL020C","RPN4","","dma613","Vph1_R1_Plate02",8,2,678,345,"S/G2 phase",1.72645051649286,1.46416747334358
250516669,"YDL020C","RPN4","","dma613","Vph1_R1_Plate02",8,2,678,348,"S/G2 phase",0.664255076017935,0.733243485108828
250516697,"YDL020C","RPN4","","dma613","Vph1_R1_Plate02",8,2,679,4,"S/G2 phase",0.830448920445984,1.45185518070082
250516705,"YDL020C","RPN4","","dma613","Vph1_R1_Plate02",8,2,679,13,"S/G2 phase",2.30812897199103,2.35546696574559
250516706,"YDL020C","RPN4","","dma613","Vph1_R1_Plate02",8,2,679,14,"T phase",1.30735299576126,1.22186786813025
250516707,"YDL020C","RPN4","","dma613","Vph1_R1_Plate02",8,2,679,15,"S/G2 phase",2.4020646231895,2.13629237171386
250516711,"YDL020C","RPN4","","dma613","Vph1_R1_Plate02",8,2,679,20,"S/G2 phase",1.34709500203753,1.31563071210205
250516728,"YDL020C","RPN4","","dma613","Vph1_R1_Plate02",8,2,679,37,"MA phase",1.20257861557836,1.37821819970276
250516769,"YDL020C","RPN4","","dma613","Vph1_R1_Plate02",8,2,679,80,"S/G2 phase",2.96567853038027,3.31764106579633
250516874,"YDL020C","RPN4","","dma613","Vph1_R1_Plate02",8,2,679,193,"T phase",1.57109540104925,1.79470517583004
250516918,"YDL020C","RPN4","","dma613","Vph1_R1_Plate02",8,2,679,237,"S/G2 phase",0.729287449924563,0.783755454925289
250516921,"YDL020C","RPN4","","dma613","Vph1_R1_Plate02",8,2,679,240,"S/G2 phase",0.750964907893439,0.752343323695677
250516971,"YDL020C","RPN4","","dma613","Vph1_R1_Plate02",8,2,679,292,"S/G2 phase",0.429415948021778,0.84484336842207
250516984,"YDL020C","RPN4","","dma613","Vph1_R1_Plate02",8,2,679,307,"S/G2 phase",2.17083840485482,2.37859197692719
250516996,"YDL020C","RPN4","","dma613","Vph1_R1_Plate02",8,2,679,319,"T phase",2.1925158628237,2.05886699297957
250517014,"YDL020C","RPN4","","dma613","Vph1_R1_Plate02",8,2,679,338,"S/G2 phase",1.67586978123215,2.39769181551404
250517029,"YDL020C","RPN4","","dma613","Vph1_R1_Plate02",8,2,679,354,"S/G2 phase",1.97212837347346,2.28056718550212
250517180,"YDL020C","RPN4","","dma613","Vph1_R1_Plate02",8,2,680,132,"S/G2 phase",0.451093405990654,0.96196799843399
250517216,"YDL020C","RPN4","","dma613","Vph1_R1_Plate02",8,2,680,168,"S/G2 phase",1.24232062185463,1.79596797507546
250517274,"YDL020C","RPN4","","dma613","Vph1_R1_Plate02",8,2,680,226,"S/G2 phase",-0.173939965445272,-0.181181018474789
250517292,"YDL020C","RPN4","","dma613","Vph1_R1_Plate02",8,2,680,245,"S/G2 phase",0.0500604335664467,-0.000206101616750463
250517297,"YDL020C","RPN4","","dma613","Vph1_R1_Plate02",8,2,680,251,"S/G2 phase",2.86090415019737,2.23431716313893
250517326,"YDL020C","RPN4","","dma613","Vph1_R1_Plate02",8,2,680,283,"S/G2 phase",2.04799947636452,1.57703015590224
250517360,"YDL020C","RPN4","","dma613","Vph1_R1_Plate02",8,2,680,317,"S/G2 phase",0.0392217045820087,0.21746891831106
250517365,"YDL020C","RPN4","","dma613","Vph1_R1_Plate02",8,2,680,322,"S/G2 phase",0.761803636877877,0.776731134122687
250517403,"YDL020C","RPN4","","dma613","Vph1_R1_Plate02",8,2,680,360,"S/G2 phase",0.353544845130711,0.407993754462523
250517419,"YDL020C","RPN4","","dma613","Vph1_R1_Plate02",8,2,680,377,"S/G2 phase",0.826836010784505,1.25856797120002
250517452,"YDL020C","RPN4","","dma613","Vph1_R1_Plate02",8,2,680,411,"S/G2 phase",0.899094204014092,1.52123021424561
250520300,"YDL019C","OSH2","","dma614","Vph1_R1_Plate02",8,4,685,6,"S/G2 phase",1.36154664068345,0.98233063626625
250520311,"YDL019C","OSH2","","dma614","Vph1_R1_Plate02",8,4,685,19,"S/G2 phase",0.328254477500356,0.877518298897094
250520328,"YDL019C","OSH2","","dma614","Vph1_R1_Plate02",8,4,685,36,"S/G2 phase",0.310189929192959,0.952418079140565
250520352,"YDL019C","OSH2","","dma614","Vph1_R1_Plate02",8,4,685,61,"T phase",2.12387057925559,1.69415478591415
250520363,"YDL019C","OSH2","","dma614","Vph1_R1_Plate02",8,4,685,72,"S/G2 phase",0.971352397243679,1.00545564744785
250520379,"YDL019C","OSH2","","dma614","Vph1_R1_Plate02",8,4,685,88,"S/G2 phase",0.03199588525905,0.134518792878091
250520383,"YDL019C","OSH2","","dma614","Vph1_R1_Plate02",8,4,685,92,"T phase",2.51406482269536,1.98523001198151
250520384,"YDL019C","OSH2","","dma614","Vph1_R1_Plate02",8,4,685,93,"S/G2 phase",1.48438556917375,1.70772987780233
250520430,"YDL019C","OSH2","","dma614","Vph1_R1_Plate02",8,4,685,142,"S/G2 phase",2.32258061063695,2.08727997600132
250520467,"YDL019C","OSH2","","dma614","Vph1_R1_Plate02",8,4,685,180,"S/G2 phase",2.91509779511956,2.26146734691528
250520474,"YDL019C","OSH2","","dma614","Vph1_R1_Plate02",8,4,685,187,"S/G2 phase",0.41496430937586,0.621643601795585
250520504,"YDL019C","OSH2","","dma614","Vph1_R1_Plate02",8,4,685,219,"S/G2 phase",1.08696550641102,1.05446804316038
250520518,"YDL019C","OSH2","","dma614","Vph1_R1_Plate02",8,4,685,233,"S/G2 phase",1.80954743870689,2.03976715439272
250520535,"YDL019C","OSH2","","dma614","Vph1_R1_Plate02",8,4,685,250,"S/G2 phase",-0.0836172239082889,0.0568566392852825
250520539,"YDL019C","OSH2","","dma614","Vph1_R1_Plate02",8,4,685,254,"S/G2 phase",1.177288247948,0.859918034414172
250520542,"YDL019C","OSH2","","dma614","Vph1_R1_Plate02",8,4,685,257,"S/G2 phase",0.165673542733786,0.551005769005379
250520543,"YDL019C","OSH2","","dma614","Vph1_R1_Plate02",8,4,685,258,"S/G2 phase",0.255996284270769,0.535931103013278
250520546,"YDL019C","OSH2","","dma614","Vph1_R1_Plate02",8,4,685,262,"S/G2 phase",0.938836210290365,1.05044287056564
250520559,"YDL019C","OSH2","","dma614","Vph1_R1_Plate02",8,4,685,275,"S/G2 phase",3.06322709124022,2.71741679946167
250520560,"YDL019C","OSH2","","dma614","Vph1_R1_Plate02",8,4,685,276,"S/G2 phase",2.21419332079257,2.0465547003368
250520604,"YDL019C","OSH2","","dma614","Vph1_R1_Plate02",8,4,685,320,"T phase",4.52645550413935,3.97895324562777
250520606,"YDL019C","OSH2","","dma614","Vph1_R1_Plate02",8,4,685,322,"T phase",4.73961717416663,3.23997891220352
250520607,"YDL019C","OSH2","","dma614","Vph1_R1_Plate02",8,4,685,323,"S/G2 phase",1.80954743870689,1.93897998961831
250520618,"YDL019C","OSH2","","dma614","Vph1_R1_Plate02",8,4,685,334,"S/G2 phase",3.37393732212744,2.82499151018016
250520626,"YDL019C","OSH2","","dma614","Vph1_R1_Plate02",8,4,685,342,"S/G2 phase",2.29367733334512,2.08049243005724
250520646,"YDL019C","OSH2","","dma614","Vph1_R1_Plate02",8,4,686,4,"S/G2 phase",0.30296410987,0.919743148665542
250520654,"YDL019C","OSH2","","dma614","Vph1_R1_Plate02",8,4,686,12,"S/G2 phase",1.45548229188191,1.08438060028607
250520700,"YDL019C","OSH2","","dma614","Vph1_R1_Plate02",8,4,686,61,"S/G2 phase",4.21935818291361,3.51621624713729
250520778,"YDL019C","OSH2","","dma614","Vph1_R1_Plate02",8,4,686,141,"MA phase",1.62890195563292,1.89549234060445
250520786,"YDL019C","OSH2","","dma614","Vph1_R1_Plate02",8,4,686,149,"S/G2 phase",0.68954544364829,1.45185518070082
250520799,"YDL019C","OSH2","","dma614","Vph1_R1_Plate02",8,4,686,162,"S/G2 phase",1.36877246000641,1.49810520306402
250520851,"YDL019C","OSH2","","dma614","Vph1_R1_Plate02",8,4,686,218,"S/G2 phase",0.483609592943968,0.669156423404193
250520878,"YDL019C","OSH2","","dma614","Vph1_R1_Plate02",8,4,686,245,"T phase",3.14993692311572,3.12435385629554
250520914,"YDL019C","OSH2","","dma614","Vph1_R1_Plate02",8,4,686,281,"MA phase",1.22786898320871,1.35659276262509
250520927,"YDL019C","OSH2","","dma614","Vph1_R1_Plate02",8,4,686,294,"S/G2 phase",0.433028857683257,0.983593435511661
250520938,"YDL019C","OSH2","","dma614","Vph1_R1_Plate02",8,4,686,305,"S/G2 phase",1.76980543243061,1.56195548991014
250520972,"YDL019C","OSH2","","dma614","Vph1_R1_Plate02",8,4,686,339,"T phase",4.64568152296817,3.21006635507784
250521012,"YDL019C","OSH2","","dma614","Vph1_R1_Plate02",8,4,686,380,"S/G2 phase",0.884642565368175,0.926530694609628
250521072,"YDL019C","OSH2","","dma614","Vph1_R1_Plate02",8,4,687,15,"G1 phase",-0.206456152398587,-0.344555670849905
250521094,"YDL019C","OSH2","","dma614","Vph1_R1_Plate02",8,4,687,37,"G1 phase",-0.762844240266405,-0.864355410242421
250521104,"YDL019C","OSH2","","dma614","Vph1_R1_Plate02",8,4,687,47,"S/G2 phase",0.750964907893439,0.684231089396293
250521110,"YDL019C","OSH2","","dma614","Vph1_R1_Plate02",8,4,687,53,"S/G2 phase",2.32619352029843,2.02745486174995
250521117,"YDL019C","OSH2","","dma614","Vph1_R1_Plate02",8,4,687,60,"S/G2 phase",0.819610191461546,1.3116055395073
250521125,"YDL019C","OSH2","","dma614","Vph1_R1_Plate02",8,4,687,69,"S/G2 phase",3.87974467473455,2.93509181938948
250521152,"YDL019C","OSH2","","dma614","Vph1_R1_Plate02",8,4,687,98,"T phase",2.75974267967595,2.89436654372496
250521185,"YDL019C","OSH2","","dma614","Vph1_R1_Plate02",8,4,687,132,"T phase",2.65858120915453,3.19372888984033
250521204,"YDL019C","OSH2","","dma614","Vph1_R1_Plate02",8,4,687,151,"S/G2 phase",-0.567747118546521,-0.313143539620293
250521222,"YDL019C","OSH2","","dma614","Vph1_R1_Plate02",8,4,687,170,"S/G2 phase",2.21780623045405,1.95129228226107
250521237,"YDL019C","OSH2","","dma614","Vph1_R1_Plate02",8,4,687,187,"S/G2 phase",1.48077265951227,2.49421703283519
250521247,"YDL019C","OSH2","","dma614","Vph1_R1_Plate02",8,4,687,198,"T phase",1.99380583144233,1.43828008881265
250521253,"YDL019C","OSH2","","dma614","Vph1_R1_Plate02",8,4,687,204,"S/G2 phase",1.00748149385847,0.835293449128646
250521322,"YDL019C","OSH2","","dma614","Vph1_R1_Plate02",8,4,687,275,"G1 phase",0.779868185185274,0.452980977580308
250521348,"YDL019C","OSH2","","dma614","Vph1_R1_Plate02",8,4,687,301,"S/G2 phase",0.740126178909001,1.11981790411043
250521393,"YDL019C","OSH2","","dma614","Vph1_R1_Plate02",8,4,687,347,"S/G2 phase",1.27122389914646,1.50213037565877
250521394,"YDL019C","OSH2","","dma614","Vph1_R1_Plate02",8,4,687,348,"T phase",3.42090514772667,2.54322942854772
250521432,"YDL019C","OSH2","","dma614","Vph1_R1_Plate02",8,4,687,388,"S/G2 phase",2.78864595696779,2.52010441736612
250521437,"YDL019C","OSH2","","dma614","Vph1_R1_Plate02",8,4,687,393,"S/G2 phase",0.375222303099587,0.424331219700035
250521527,"YDL019C","OSH2","","dma614","Vph1_R1_Plate02",8,4,688,88,"MA-single",-0.126972139846041,0.0241817088102593
250521561,"YDL019C","OSH2","","dma614","Vph1_R1_Plate02",8,4,688,122,"S/G2 phase",0.90632002333705,0.857155661064834
250521564,"YDL019C","OSH2","","dma614","Vph1_R1_Plate02",8,4,688,125,"S/G2 phase",0.494448321928406,0.537430677117205
250521608,"YDL019C","OSH2","","dma614","Vph1_R1_Plate02",8,4,688,170,"S/G2 phase",0.404125580391422,0.640743440382434
250521651,"YDL019C","OSH2","","dma614","Vph1_R1_Plate02",8,4,688,215,"S/G2 phase",3.44619551535703,2.96776674986451
250521659,"YDL019C","OSH2","","dma614","Vph1_R1_Plate02",8,4,688,223,"S/G2 phase",-0.173939965445272,-0.260105971313009
250521671,"YDL019C","OSH2","","dma614","Vph1_R1_Plate02",8,4,688,235,"S/G2 phase",0.584771063465389,0.659843278969284
250521759,"YDL019C","OSH2","","dma614","Vph1_R1_Plate02",8,4,688,326,"S/G2 phase",1.99741874110381,1.82611730705966
250521795,"YDL019C","OSH2","","dma614","Vph1_R1_Plate02",8,4,688,365,"S/G2 phase",-0.24258524901338,-0.170368299935953
250521816,"YDL019C","OSH2","","dma614","Vph1_R1_Plate02",8,4,688,387,"T phase",1.61083740732552,2.07646725746249
250521822,"YDL019C","OSH2","","dma614","Vph1_R1_Plate02",8,4,688,393,"MA-single",-1.1132964774299,-1.27129246707628
250524612,"YDL018C","ERP3","","dma615","Vph1_R1_Plate02",8,6,693,26,"S/G2 phase",0.837674739768943,1.17561784576705
250524641,"YDL018C","ERP3","","dma615","Vph1_R1_Plate02",8,6,693,57,"S/G2 phase",0.443867586667695,0.134518792878091
250524670,"YDL018C","ERP3","","dma615","Vph1_R1_Plate02",8,6,693,88,"S/G2 phase",1.74090215513878,1.51444266830153
250524722,"YDL018C","ERP3","","dma615","Vph1_R1_Plate02",8,6,693,141,"S/G2 phase",-0.166714146122314,0.0201565362155099
250524757,"YDL018C","ERP3","","dma615","Vph1_R1_Plate02",8,6,693,180,"S/G2 phase",0.718448720940125,0.937343413148464
250524778,"YDL018C","ERP3","","dma615","Vph1_R1_Plate02",8,6,693,201,"S/G2 phase",5.548908938338,3.72307854852626
250524781,"YDL018C","ERP3","","dma615","Vph1_R1_Plate02",8,6,693,204,"T phase",0.14038317510343,0.199868653828137
250524782,"YDL018C","ERP3","","dma615","Vph1_R1_Plate02",8,6,693,205,"MA-single",-1.27226450253499,-1.39922981562704
250524805,"YDL018C","ERP3","","dma615","Vph1_R1_Plate02",8,6,693,229,"S/G2 phase",1.27844971846942,1.18919293765522
250524840,"YDL018C","ERP3","","dma615","Vph1_R1_Plate02",8,6,693,264,"S/G2 phase",1.0905784160725,1.35659276262509
250524944,"YDL018C","ERP3","","dma615","Vph1_R1_Plate02",8,6,693,372,"S/G2 phase",2.84283960188998,2.01111739651244
250524948,"YDL018C","ERP3","","dma615","Vph1_R1_Plate02",8,6,693,376,"S/G2 phase",0.288512471224083,0.571368406837638
250525085,"YDL018C","ERP3","","dma615","Vph1_R1_Plate02",8,6,694,95,"S/G2 phase",0.505287050912844,0.565843660138963
250525118,"YDL018C","ERP3","","dma615","Vph1_R1_Plate02",8,6,694,130,"MA-single",-1.15303848370617,-1.2876299323138
250525197,"YDL018C","ERP3","","dma615","Vph1_R1_Plate02",8,6,694,210,"S/G2 phase",2.09496730196375,1.76479261870436
250525232,"YDL018C","ERP3","","dma615","Vph1_R1_Plate02",8,6,694,245,"T phase",4.67819770992148,3.19372888984033
250525328,"YDL018C","ERP3","","dma615","Vph1_R1_Plate02",8,6,694,346,"S/G2 phase",0.443867586667695,0.436643512342797
250525381,"YDL018C","ERP3","","dma615","Vph1_R1_Plate02",8,6,694,399,"S/G2 phase",1.33986918271457,1.22186786813025
250525427,"YDL018C","ERP3","","dma615","Vph1_R1_Plate02",8,6,694,447,"MA phase",1.51328884646558,1.9377171903729
250525470,"YDL018C","ERP3","","dma615","Vph1_R1_Plate02",8,6,695,27,"S/G2 phase",0.0464475239049673,0.993143354805087
250525524,"YDL018C","ERP3","","dma615","Vph1_R1_Plate02",8,6,695,81,"S/G2 phase",-0.213681971721545,-0.371705854626252
250525543,"YDL018C","ERP3","","dma615","Vph1_R1_Plate02",8,6,695,102,"S/G2 phase",3.05961418157874,2.85340449320193
250525553,"YDL018C","ERP3","","dma615","Vph1_R1_Plate02",8,6,695,112,"T phase",3.03793672360986,2.3785919769272
250525585,"YDL018C","ERP3","","dma615","Vph1_R1_Plate02",8,6,695,144,"S/G2 phase",2.88619451782773,3.00872880038754
250525593,"YDL018C","ERP3","","dma615","Vph1_R1_Plate02",8,6,695,154,"S/G2 phase",5.26348907508114,3.51219107454254
250525649,"YDL018C","ERP3","","dma615","Vph1_R1_Plate02",8,6,695,212,"MA phase",0.899094204014092,1.27364263719212
250525680,"YDL018C","ERP3","","dma615","Vph1_R1_Plate02",8,6,695,244,"S/G2 phase",0.310189929192959,0.840818195827322
250525690,"YDL018C","ERP3","","dma615","Vph1_R1_Plate02",8,6,695,254,"T phase",1.79870870972245,1.54711759877655
250525696,"YDL018C","ERP3","","dma615","Vph1_R1_Plate02",8,6,695,260,"S/G2 phase",0.58115815380391,1.23268058666908
250525744,"YDL018C","ERP3","","dma615","Vph1_R1_Plate02",8,6,695,309,"S/G2 phase",0.288512471224083,0.731980685863417
250525752,"YDL018C","ERP3","","dma615","Vph1_R1_Plate02",8,6,695,317,"S/G2 phase",0.873803836383736,1.1645683523697
250525755,"YDL018C","ERP3","","dma615","Vph1_R1_Plate02",8,6,695,321,"S/G2 phase",0.0500604335664467,-0.000206101616750463
250525789,"YDL018C","ERP3","","dma615","Vph1_R1_Plate02",8,6,695,356,"MA phase",1.23509480253167,1.85602986418534
250525829,"YDL018C","ERP3","","dma615","Vph1_R1_Plate02",8,6,696,17,"MA-single",-1.15303848370617,-1.41280490751521
250525837,"YDL018C","ERP3","","dma615","Vph1_R1_Plate02",8,6,696,25,"S/G2 phase",1.05806222911918,1.35383038927575
250525920,"YDL018C","ERP3","","dma615","Vph1_R1_Plate02",8,6,696,112,"S/G2 phase",0.624513069741662,1.24901805190659
250525936,"YDL018C","ERP3","","dma615","Vph1_R1_Plate02",8,6,696,128,"S/G2 phase",1.12670751268729,1.17009309906838
250525992,"YDL018C","ERP3","","dma615","Vph1_R1_Plate02",8,6,696,185,"S/G2 phase",1.49522429815818,1.44909280735148
250526022,"YDL018C","ERP3","","dma615","Vph1_R1_Plate02",8,6,696,216,"S/G2 phase",1.04361059047327,1.05849321575513
250526096,"YDL018C","ERP3","","dma615","Vph1_R1_Plate02",8,6,696,292,"T phase",2.1563867662089,2.35396739164167
250526117,"YDL018C","ERP3","","dma615","Vph1_R1_Plate02",8,6,696,313,"T phase",2.76335558933743,3.0140167722277
250526196,"YDL018C","ERP3","","dma615","Vph1_R1_Plate02",8,6,696,393,"S/G2 phase",0.263222103593728,0.13854396547284
250527547,"YDL013W","SLX5","","dma616","Vph1_R1_Plate02",8,8,701,16,"S/G2 phase",3.30167912889785,3.58156610808735
250527548,"YDL013W","SLX5","","dma616","Vph1_R1_Plate02",8,8,701,17,"S/G2 phase",5.40077964221735,4.74381496358296
250527697,"YDL013W","SLX5","","dma616","Vph1_R1_Plate02",8,8,704,23,"S/G2 phase",-0.538843841254686,-0.321430659668306
250617907,"YDL077C","VAM6","","dma649","Vph1_R1_Plate02",14,2,1253,17,"T phase",0.877416746045216,0.840818195827322
250617917,"YDL077C","VAM6","","dma649","Vph1_R1_Plate02",14,2,1253,28,"S/G2 phase",2.03716074738009,2.33636712715875
250617932,"YDL077C","VAM6","","dma649","Vph1_R1_Plate02",14,2,1253,44,"S/G2 phase",4.72877844518219,3.075341460583
250617943,"YDL077C","VAM6","","dma649","Vph1_R1_Plate02",14,2,1253,56,"MA phase",2.08051566331784,2.29564185149423
250617945,"YDL077C","VAM6","","dma649","Vph1_R1_Plate02",14,2,1253,58,"MA-single",0.104254078488637,-0.11859353087408
250617995,"YDL077C","VAM6","","dma649","Vph1_R1_Plate02",14,2,1253,110,"S/G2 phase",1.87096690295203,1.74166760752276
250617998,"YDL077C","VAM6","","dma649","Vph1_R1_Plate02",14,2,1253,113,"S/G2 phase",2.04799947636452,1.66826740138322
250618005,"YDL077C","VAM6","","dma649","Vph1_R1_Plate02",14,2,1253,120,"MA phase",3.24025966465271,2.31876686267582
250618007,"YDL077C","VAM6","","dma649","Vph1_R1_Plate02",14,2,1253,122,"S/G2 phase",3.2583242129601,2.53091713590496
250618011,"YDL077C","VAM6","","dma649","Vph1_R1_Plate02",14,2,1253,126,"S/G2 phase",0.555867786173554,1.01903073933602
250618020,"YDL077C","VAM6","","dma649","Vph1_R1_Plate02",14,2,1253,135,"S/G2 phase",1.37599827932936,1.52123021424561
250618036,"YDL077C","VAM6","","dma649","Vph1_R1_Plate02",14,2,1254,9,"S/G2 phase",0.787094004508232,1.14018054194269
250618069,"YDL077C","VAM6","","dma649","Vph1_R1_Plate02",14,2,1254,46,"S/G2 phase",1.13754624167173,1.15375563383086
250618081,"YDL077C","VAM6","","dma649","Vph1_R1_Plate02",14,2,1254,58,"T phase",5.84878044024079,3.45639113288592
250618124,"YDL077C","VAM6","","dma649","Vph1_R1_Plate02",14,2,1254,104,"T phase",3.09574327819353,2.56635443972932
250618148,"YDL077C","VAM6","","dma649","Vph1_R1_Plate02",14,2,1254,129,"S/G2 phase",0.85212637841486,0.818955983891135
250618195,"YDL077C","VAM6","","dma649","Vph1_R1_Plate02",14,2,1255,13,"S/G2 phase",0.750964907893439,0.673418370857457
250618198,"YDL077C","VAM6","","dma649","Vph1_R1_Plate02",14,2,1255,16,"S/G2 phase",1.06528804844214,1.13063062264926
250618207,"YDL077C","VAM6","","dma649","Vph1_R1_Plate02",14,2,1255,25,"S/G2 phase",2.90425906613513,2.28459235809687
250618241,"YDL077C","VAM6","","dma649","Vph1_R1_Plate02",14,2,1255,61,"S/G2 phase",1.04361059047327,1.28169298238162
250618270,"YDL077C","VAM6","","dma649","Vph1_R1_Plate02",14,2,1255,91,"S/G2 phase",0.393286851406984,0.418806473001359
250618278,"YDL077C","VAM6","","dma649","Vph1_R1_Plate02",14,2,1255,99,"T phase",4.54090714278527,3.85377827042636
250618331,"YDL077C","VAM6","","dma649","Vph1_R1_Plate02",14,2,1255,154,"G1 phase",-0.170327055783793,-0.100993266391157
250618390,"YDL077C","VAM6","","dma649","Vph1_R1_Plate02",14,2,1256,45,"T phase",12.9770512023395,7.84398711106822
250618397,"YDL077C","VAM6","","dma649","Vph1_R1_Plate02",14,2,1256,53,"T phase",2.32980642995991,2.29011710479555
250618414,"YDL077C","VAM6","","dma649","Vph1_R1_Plate02",14,2,1256,71,"T phase",3.8363897587968,2.86571678584469
250618479,"YDL077C","VAM6","","dma649","Vph1_R1_Plate02",14,2,1256,137,"S/G2 phase",1.81316034836836,1.62477975236936
250618505,"YDL077C","VAM6","","dma649","Vph1_R1_Plate02",14,2,1256,163,"T phase",4.06400306746999,2.90944120971706
250618515,"YDL077C","VAM6","","dma649","Vph1_R1_Plate02",14,2,1256,175,"T phase",3.38477605111188,2.89436654372496
250620022,"YDL076C","RXT3","","dma650","Vph1_R1_Plate02",14,4,1261,4,"S/G2 phase",0.331867387161835,0.564580860893552
250620114,"YDL076C","RXT3","","dma650","Vph1_R1_Plate02",14,4,1261,98,"T phase",1.93961218652014,1.97039212084792
250620131,"YDL076C","RXT3","","dma650","Vph1_R1_Plate02",14,4,1261,116,"T phase",3.78580902353609,3.20604118248309
250620145,"YDL076C","RXT3","","dma650","Vph1_R1_Plate02",14,4,1261,131,"S/G2 phase",2.82477505358258,2.83856660206834
250620167,"YDL076C","RXT3","","dma650","Vph1_R1_Plate02",14,4,1261,154,"T phase",2.15277385654742,1.73211768822934
250620172,"YDL076C","RXT3","","dma650","Vph1_R1_Plate02",14,4,1261,159,"S/G2 phase",0.700384172632728,0.431118765644121
250620179,"YDL076C","RXT3","","dma650","Vph1_R1_Plate02",14,4,1261,166,"S/G2 phase",1.84928944498316,1.18643056430589
250620193,"YDL076C","RXT3","","dma650","Vph1_R1_Plate02",14,4,1261,180,"S/G2 phase",2.57548428694051,2.58545427831617
250620264,"YDL076C","RXT3","","dma650","Vph1_R1_Plate02",14,4,1261,251,"MA phase",3.38838896077336,2.58142910572142
250620279,"YDL076C","RXT3","","dma650","Vph1_R1_Plate02",14,4,1261,268,"S/G2 phase",0.79793273349267,1.14294291529203
250620289,"YDL076C","RXT3","","dma650","Vph1_R1_Plate02",14,4,1261,278,"T phase",4.18322908629881,2.94061656608816
250620300,"YDL076C","RXT3","","dma650","Vph1_R1_Plate02",14,4,1262,3,"S/G2 phase",1.25315935083907,1.41239270428171
250620309,"YDL076C","RXT3","","dma650","Vph1_R1_Plate02",14,4,1262,12,"S/G2 phase",1.24593353151611,1.1796430183618
250620340,"YDL076C","RXT3","","dma650","Vph1_R1_Plate02",14,4,1262,44,"T phase",1.08696550641102,1.35659276262509
250620345,"YDL076C","RXT3","","dma650","Vph1_R1_Plate02",14,4,1262,50,"S/G2 phase",1.02193313250439,1.26535551714411
250620380,"YDL076C","RXT3","","dma650","Vph1_R1_Plate02",14,4,1262,86,"S/G2 phase",-0.318456351904446,-0.483305737939495
250620404,"YDL076C","RXT3","","dma650","Vph1_R1_Plate02",14,4,1262,111,"S/G2 phase",1.37599827932936,1.49258045636534
250620420,"YDL076C","RXT3","","dma650","Vph1_R1_Plate02",14,4,1262,128,"S/G2 phase",-0.0258106693246195,0.417543673755948
250620455,"YDL076C","RXT3","","dma650","Vph1_R1_Plate02",14,4,1262,164,"S/G2 phase",2.35509679759027,1.87915487536694
250620465,"YDL076C","RXT3","","dma650","Vph1_R1_Plate02",14,4,1262,174,"T phase",2.1744513145163,1.99075475868018
250620536,"YDL076C","RXT3","","dma650","Vph1_R1_Plate02",14,4,1262,245,"S/G2 phase",0.808771462477108,1.43828008881265
250620552,"YDL076C","RXT3","","dma650","Vph1_R1_Plate02",14,4,1262,262,"S/G2 phase",0.953287848936282,1.15099326048153
250620593,"YDL076C","RXT3","","dma650","Vph1_R1_Plate02",14,4,1262,304,"S/G2 phase",4.2735518278358,3.13666614893829
250620635,"YDL076C","RXT3","","dma650","Vph1_R1_Plate02",14,4,1263,38,"S/G2 phase",1.18090115760948,1.10876841071308
250620639,"YDL076C","RXT3","","dma650","Vph1_R1_Plate02",14,4,1263,42,"S/G2 phase",2.09858021162523,2.23707953648826
250620656,"YDL076C","RXT3","","dma650","Vph1_R1_Plate02",14,4,1263,60,"S/G2 phase",2.8030975956137,2.42886717188514
250620763,"YDL076C","RXT3","","dma650","Vph1_R1_Plate02",14,4,1263,169,"G1 phase",-0.361811267842198,-0.388043319863764
250620819,"YDL076C","RXT3","","dma650","Vph1_R1_Plate02",14,4,1263,225,"S/G2 phase",1.98658001211937,2.40574216070354
250620833,"YDL076C","RXT3","","dma650","Vph1_R1_Plate02",14,4,1263,240,"G1 phase",0.46915795429805,0.315493709736129
250620959,"YDL076C","RXT3","","dma650","Vph1_R1_Plate02",14,4,1264,61,"S/G2 phase",0.234318826301893,0.447456230881633
250620965,"YDL076C","RXT3","","dma650","Vph1_R1_Plate02",14,4,1264,67,"S/G2 phase",0.610061431095745,0.7699435881786
250620974,"YDL076C","RXT3","","dma650","Vph1_R1_Plate02",14,4,1264,76,"T phase",3.24748548397566,2.63849184662345
250620977,"YDL076C","RXT3","","dma650","Vph1_R1_Plate02",14,4,1264,79,"S/G2 phase",2.68387157678489,2.6113416628471
250621001,"YDL076C","RXT3","","dma650","Vph1_R1_Plate02",14,4,1264,103,"S/G2 phase",2.21058041113109,2.12145448058027
250621049,"YDL076C","RXT3","","dma650","Vph1_R1_Plate02",14,4,1264,151,"T phase",3.33058240618969,2.89034137113021
250621118,"YDL076C","RXT3","","dma650","Vph1_R1_Plate02",14,4,1264,223,"S/G2 phase",3.10658200717797,2.89034137113021
250621129,"YDL076C","RXT3","","dma650","Vph1_R1_Plate02",14,4,1264,234,"S/G2 phase",2.73806522170708,2.19359188747441
250621161,"YDL076C","RXT3","","dma650","Vph1_R1_Plate02",14,4,1264,269,"S/G2 phase",2.78142013764483,1.98396721273609
250621175,"YDL076C","RXT3","","dma650","Vph1_R1_Plate02",14,4,1264,285,"S/G2 phase",0.772642365862315,1.76629219280829
250621180,"YDL076C","RXT3","","dma650","Vph1_R1_Plate02",14,4,1264,290,"S/G2 phase",2.8572912405359,2.49974177953386
250621183,"YDL076C","RXT3","","dma650","Vph1_R1_Plate02",14,4,1264,293,"G1 phase",-0.621940763468711,-0.544630426294793
250628059,"YDL071C","","","dma652","Vph1_R1_Plate02",14,8,1277,59,"S/G2 phase",0.418577219037339,0.21746891831106
250628074,"YDL071C","","","dma652","Vph1_R1_Plate02",14,8,1277,75,"S/G2 phase",0.967739487582199,1.15375563383086
250628084,"YDL071C","","","dma652","Vph1_R1_Plate02",14,8,1277,85,"S/G2 phase",1.34709500203753,1.41365550352712
250628089,"YDL071C","","","dma652","Vph1_R1_Plate02",14,8,1277,90,"S/G2 phase",2.45625826811169,1.83969239894783
250628094,"YDL071C","","","dma652","Vph1_R1_Plate02",14,8,1277,96,"MA phase",1.51690175612706,1.56345506401406
250628095,"YDL071C","","","dma652","Vph1_R1_Plate02",14,8,1277,97,"S/G2 phase",0.971352397243679,1.57829295514765
250628106,"YDL071C","","","dma652","Vph1_R1_Plate02",14,8,1277,108,"S/G2 phase",2.90425906613513,2.6344666740287
250628151,"YDL071C","","","dma652","Vph1_R1_Plate02",14,8,1277,153,"S/G2 phase",0.158447723410827,0.865206006254331
250628186,"YDL071C","","","dma652","Vph1_R1_Plate02",14,8,1277,188,"S/G2 phase",-0.00413321135574343,0.387631116630262
250628203,"YDL071C","","","dma652","Vph1_R1_Plate02",14,8,1277,205,"S/G2 phase",0.396899761068463,0.56734323424289
250628224,"YDL071C","","","dma652","Vph1_R1_Plate02",14,8,1277,227,"T phase",1.32180463440717,1.65871748208979
250628238,"YDL071C","","","dma652","Vph1_R1_Plate02",14,8,1277,242,"T phase",2.00103165076529,1.41239270428171
250628249,"YDL071C","","","dma652","Vph1_R1_Plate02",14,8,1277,254,"S/G2 phase",2.8572912405359,3.00044168033953
250628285,"YDL071C","","","dma652","Vph1_R1_Plate02",14,8,1277,291,"G1 phase",0.118705717134554,0.0364940014530215
250628403,"YDL071C","","","dma652","Vph1_R1_Plate02",14,8,1278,57,"S/G2 phase",-0.278714345628173,0.0827440238162183
250628408,"YDL071C","","","dma652","Vph1_R1_Plate02",14,8,1278,62,"S/G2 phase",1.86374108362908,2.06012979222498
250628415,"YDL071C","","","dma652","Vph1_R1_Plate02",14,8,1278,69,"S/G2 phase",1.54219212375741,1.88594242131103
250628420,"YDL071C","","","dma652","Vph1_R1_Plate02",14,8,1278,74,"S/G2 phase",0.545029057189116,0.970018343623488
250628438,"YDL071C","","","dma652","Vph1_R1_Plate02",14,8,1278,95,"T phase",2.73806522170708,2.62894192733002
250628453,"YDL071C","","","dma652","Vph1_R1_Plate02",14,8,1278,110,"S/G2 phase",0.967739487582199,1.03536820457353
250628467,"YDL071C","","","dma652","Vph1_R1_Plate02",14,8,1278,124,"S/G2 phase",2.14916094688594,2.12547965317503
250628477,"YDL071C","","","dma652","Vph1_R1_Plate02",14,8,1278,134,"S/G2 phase",0.498061231589885,0.624405975144922
250628523,"YDL071C","","","dma652","Vph1_R1_Plate02",14,8,1278,182,"S/G2 phase",2.69471030576932,2.43715429193315
250628533,"YDL071C","","","dma652","Vph1_R1_Plate02",14,8,1278,192,"MA-single",-1.08439320013807,-1.22228007136375
250628541,"YDL071C","","","dma652","Vph1_R1_Plate02",14,8,1278,200,"T phase",3.11019491683945,2.38814189622062
250628561,"YDL071C","","","dma652","Vph1_R1_Plate02",14,8,1278,221,"S/G2 phase",0.0825766205197608,0.193081107884051
250628581,"YDL071C","","","dma652","Vph1_R1_Plate02",14,8,1278,242,"S/G2 phase",1.00386858419699,1.01626836598668
250628586,"YDL071C","","","dma652","Vph1_R1_Plate02",14,8,1278,247,"S/G2 phase",0.891868384691133,0.936080613903054
250628632,"YDL071C","","","dma652","Vph1_R1_Plate02",14,8,1278,294,"S/G2 phase",0.212641368333017,0.993143354805086
250628637,"YDL071C","","","dma652","Vph1_R1_Plate02",14,8,1278,299,"S/G2 phase",2.53574228066423,2.07244208486774
250628641,"YDL071C","","","dma652","Vph1_R1_Plate02",14,8,1278,303,"S/G2 phase",0.382448122422546,0.361743732099327
250628644,"YDL071C","","","dma652","Vph1_R1_Plate02",14,8,1278,306,"S/G2 phase",-0.0294235789860988,0.420306047105285
250628668,"YDL071C","","","dma652","Vph1_R1_Plate02",14,8,1279,5,"MA-single",-1.18555467065949,-1.32156766203423
250628688,"YDL071C","","","dma652","Vph1_R1_Plate02",14,8,1279,25,"S/G2 phase",1.60361158800256,1.48453011117584
250628696,"YDL071C","","","dma652","Vph1_R1_Plate02",14,8,1279,33,"S/G2 phase",-0.0836172239082889,0.105869034997817
250628697,"YDL071C","","","dma652","Vph1_R1_Plate02",14,8,1279,34,"S/G2 phase",1.69032141987807,1.95129228226107
250628700,"YDL071C","","","dma652","Vph1_R1_Plate02",14,8,1279,37,"S/G2 phase",1.44825647255895,1.51846784089628
250628854,"YDL071C","","","dma652","Vph1_R1_Plate02",14,8,1279,194,"S/G2 phase",0.436641767344736,0.489681080650082
250628935,"YDL071C","","","dma652","Vph1_R1_Plate02",14,8,1279,276,"T phase",2.3659355265747,2.66840440374914
250628957,"YDL071C","","","dma652","Vph1_R1_Plate02",14,8,1279,298,"S/G2 phase",1.24232062185463,1.73361726233326
250628963,"YDL071C","","","dma652","Vph1_R1_Plate02",14,8,1280,2,"G1 phase",-0.585811666853917,-0.688905240083059
250629077,"YDL071C","","","dma652","Vph1_R1_Plate02",14,8,1280,119,"S/G2 phase",2.62245211253974,2.70786688016825
250629125,"YDL071C","","","dma652","Vph1_R1_Plate02",14,8,1280,167,"S/G2 phase",0.418577219037339,0.0827440238162183
250629130,"YDL071C","","","dma652","Vph1_R1_Plate02",14,8,1280,172,"S/G2 phase",0.136770265441951,0.304680991197294
250629211,"YDL071C","","","dma652","Vph1_R1_Plate02",14,8,1280,253,"T phase",3.43896969603407,3.34202887622335
250629232,"YDL071C","","","dma652","Vph1_R1_Plate02",14,8,1280,275,"S/G2 phase",0.458319225313612,0.858418460310244
250629243,"YDL071C","","","dma652","Vph1_R1_Plate02",14,8,1280,286,"S/G2 phase",0.555867786173554,1.1183183300065
250629268,"YDL071C","","","dma652","Vph1_R1_Plate02",14,8,1280,311,"T phase",3.33780822551265,2.74882893069128
250629291,"YDL071C","","","dma652","Vph1_R1_Plate02",14,8,1280,335,"S/G2 phase",2.31896770097547,2.22752961719484
250629315,"YDL071C","","","dma652","Vph1_R1_Plate02",14,8,1280,360,"T phase",3.02709799462542,2.38135435027653
250660510,"YCR105W","ADH7","","dma601","Vph1_R1_Plate02",6,2,485,6,"S/G2 phase",2.69471030576932,2.58142910572142
250660513,"YCR105W","ADH7","","dma601","Vph1_R1_Plate02",6,2,485,10,"T phase",2.58993592558642,2.31197931673174
250660516,"YCR105W","ADH7","","dma601","Vph1_R1_Plate02",6,2,485,13,"T phase",0.74373908857048,0.952418079140565
250660524,"YCR105W","ADH7","","dma601","Vph1_R1_Plate02",6,2,485,21,"S/G2 phase",0.617287250418703,0.831268276533897
250660528,"YCR105W","ADH7","","dma601","Vph1_R1_Plate02",6,2,485,25,"S/G2 phase",0.718448720940125,0.601280963963324
250660533,"YCR105W","ADH7","","dma601","Vph1_R1_Plate02",6,2,485,31,"S/G2 phase",0.960513668259241,1.29124290167504
250660536,"YCR105W","ADH7","","dma601","Vph1_R1_Plate02",6,2,485,36,"S/G2 phase",-0.134197959169,-0.0751058818602216
250660545,"YCR105W","ADH7","","dma601","Vph1_R1_Plate02",6,2,485,45,"S/G2 phase",0.053673343227926,-0.181181018474789
250660569,"YCR105W","ADH7","","dma601","Vph1_R1_Plate02",6,2,485,69,"S/G2 phase",0.732900359586042,1.11429315741175
250660602,"YCR105W","ADH7","","dma601","Vph1_R1_Plate02",6,2,485,103,"S/G2 phase",0.169286452395265,0.387631116630262
250660612,"YCR105W","ADH7","","dma601","Vph1_R1_Plate02",6,2,485,113,"G1 phase",-0.419617822425868,-0.243768506075498
250660622,"YCR105W","ADH7","","dma601","Vph1_R1_Plate02",6,2,485,123,"T phase",3.22942093566827,2.83856660206834
250660629,"YCR105W","ADH7","","dma601","Vph1_R1_Plate02",6,2,485,130,"S/G2 phase",0.118705717134554,0.575393579432388
250660651,"YCR105W","ADH7","","dma601","Vph1_R1_Plate02",6,2,485,152,"S/G2 phase",2.32980642995991,2.34315467310284
250660653,"YCR105W","ADH7","","dma601","Vph1_R1_Plate02",6,2,485,154,"S/G2 phase",1.15199788031765,1.44506763475673
250660655,"YCR105W","ADH7","","dma601","Vph1_R1_Plate02",6,2,485,156,"S/G2 phase",0.646190527710538,1.08438060028607
250660726,"YCR105W","ADH7","","dma601","Vph1_R1_Plate02",6,2,485,228,"S/G2 phase",3.24387257431418,2.61812920879119
250660731,"YCR105W","ADH7","","dma601","Vph1_R1_Plate02",6,2,485,233,"S/G2 phase",1.32903045373013,1.21508032218616
250660818,"YCR105W","ADH7","","dma601","Vph1_R1_Plate02",6,2,485,322,"S/G2 phase",2.53935519032571,2.46154210236016
250660819,"YCR105W","ADH7","","dma601","Vph1_R1_Plate02",6,2,485,323,"S/G2 phase",0.682319624325331,1.00269327409851
250660825,"YCR105W","ADH7","","dma601","Vph1_R1_Plate02",6,2,485,329,"S/G2 phase",0.891868384691133,0.987855382964926
250660856,"YCR105W","ADH7","","dma601","Vph1_R1_Plate02",6,2,485,360,"G1 phase",-0.217294881383025,-0.0751058818602216
250660857,"YCR105W","ADH7","","dma601","Vph1_R1_Plate02",6,2,485,361,"S/G2 phase",2.34787097826731,2.47109202165359
250660881,"YCR105W","ADH7","","dma601","Vph1_R1_Plate02",6,2,485,385,"S/G2 phase",0.956900758597761,1.35106801592641
250660883,"YCR105W","ADH7","","dma601","Vph1_R1_Plate02",6,2,485,388,"T phase",2.97290434970323,2.86974195843944
250660896,"YCR105W","ADH7","","dma601","Vph1_R1_Plate02",6,2,486,2,"S/G2 phase",1.23509480253167,1.60291754043317
250660946,"YCR105W","ADH7","","dma601","Vph1_R1_Plate02",6,2,486,56,"S/G2 phase",0.978578216566637,1.08714297363541
250660953,"YCR105W","ADH7","","dma601","Vph1_R1_Plate02",6,2,486,64,"S/G2 phase",-0.217294881383025,0.431118765644121
250660973,"YCR105W","ADH7","","dma601","Vph1_R1_Plate02",6,2,486,84,"S/G2 phase",-0.231746520028942,0.316756508981541
250661020,"YCR105W","ADH7","","dma601","Vph1_R1_Plate02",6,2,486,132,"S/G2 phase",2.93677525308844,2.36225451168968
250661132,"YCR105W","ADH7","","dma601","Vph1_R1_Plate02",6,2,486,248,"S/G2 phase",1.21703025422427,1.51846784089628
250661142,"YCR105W","ADH7","","dma601","Vph1_R1_Plate02",6,2,486,258,"T phase",0.685932533986811,0.791805800114787
250661148,"YCR105W","ADH7","","dma601","Vph1_R1_Plate02",6,2,486,264,"T phase",3.12464655548537,2.92830427344539
250661185,"YCR105W","ADH7","","dma601","Vph1_R1_Plate02",6,2,486,301,"S/G2 phase",2.84283960188998,2.48340431429635
250661271,"YCR105W","ADH7","","dma601","Vph1_R1_Plate02",6,2,486,388,"S/G2 phase",1.26038517016203,1.38926769310011
250661304,"YCR105W","ADH7","","dma601","Vph1_R1_Plate02",6,2,487,22,"S/G2 phase",0.960513668259241,1.10750561146767
250661310,"YCR105W","ADH7","","dma601","Vph1_R1_Plate02",6,2,487,29,"G1 phase",-0.658069860083504,-0.692930412677808
250661334,"YCR105W","ADH7","","dma601","Vph1_R1_Plate02",6,2,487,54,"T phase",1.71561178750842,1.42320542282054
250661341,"YCR105W","ADH7","","dma601","Vph1_R1_Plate02",6,2,487,61,"S/G2 phase",2.53574228066423,1.95531745485582
250661376,"YCR105W","ADH7","","dma601","Vph1_R1_Plate02",6,2,487,97,"S/G2 phase",-0.686973137375339,-0.608480713140912
250661408,"YCR105W","ADH7","","dma601","Vph1_R1_Plate02",6,2,487,130,"S/G2 phase",2.47793572608056,1.99754230462427
250661432,"YCR105W","ADH7","","dma601","Vph1_R1_Plate02",6,2,487,155,"S/G2 phase",0.490835412266926,0.530406356314602
250661494,"YCR105W","ADH7","","dma601","Vph1_R1_Plate02",6,2,487,220,"T phase",1.82038616769132,1.69944275775432
250661504,"YCR105W","ADH7","","dma601","Vph1_R1_Plate02",6,2,487,230,"T phase",2.99819471733359,2.2398419098376
250661533,"YCR105W","ADH7","","dma601","Vph1_R1_Plate02",6,2,487,260,"S/G2 phase",1.27483680880794,1.44356806065281
250661547,"YCR105W","ADH7","","dma601","Vph1_R1_Plate02",6,2,487,274,"T phase",3.74967992692129,2.70660408092283
250661575,"YCR105W","ADH7","","dma601","Vph1_R1_Plate02",6,2,487,303,"S/G2 phase",1.38322409865232,1.50765512235744
250661585,"YCR105W","ADH7","","dma601","Vph1_R1_Plate02",6,2,487,313,"S/G2 phase",1.85651526430612,1.68460486662073
250661628,"YCR105W","ADH7","","dma601","Vph1_R1_Plate02",6,2,487,359,"MA-single",-0.488263105993975,-0.502405576526345
250661640,"YCR105W","ADH7","","dma601","Vph1_R1_Plate02",6,2,487,371,"S/G2 phase",0.917158752321489,1.23268058666908
250661658,"YCR105W","ADH7","","dma601","Vph1_R1_Plate02",6,2,488,1,"MA-single",-1.33368396678014,-1.56386726724757
250661762,"YCR105W","ADH7","","dma601","Vph1_R1_Plate02",6,2,488,109,"MA-single",-1.26142577355055,-1.49172986035343
250661787,"YCR105W","ADH7","","dma601","Vph1_R1_Plate02",6,2,488,134,"S/G2 phase",2.04438656670304,2.37859197692719
250661882,"YCR105W","ADH7","","dma601","Vph1_R1_Plate02",6,2,488,230,"MA-single",-1.19278048998245,-1.43592991869681
250661898,"YCR105W","ADH7","","dma601","Vph1_R1_Plate02",6,2,488,247,"G1 phase",-0.369037087165157,-0.51321829506518
250661912,"YCR105W","ADH7","","dma601","Vph1_R1_Plate02",6,2,488,261,"T phase",2.38761298454358,2.54725460114247
250661925,"YCR105W","ADH7","","dma601","Vph1_R1_Plate02",6,2,488,274,"MA phase",-0.0583268562779335,0.199868653828137
250661986,"YCR105W","ADH7","","dma601","Vph1_R1_Plate02",6,2,488,336,"S/G2 phase",0.183738091041182,0.259693768079508
250664445,"YCR102W-A","","","dma602","Vph1_R1_Plate02",6,4,493,63,"S/G2 phase",0.570319424819472,1.39731803828961
250664512,"YCR102W-A","","","dma602","Vph1_R1_Plate02",6,4,493,131,"T phase",3.08490454920909,2.48466711354176
250664523,"YCR102W-A","","","dma602","Vph1_R1_Plate02",6,4,493,142,"MA phase",0.6353517987261,0.991880555559675
250664545,"YCR102W-A","","","dma602","Vph1_R1_Plate02",6,4,493,165,"T phase",3.17522729074608,3.15024124082647
250664546,"YCR102W-A","","","dma602","Vph1_R1_Plate02",6,4,493,166,"S/G2 phase",3.54374407621697,2.64804176591688
250664552,"YCR102W-A","","","dma602","Vph1_R1_Plate02",6,4,493,172,"T phase",1.64696650394032,1.77710491134712
250664622,"YCR102W-A","","","dma602","Vph1_R1_Plate02",6,4,493,245,"S/G2 phase",1.84567653532168,1.39881761239354
250664631,"YCR102W-A","","","dma602","Vph1_R1_Plate02",6,4,493,254,"S/G2 phase",0.657029256694976,0.427093593049372
250664653,"YCR102W-A","","","dma602","Vph1_R1_Plate02",6,4,493,277,"S/G2 phase",2.6983232154308,2.83982940131375
250664669,"YCR102W-A","","","dma602","Vph1_R1_Plate02",6,4,493,293,"S/G2 phase",2.69471030576932,2.12950482576977
250664688,"YCR102W-A","","","dma602","Vph1_R1_Plate02",6,4,493,312,"MA-single",-1.11690938709138,-1.27808001302037
250664749,"YCR102W-A","","","dma602","Vph1_R1_Plate02",6,4,494,42,"S/G2 phase",0.989416945551075,1.05446804316038
250664780,"YCR102W-A","","","dma602","Vph1_R1_Plate02",6,4,494,74,"T phase",2.51045191303388,2.66161685780505
250664799,"YCR102W-A","","","dma602","Vph1_R1_Plate02",6,4,494,94,"S/G2 phase",1.95045091550458,1.86684258272418
250664802,"YCR102W-A","","","dma602","Vph1_R1_Plate02",6,4,494,98,"S/G2 phase",0.902707113675571,0.835293449128646
250664811,"YCR102W-A","","","dma602","Vph1_R1_Plate02",6,4,494,107,"S/G2 phase",2.78864595696779,2.46832964830425
250664814,"YCR102W-A","","","dma602","Vph1_R1_Plate02",6,4,494,110,"S/G2 phase",2.98374307868767,2.74330418399261
250664884,"YCR102W-A","","","dma602","Vph1_R1_Plate02",6,4,494,181,"S/G2 phase",4.60955242635338,3.54486600501756
250665025,"YCR102W-A","","","dma602","Vph1_R1_Plate02",6,4,494,328,"S/G2 phase",-0.105294681877165,-0.283230982494608
250665053,"YCR102W-A","","","dma602","Vph1_R1_Plate02",6,4,495,22,"S/G2 phase",0.288512471224083,0.160406177409027
250665171,"YCR102W-A","","","dma602","Vph1_R1_Plate02",6,4,495,149,"T phase",5.17677924320563,4.38036555576296
250665220,"YCR102W-A","","","dma602","Vph1_R1_Plate02",6,4,495,198,"S/G2 phase",3.1354852844698,2.79231657970514
250665231,"YCR102W-A","","","dma602","Vph1_R1_Plate02",6,4,495,209,"S/G2 phase",1.25315935083907,1.27490543643753
250665250,"YCR102W-A","","","dma602","Vph1_R1_Plate02",6,4,495,228,"S/G2 phase",1.91070890922831,2.15262983695137
250665259,"YCR102W-A","","","dma602","Vph1_R1_Plate02",6,4,495,237,"S/G2 phase",-0.842328252818951,-0.873905329535846
250665294,"YCR102W-A","","","dma602","Vph1_R1_Plate02",6,4,495,272,"MA phase",1.51328884646558,2.06415496481973
250665310,"YCR102W-A","","","dma602","Vph1_R1_Plate02",6,4,495,288,"S/G2 phase",1.26399807982351,1.45864272664491
250665318,"YCR102W-A","","","dma602","Vph1_R1_Plate02",6,4,495,296,"T phase",1.43741774357451,1.53354250688838
250665336,"YCR102W-A","","","dma602","Vph1_R1_Plate02",6,4,496,12,"MA phase",2.77058140866039,3.00470362779279
250665361,"YCR102W-A","","","dma602","Vph1_R1_Plate02",6,4,496,38,"S/G2 phase",2.18167713383926,3.03587898416389
250665384,"YCR102W-A","","","dma602","Vph1_R1_Plate02",6,4,496,61,"S/G2 phase",2.94761398207288,2.28885430555014
250665491,"YCR102W-A","","","dma602","Vph1_R1_Plate02",6,4,496,170,"S/G2 phase",0.924384571644447,1.09266772033408
250665495,"YCR102W-A","","","dma602","Vph1_R1_Plate02",6,4,496,174,"T phase",4.36748747903426,3.79924112801515
250665565,"YCR102W-A","","","dma602","Vph1_R1_Plate02",6,4,496,246,"S/G2 phase",1.24232062185463,2.08049243005724
250665597,"YCR102W-A","","","dma602","Vph1_R1_Plate02",6,4,496,279,"S/G2 phase",2.26477405605328,2.75009172993669
250667961,"YCR102C","","","dma603","Vph1_R1_Plate02",6,6,501,1,"S/G2 phase",2.30812897199103,2.64401659332213
250667982,"YCR102C","","","dma603","Vph1_R1_Plate02",6,6,501,25,"S/G2 phase",0.642577618049059,0.889830591539857
250668017,"YCR102C","","","dma603","Vph1_R1_Plate02",6,6,501,60,"S/G2 phase",1.00386858419699,1.02179311268536
250668050,"YCR102C","","","dma603","Vph1_R1_Plate02",6,6,501,95,"T phase",2.61883920287826,2.12674245242043
250668097,"YCR102C","","","dma603","Vph1_R1_Plate02",6,6,501,142,"T phase",1.79148289039949,1.48579291042125
250668117,"YCR102C","","","dma603","Vph1_R1_Plate02",6,6,501,162,"MA phase",2.28283860436068,2.26699209361395
250668127,"YCR102C","","","dma603","Vph1_R1_Plate02",6,6,501,174,"S/G2 phase",3.05961418157874,3.20604118248309
250668138,"YCR102C","","","dma603","Vph1_R1_Plate02",6,6,501,185,"S/G2 phase",1.86735399329056,1.86281741012943
250668146,"YCR102C","","","dma603","Vph1_R1_Plate02",6,6,501,194,"S/G2 phase",1.33264336339161,1.14696808788678
250668193,"YCR102C","","","dma603","Vph1_R1_Plate02",6,6,501,244,"T phase",5.65729622818238,4.55731530002625
250668227,"YCR102C","","","dma603","Vph1_R1_Plate02",6,6,501,278,"S/G2 phase",1.99380583144233,1.8763925020176
250668252,"YCR102C","","","dma603","Vph1_R1_Plate02",6,6,501,303,"S/G2 phase",0.328254477500356,0.469318442817821
250668284,"YCR102C","","","dma603","Vph1_R1_Plate02",6,6,502,3,"MA-single",-1.07355447115363,-1.23585516325192
250668290,"YCR102C","","","dma603","Vph1_R1_Plate02",6,6,502,12,"S/G2 phase",1.72283760683138,1.80022992252872
250668295,"YCR102C","","","dma603","Vph1_R1_Plate02",6,6,502,17,"S/G2 phase",1.82038616769132,1.67631774657271
250668297,"YCR102C","","","dma603","Vph1_R1_Plate02",6,6,502,20,"MA phase",2.58993592558642,2.18806714077573
250668310,"YCR102C","","","dma603","Vph1_R1_Plate02",6,6,502,35,"S/G2 phase",2.77419431832187,2.84535414801242
250668362,"YCR102C","","","dma603","Vph1_R1_Plate02",6,6,502,89,"S/G2 phase",1.51328884646558,1.63961764350294
250668370,"YCR102C","","","dma603","Vph1_R1_Plate02",6,6,502,97,"S/G2 phase",1.04722350013474,1.1333929959986
250668404,"YCR102C","","","dma603","Vph1_R1_Plate02",6,6,502,133,"S/G2 phase",0.375222303099587,0.45424377682572
250668423,"YCR102C","","","dma603","Vph1_R1_Plate02",6,6,502,153,"S/G2 phase",1.35070791169901,1.07759305434198
250668469,"YCR102C","","","dma603","Vph1_R1_Plate02",6,6,502,201,"S/G2 phase",4.54090714278527,2.89436654372496
250668490,"YCR102C","","","dma603","Vph1_R1_Plate02",6,6,502,223,"S/G2 phase",1.83845071599872,1.5742677825529
250668491,"YCR102C","","","dma603","Vph1_R1_Plate02",6,6,502,224,"T phase",1.69032141987807,1.69541758515957
250668501,"YCR102C","","","dma603","Vph1_R1_Plate02",6,6,502,235,"S/G2 phase",1.21703025422427,1.92666769697555
250668514,"YCR102C","","","dma603","Vph1_R1_Plate02",6,6,502,249,"S/G2 phase",1.54941794308037,1.45864272664491
250668516,"YCR102C","","","dma603","Vph1_R1_Plate02",6,6,502,251,"T phase",3.21496929702235,2.92704147419998
250668524,"YCR102C","","","dma603","Vph1_R1_Plate02",6,6,502,259,"S/G2 phase",0.830448920445984,0.808143265352298
250668527,"YCR102C","","","dma603","Vph1_R1_Plate02",6,6,502,262,"S/G2 phase",2.87535578884329,2.67669152379715
250668546,"YCR102C","","","dma603","Vph1_R1_Plate02",6,6,502,281,"S/G2 phase",1.3868370083138,1.86005503678009
250668558,"YCR102C","","","dma603","Vph1_R1_Plate02",6,6,502,294,"S/G2 phase",3.08851745887057,2.56635443972932
250668572,"YCR102C","","","dma603","Vph1_R1_Plate02",6,6,502,309,"T phase",3.08851745887057,2.45349175717067
250668576,"YCR102C","","","dma603","Vph1_R1_Plate02",6,6,502,313,"S/G2 phase",1.5963857686796,1.50765512235744
250668579,"YCR102C","","","dma603","Vph1_R1_Plate02",6,6,502,316,"S/G2 phase",3.45703424434147,2.38261714952194
250668588,"YCR102C","","","dma603","Vph1_R1_Plate02",6,6,502,326,"S/G2 phase",1.06890095810362,1.0014304748531
250668602,"YCR102C","","","dma603","Vph1_R1_Plate02",6,6,502,340,"S/G2 phase",2.98735598834915,2.54472900265164
250668659,"YCR102C","","","dma603","Vph1_R1_Plate02",6,6,503,32,"MA-single",-0.596650395838355,-0.660255482202785
250668660,"YCR102C","","","dma603","Vph1_R1_Plate02",6,6,503,33,"S/G2 phase",1.614450316987,1.68863003921548
250668662,"YCR102C","","","dma603","Vph1_R1_Plate02",6,6,503,35,"T phase",1.62167613630996,1.73211768822934
250668692,"YCR102C","","","dma603","Vph1_R1_Plate02",6,6,503,67,"T phase",2.51406482269536,2.19485468671982
250668698,"YCR102C","","","dma603","Vph1_R1_Plate02",6,6,503,73,"G1 phase",2.08412857297932,1.23141778742367
250668700,"YCR102C","","","dma603","Vph1_R1_Plate02",6,6,503,75,"S/G2 phase",1.16644951896356,1.36740548116393
250668731,"YCR102C","","","dma603","Vph1_R1_Plate02",6,6,503,108,"MA phase",3.00542053665655,2.66437923115439
250668781,"YCR102C","","","dma603","Vph1_R1_Plate02",6,6,503,159,"S/G2 phase",0.357157754792191,0.798593346058874
250668785,"YCR102C","","","dma603","Vph1_R1_Plate02",6,6,503,163,"S/G2 phase",2.36954843623618,2.00156747721902
250668841,"YCR102C","","","dma603","Vph1_R1_Plate02",6,6,503,221,"MA phase",0.30296410987,0.896618137483944
250668875,"YCR102C","","","dma603","Vph1_R1_Plate02",6,6,503,255,"S/G2 phase",0.946062029613323,1.3809805730521
250668895,"YCR102C","","","dma603","Vph1_R1_Plate02",6,6,503,275,"T phase",2.68748448644637,2.58821665166551
250668917,"YCR102C","","","dma603","Vph1_R1_Plate02",6,6,503,298,"G1 phase",-0.632779492453149,-0.525530587707943
250668943,"YCR102C","","","dma603","Vph1_R1_Plate02",6,6,503,325,"S/G2 phase",1.75896670344618,1.79470517583004
250668971,"YCR102C","","","dma603","Vph1_R1_Plate02",6,6,503,354,"S/G2 phase",0.90993293299853,1.20955557548749
250668985,"YCR102C","","","dma603","Vph1_R1_Plate02",6,6,503,369,"S/G2 phase",-0.275101435966694,-0.230193414187324
250669098,"YCR102C","","","dma603","Vph1_R1_Plate02",6,6,504,49,"S/G2 phase",0.335480296823315,0.259693768079508
250669201,"YCR102C","","","dma603","Vph1_R1_Plate02",6,6,504,156,"T phase",2.72722649272264,2.69152941493074
250669302,"YCR102C","","","dma603","Vph1_R1_Plate02",6,6,504,261,"MA-single",-0.73394096297457,-0.841230399060823
250669313,"YCR102C","","","dma603","Vph1_R1_Plate02",6,6,504,273,"S/G2 phase",0.714835811278645,0.627168348494261
250669319,"YCR102C","","","dma603","Vph1_R1_Plate02",6,6,504,279,"S/G2 phase",3.4859375216333,3.07534146058299
250669330,"YCR102C","","","dma603","Vph1_R1_Plate02",6,6,504,291,"G1 phase",1.55303085274185,0.998668101503762
250669362,"YCR102C","","","dma603","Vph1_R1_Plate02",6,6,504,325,"S/G2 phase",3.31613076754377,2.49019186024044
250669367,"YCR102C","","","dma603","Vph1_R1_Plate02",6,6,504,330,"S/G2 phase",4.01342233220928,3.13114140223962
250669426,"YCR102C","","","dma603","Vph1_R1_Plate02",6,6,504,391,"S/G2 phase",-0.697811866359777,-0.762305446222603
250672993,"YCR101C","","","dma604","Vph1_R1_Plate02",6,8,509,75,"S/G2 phase",2.74529104103004,2.25894174842445
250673164,"YCR101C","","","dma604","Vph1_R1_Plate02",6,8,509,250,"S/G2 phase",1.79509580006097,1.44356806065281
250673176,"YCR101C","","","dma604","Vph1_R1_Plate02",6,8,509,262,"MA-single",-1.04826410352327,-1.24540508254535
250673217,"YCR101C","","","dma604","Vph1_R1_Plate02",6,8,509,304,"S/G2 phase",-0.206456152398587,0.0515686674451223
250673226,"YCR101C","","","dma604","Vph1_R1_Plate02",6,8,509,313,"S/G2 phase",0.494448321928406,0.463793696119145
250673355,"YCR101C","","","dma604","Vph1_R1_Plate02",6,8,509,450,"MA-single",0.021157156274612,0.130493620283342
250673410,"YCR101C","","","dma604","Vph1_R1_Plate02",6,8,509,505,"S/G2 phase",0.021157156274612,0.122206500235328
250673432,"YCR101C","","","dma604","Vph1_R1_Plate02",6,8,509,527,"S/G2 phase",0.895481294352612,1.26535551714411
250673497,"YCR101C","","","dma604","Vph1_R1_Plate02",6,8,510,47,"S/G2 phase",0.331867387161835,0.473343615412569
250673523,"YCR101C","","","dma604","Vph1_R1_Plate02",6,8,510,74,"S/G2 phase",-0.448521099717702,-0.351343216793992
250673559,"YCR101C","","","dma604","Vph1_R1_Plate02",6,8,510,111,"S/G2 phase",2.43096790048133,2.06289216557431
250673654,"YCR101C","","","dma604","Vph1_R1_Plate02",6,8,510,212,"S/G2 phase",1.87819272227499,1.70772987780233
250673691,"YCR101C","","","dma604","Vph1_R1_Plate02",6,8,510,251,"S/G2 phase",-0.0547139466164542,-0.15805600729319
250673713,"YCR101C","","","dma604","Vph1_R1_Plate02",6,8,510,274,"G1 phase",-0.676134408390901,-0.535080507001367
250673722,"YCR101C","","","dma604","Vph1_R1_Plate02",6,8,510,283,"S/G2 phase",3.09574327819353,2.66035405855964
250673725,"YCR101C","","","dma604","Vph1_R1_Plate02",6,8,510,286,"S/G2 phase",-0.195617423414149,-0.260105971313009
250673731,"YCR101C","","","dma604","Vph1_R1_Plate02",6,8,510,292,"S/G2 phase",1.04722350013474,1.1333929959986
250673757,"YCR101C","","","dma604","Vph1_R1_Plate02",6,8,510,319,"S/G2 phase",4.03871269983964,3.49182843671028
250673759,"YCR101C","","","dma604","Vph1_R1_Plate02",6,8,510,321,"T phase",2.97651725936471,2.74882893069128
250673795,"YCR101C","","","dma604","Vph1_R1_Plate02",6,8,510,360,"T phase",2.87896869850477,2.45877972901082
250673796,"YCR101C","","","dma604","Vph1_R1_Plate02",6,8,510,361,"S/G2 phase",1.52051466578854,1.9075678583887
250673799,"YCR101C","","","dma604","Vph1_R1_Plate02",6,8,510,364,"S/G2 phase",0.216254277994496,0.325043629029554
250673836,"YCR101C","","","dma604","Vph1_R1_Plate02",6,8,510,403,"S/G2 phase",0.711222901617166,0.689755836094968
250673846,"YCR101C","","","dma604","Vph1_R1_Plate02",6,8,510,413,"S/G2 phase",1.57109540104925,1.51570546754694
250673867,"YCR101C","","","dma604","Vph1_R1_Plate02",6,8,510,434,"MA-single",-0.665295679406463,-0.818105387879225
250673891,"YCR101C","","","dma604","Vph1_R1_Plate02",6,8,510,459,"MA-single",-1.15665139336765,-1.27808001302037
250673945,"YCR101C","","","dma604","Vph1_R1_Plate02",6,8,510,515,"S/G2 phase",1.93961218652014,1.71578022299182
250673959,"YCR101C","","","dma604","Vph1_R1_Plate02",6,8,511,9,"S/G2 phase",0.888255475029654,0.657080905619945
250673996,"YCR101C","","","dma604","Vph1_R1_Plate02",6,8,511,48,"S/G2 phase",1.4049015566212,1.59336762113975
250674050,"YCR101C","","","dma604","Vph1_R1_Plate02",6,8,511,105,"S/G2 phase",2.05522529568748,1.69817995850891
250674057,"YCR101C","","","dma604","Vph1_R1_Plate02",6,8,511,112,"T phase",2.43458081014281,2.49295423358977
250674084,"YCR101C","","","dma604","Vph1_R1_Plate02",6,8,511,141,"S/G2 phase",3.54735698587845,2.98007904250727
250674114,"YCR101C","","","dma604","Vph1_R1_Plate02",6,8,511,173,"T phase",4.51200386549343,3.77335374348422
250674141,"YCR101C","","","dma604","Vph1_R1_Plate02",6,8,511,200,"S/G2 phase",1.69393432953955,1.63432967166279
250674146,"YCR101C","","","dma604","Vph1_R1_Plate02",6,8,511,205,"MA-single",-1.08078029047659,-1.22780481806243
250674176,"YCR101C","","","dma604","Vph1_R1_Plate02",6,8,511,236,"S/G2 phase",1.87096690295203,1.77584211210171
250674203,"YCR101C","","","dma604","Vph1_R1_Plate02",6,8,511,265,"T phase",2.6116133835553,2.17575484813297
250674239,"YCR101C","","","dma604","Vph1_R1_Plate02",6,8,511,301,"S/G2 phase",5.27071489440409,4.42132760628599
250674251,"YCR101C","","","dma604","Vph1_R1_Plate02",6,8,511,314,"S/G2 phase",1.93599927685866,1.50891792160285
250674255,"YCR101C","","","dma604","Vph1_R1_Plate02",6,8,511,318,"S/G2 phase",-0.173939965445272,0.0759564778721315
250674281,"YCR101C","","","dma604","Vph1_R1_Plate02",6,8,511,344,"S/G2 phase",1.40128864695972,1.1183183300065
250674286,"YCR101C","","","dma604","Vph1_R1_Plate02",6,8,511,349,"S/G2 phase",0.375222303099587,0.232543584303161
250674295,"YCR101C","","","dma604","Vph1_R1_Plate02",6,8,511,359,"T phase",3.04154963327134,2.71062925351758
250674318,"YCR101C","","","dma604","Vph1_R1_Plate02",6,8,511,382,"S/G2 phase",0.830448920445984,0.891093390785268
250674372,"YCR101C","","","dma604","Vph1_R1_Plate02",6,8,512,16,"S/G2 phase",1.39406282763676,1.28721772908029
250674389,"YCR101C","","","dma604","Vph1_R1_Plate02",6,8,512,33,"MA phase",0.725674540263084,1.14294291529203
250674402,"YCR101C","","","dma604","Vph1_R1_Plate02",6,8,512,47,"S/G2 phase",2.29367733334512,2.46982922240818
250674473,"YCR101C","","","dma604","Vph1_R1_Plate02",6,8,512,120,"S/G2 phase",1.41212737594416,1.98120483938676
250674491,"YCR101C","","","dma604","Vph1_R1_Plate02",6,8,512,138,"S/G2 phase",0.685932533986811,0.956443251735314
250674517,"YCR101C","","","dma604","Vph1_R1_Plate02",6,8,512,166,"S/G2 phase",1.12670751268729,1.3729302278626
250674528,"YCR101C","","","dma604","Vph1_R1_Plate02",6,8,512,177,"S/G2 phase",1.03999768081179,0.814930811296387
250674571,"YCR101C","","","dma604","Vph1_R1_Plate02",6,8,512,222,"S/G2 phase",1.44825647255895,1.66826740138322
250674591,"YCR101C","","","dma604","Vph1_R1_Plate02",6,8,512,242,"S/G2 phase",1.80954743870689,1.43954288805806
250674593,"YCR101C","","","dma604","Vph1_R1_Plate02",6,8,512,244,"T phase",2.00825747008825,2.06691733816907
250674731,"YCR101C","","","dma604","Vph1_R1_Plate02",6,8,512,385,"S/G2 phase",4.59148787804598,3.6795908995124
250678153,"YDL070W","BDF2","","dma653","Vph1_R1_Plate02",14,10,1285,7,"S/G2 phase",3.41006641874223,2.63572947327411
250678166,"YDL070W","BDF2","","dma653","Vph1_R1_Plate02",14,10,1285,22,"S/G2 phase",1.46270811120487,1.12384307670518
250678169,"YDL070W","BDF2","","dma653","Vph1_R1_Plate02",14,10,1285,25,"S/G2 phase",0.714835811278645,1.1796430183618
250678180,"YDL070W","BDF2","","dma653","Vph1_R1_Plate02",14,10,1285,40,"S/G2 phase",4.96000466351687,3.7871656102309
250678187,"YDL070W","BDF2","","dma653","Vph1_R1_Plate02",14,10,1285,47,"S/G2 phase",1.43741774357451,1.26535551714411
250678196,"YDL070W","BDF2","","dma653","Vph1_R1_Plate02",14,10,1285,56,"S/G2 phase",2.48154863574204,2.07646725746249
250678207,"YDL070W","BDF2","","dma653","Vph1_R1_Plate02",14,10,1285,67,"S/G2 phase",2.56103264829459,2.87124153254336
250678213,"YDL070W","BDF2","","dma653","Vph1_R1_Plate02",14,10,1285,74,"S/G2 phase",0.321028658177397,0.495205827348757
250678216,"YDL070W","BDF2","","dma653","Vph1_R1_Plate02",14,10,1285,77,"MA phase",1.65419232326327,1.75800507276027
250678221,"YDL070W","BDF2","","dma653","Vph1_R1_Plate02",14,10,1285,84,"T phase",2.91871070478104,2.90391646301838
250678224,"YDL070W","BDF2","","dma653","Vph1_R1_Plate02",14,10,1285,87,"S/G2 phase",0.956900758597761,1.09669289292883
250678230,"YDL070W","BDF2","","dma653","Vph1_R1_Plate02",14,10,1285,93,"S/G2 phase",0.985804035889596,0.850368115120747
250678285,"YDL070W","BDF2","","dma653","Vph1_R1_Plate02",14,10,1285,152,"S/G2 phase",3.70632501098354,3.30256639980423
250678292,"YDL070W","BDF2","","dma653","Vph1_R1_Plate02",14,10,1285,159,"S/G2 phase",0.176512271718224,0.436643512342797
250678294,"YDL070W","BDF2","","dma653","Vph1_R1_Plate02",14,10,1285,161,"S/G2 phase",0.693158353309769,0.94286815984714
250678311,"YDL070W","BDF2","","dma653","Vph1_R1_Plate02",14,10,1285,178,"S/G2 phase",1.44464356289747,1.40836753168696
250678313,"YDL070W","BDF2","","dma653","Vph1_R1_Plate02",14,10,1285,180,"S/G2 phase",0.0717378915353227,0.948156131687301
250678321,"YDL070W","BDF2","","dma653","Vph1_R1_Plate02",14,10,1285,188,"S/G2 phase",2.68748448644637,2.72017917281101
250678327,"YDL070W","BDF2","","dma653","Vph1_R1_Plate02",14,10,1285,194,"S/G2 phase",4.1507128993455,3.16255353346923
250678346,"YDL070W","BDF2","","dma653","Vph1_R1_Plate02",14,10,1285,213,"S/G2 phase",1.31457881508422,1.67229257397797
250678347,"YDL070W","BDF2","","dma653","Vph1_R1_Plate02",14,10,1285,214,"S/G2 phase",1.5963857686796,1.87915487536694
250678355,"YDL070W","BDF2","","dma653","Vph1_R1_Plate02",14,10,1285,222,"S/G2 phase",3.26555003228306,2.92301630160523
250678368,"YDL070W","BDF2","","dma653","Vph1_R1_Plate02",14,10,1285,235,"S/G2 phase",3.12825946514685,3.20477838323768
250678380,"YDL070W","BDF2","","dma653","Vph1_R1_Plate02",14,10,1285,247,"S/G2 phase",0.913545842660009,1.23544296001842
250678403,"YDL070W","BDF2","","dma653","Vph1_R1_Plate02",14,10,1285,270,"S/G2 phase",1.87096690295203,1.99201755792559
250678417,"YDL070W","BDF2","","dma653","Vph1_R1_Plate02",14,10,1285,284,"S/G2 phase",2.73083940238412,2.39769181551404
250678422,"YDL070W","BDF2","","dma653","Vph1_R1_Plate02",14,10,1285,289,"S/G2 phase",0.422190128698819,0.5686060334883
250678433,"YDL070W","BDF2","","dma653","Vph1_R1_Plate02",14,10,1285,300,"S/G2 phase",3.43174387671111,3.4481040128379
250678435,"YDL070W","BDF2","","dma653","Vph1_R1_Plate02",14,10,1285,302,"S/G2 phase",3.34142113517413,3.13390377558895
250678436,"YDL070W","BDF2","","dma653","Vph1_R1_Plate02",14,10,1285,303,"S/G2 phase",2.13109639857855,1.93621761626897
250678515,"YDL070W","BDF2","","dma653","Vph1_R1_Plate02",14,10,1286,16,"S/G2 phase",0.396899761068463,0.708855674681819
250678546,"YDL070W","BDF2","","dma653","Vph1_R1_Plate02",14,10,1286,48,"S/G2 phase",1.63974068461736,1.75397990016552
250678587,"YDL070W","BDF2","","dma653","Vph1_R1_Plate02",14,10,1286,89,"S/G2 phase",4.52284259447787,2.959716404675
250678591,"YDL070W","BDF2","","dma653","Vph1_R1_Plate02",14,10,1286,93,"T phase",2.68748448644637,2.87802907848745
250678609,"YDL070W","BDF2","","dma653","Vph1_R1_Plate02",14,10,1286,111,"MA-single",-1.05910283250771,-1.14887986522421
250678632,"YDL070W","BDF2","","dma653","Vph1_R1_Plate02",14,10,1286,135,"S/G2 phase",2.34787097826731,2.18127959483164
250678636,"YDL070W","BDF2","","dma653","Vph1_R1_Plate02",14,10,1286,139,"G1 phase",-0.213681971721545,0.0691689319280447
250678637,"YDL070W","BDF2","","dma653","Vph1_R1_Plate02",14,10,1286,140,"S/G2 phase",1.26038517016203,1.05446804316038
250678648,"YDL070W","BDF2","","dma653","Vph1_R1_Plate02",14,10,1286,151,"T phase",2.80671050527518,2.80589167159331
250678717,"YDL070W","BDF2","","dma653","Vph1_R1_Plate02",14,10,1286,222,"T phase",1.82761198701428,1.40284278498829
250678735,"YDL070W","BDF2","","dma653","Vph1_R1_Plate02",14,10,1286,240,"T phase",3.97006741627153,3.0984664717646
250678745,"YDL070W","BDF2","","dma653","Vph1_R1_Plate02",14,10,1286,251,"S/G2 phase",0.30296410987,0.463793696119145
250678751,"YDL070W","BDF2","","dma653","Vph1_R1_Plate02",14,10,1286,258,"T phase",1.76980543243061,1.89272996725511
250678766,"YDL070W","BDF2","","dma653","Vph1_R1_Plate02",14,10,1286,273,"S/G2 phase",3.21496929702235,2.78276666041172
250678774,"YDL070W","BDF2","","dma653","Vph1_R1_Plate02",14,10,1286,281,"S/G2 phase",3.41729223806519,2.88884179702628
250678776,"YDL070W","BDF2","","dma653","Vph1_R1_Plate02",14,10,1286,283,"S/G2 phase",-0.336520900211843,-0.107780812335245
250678783,"YDL070W","BDF2","","dma653","Vph1_R1_Plate02",14,10,1286,290,"S/G2 phase",2.02632201839565,1.7444299808721
250678784,"YDL070W","BDF2","","dma653","Vph1_R1_Plate02",14,10,1286,291,"T phase",2.50322609371092,2.80312929824398
250678808,"YDL070W","BDF2","","dma653","Vph1_R1_Plate02",14,10,1286,315,"S/G2 phase",0.255996284270769,0.232543584303161
250678821,"YDL070W","BDF2","","dma653","Vph1_R1_Plate02",14,10,1286,328,"T phase",3.9411641389797,2.97202869731777
250678823,"YDL070W","BDF2","","dma653","Vph1_R1_Plate02",14,10,1286,330,"S/G2 phase",1.58193413003369,1.63283009755886
250678842,"YDL070W","BDF2","","dma653","Vph1_R1_Plate02",14,10,1286,349,"T phase",3.26193712262158,3.06579154128957
250678853,"YDL070W","BDF2","","dma653","Vph1_R1_Plate02",14,10,1287,10,"S/G2 phase",0.805158552815629,0.643505813731772
250678859,"YDL070W","BDF2","","dma653","Vph1_R1_Plate02",14,10,1287,17,"S/G2 phase",1.14115915133321,1.35659276262509
250678878,"YDL070W","BDF2","","dma653","Vph1_R1_Plate02",14,10,1287,37,"S/G2 phase",4.06400306746999,3.35157879551676
250678879,"YDL070W","BDF2","","dma653","Vph1_R1_Plate02",14,10,1287,38,"S/G2 phase",0.602835611772786,0.523618810370515
250678939,"YDL070W","BDF2","","dma653","Vph1_R1_Plate02",14,10,1287,102,"T phase",2.49961318404944,2.3785919769272
250678969,"YDL070W","BDF2","","dma653","Vph1_R1_Plate02",14,10,1287,132,"S/G2 phase",3.68826046267614,2.97455429580859
250678977,"YDL070W","BDF2","","dma653","Vph1_R1_Plate02",14,10,1287,141,"S/G2 phase",2.55380682897163,2.95545445722174
250678989,"YDL070W","BDF2","","dma653","Vph1_R1_Plate02",14,10,1287,154,"S/G2 phase",2.90787197579661,2.35546696574559
250679011,"YDL070W","BDF2","","dma653","Vph1_R1_Plate02",14,10,1287,176,"MA-single",-0.307617622920008,-0.33500575155648
250679042,"YDL070W","BDF2","","dma653","Vph1_R1_Plate02",14,10,1287,208,"G1 phase",-0.285940164951132,-0.288755729193283
250679046,"YDL070W","BDF2","","dma653","Vph1_R1_Plate02",14,10,1287,212,"S/G2 phase",4.17600326697585,4.06316617030615
250679058,"YDL070W","BDF2","","dma653","Vph1_R1_Plate02",14,10,1287,225,"S/G2 phase",1.87096690295203,1.66274265468454
250679068,"YDL070W","BDF2","","dma653","Vph1_R1_Plate02",14,10,1287,235,"S/G2 phase",1.28928844745386,1.08714297363541
250679069,"YDL070W","BDF2","","dma653","Vph1_R1_Plate02",14,10,1287,236,"T phase",3.64490554673839,3.60066594667418
250679071,"YDL070W","BDF2","","dma653","Vph1_R1_Plate02",14,10,1287,238,"S/G2 phase",2.00464456042677,2.12950482576977
250679077,"YDL070W","BDF2","","dma653","Vph1_R1_Plate02",14,10,1287,245,"S/G2 phase",0.671480895340893,0.432618339748049
250679088,"YDL070W","BDF2","","dma653","Vph1_R1_Plate02",14,10,1287,257,"S/G2 phase",3.11742073616241,3.21006635507784
250679102,"YDL070W","BDF2","","dma653","Vph1_R1_Plate02",14,10,1287,271,"S/G2 phase",0.917158752321489,0.945630533196478
250679122,"YDL070W","BDF2","","dma653","Vph1_R1_Plate02",14,10,1287,292,"T phase",4.24826146020544,4.12599043276538
250679123,"YDL070W","BDF2","","dma653","Vph1_R1_Plate02",14,10,1287,293,"S/G2 phase",2.26477405605328,2.45475455641608
250679140,"YDL070W","BDF2","","dma653","Vph1_R1_Plate02",14,10,1287,311,"G1 phase",0.490835412266926,0.309968963037454
250679165,"YDL070W","BDF2","","dma653","Vph1_R1_Plate02",14,10,1287,337,"T phase",1.61083740732552,1.97039212084792
250679168,"YDL070W","BDF2","","dma653","Vph1_R1_Plate02",14,10,1287,340,"T phase",2.70554903475376,2.3092169433824
250679178,"YDL070W","BDF2","","dma653","Vph1_R1_Plate02",14,10,1288,4,"T phase",2.70554903475376,2.76240402257946
250679221,"YDL070W","BDF2","","dma653","Vph1_R1_Plate02",14,10,1288,49,"S/G2 phase",1.17367533828652,1.56345506401406
250679258,"YDL070W","BDF2","","dma653","Vph1_R1_Plate02",14,10,1288,86,"S/G2 phase",2.48154863574204,3.12159148294619
250679303,"YDL070W","BDF2","","dma653","Vph1_R1_Plate02",14,10,1288,131,"S/G2 phase",1.84567653532168,2.40171698810879
250679323,"YDL070W","BDF2","","dma653","Vph1_R1_Plate02",14,10,1288,151,"T phase",2.57187137727903,2.61134166284711
250679332,"YDL070W","BDF2","","dma653","Vph1_R1_Plate02",14,10,1288,160,"S/G2 phase",3.47148588298738,2.70107933422416
250679341,"YDL070W","BDF2","","dma653","Vph1_R1_Plate02",14,10,1288,169,"S/G2 phase",2.34064515894435,2.19611748596523
250679345,"YDL070W","BDF2","","dma653","Vph1_R1_Plate02",14,10,1288,173,"T phase",1.22425607354723,1.5511427713713
250679400,"YDL070W","BDF2","","dma653","Vph1_R1_Plate02",14,10,1288,230,"T phase",2.98374307868767,2.39492944216471
250679413,"YDL070W","BDF2","","dma653","Vph1_R1_Plate02",14,10,1288,245,"T phase",3.28361458059046,2.82499151018016
250679426,"YDL070W","BDF2","","dma653","Vph1_R1_Plate02",14,10,1288,258,"S/G2 phase",1.37961118899084,1.26133034454936
250679455,"YDL070W","BDF2","","dma653","Vph1_R1_Plate02",14,10,1288,287,"T phase",5.02864994708498,4.47988992129195
250679475,"YDL070W","BDF2","","dma653","Vph1_R1_Plate02",14,10,1288,307,"S/G2 phase",0.552254876512075,0.431118765644121
250682124,"YDL066W","IDP1","","dma654","Vph1_R1_Plate02",14,12,1293,15,"T phase",2.25032241740737,2.0314800343447
250682134,"YDL066W","IDP1","","dma654","Vph1_R1_Plate02",14,12,1293,27,"S/G2 phase",0.053673343227926,0.266481314023595
250682212,"YDL066W","IDP1","","dma654","Vph1_R1_Plate02",14,12,1293,108,"S/G2 phase",2.34064515894435,1.63283009755886
250682215,"YDL066W","IDP1","","dma654","Vph1_R1_Plate02",14,12,1293,111,"S/G2 phase",1.00748149385847,1.2108183747329
250682230,"YDL066W","IDP1","","dma654","Vph1_R1_Plate02",14,12,1293,126,"S/G2 phase",3.24387257431418,2.65482931186096
250682257,"YDL066W","IDP1","","dma654","Vph1_R1_Plate02",14,12,1293,154,"S/G2 phase",0.870190926722257,0.840818195827323
250682324,"YDL066W","IDP1","","dma654","Vph1_R1_Plate02",14,12,1293,224,"S/G2 phase",0.74735199823196,1.04894329646171
250682325,"YDL066W","IDP1","","dma654","Vph1_R1_Plate02",14,12,1293,225,"S/G2 phase",2.62245211253974,2.19761706006916
250682376,"YDL066W","IDP1","","dma654","Vph1_R1_Plate02",14,12,1293,276,"S/G2 phase",4.45058440124828,3.45236596029117
250682407,"YDL066W","IDP1","","dma654","Vph1_R1_Plate02",14,12,1293,308,"S/G2 phase",1.26038517016203,1.16330555312429
250682486,"YDL066W","IDP1","","dma654","Vph1_R1_Plate02",14,12,1293,388,"S/G2 phase",0.664255076017935,1.27088026384278
250682516,"YDL066W","IDP1","","dma654","Vph1_R1_Plate02",14,12,1294,28,"G1 phase",1.25315935083907,0.663868451564032
250682540,"YDL066W","IDP1","","dma654","Vph1_R1_Plate02",14,12,1294,53,"T phase",3.04154963327134,2.97329149656318
250682569,"YDL066W","IDP1","","dma654","Vph1_R1_Plate02",14,12,1294,83,"S/G2 phase",2.051612386026,1.95405465561041
250682588,"YDL066W","IDP1","","dma654","Vph1_R1_Plate02",14,12,1294,104,"S/G2 phase",1.0544493194577,0.971517917727416
250682600,"YDL066W","IDP1","","dma654","Vph1_R1_Plate02",14,12,1294,116,"S/G2 phase",1.69032141987807,1.63283009755886
250682604,"YDL066W","IDP1","","dma654","Vph1_R1_Plate02",14,12,1294,120,"S/G2 phase",2.09135439230227,1.57300498330749
250682659,"YDL066W","IDP1","","dma654","Vph1_R1_Plate02",14,12,1294,177,"S/G2 phase",3.89419631338047,3.34076607697793
250682683,"YDL066W","IDP1","","dma654","Vph1_R1_Plate02",14,12,1294,205,"S/G2 phase",0.162060633072306,0.933318240553715
250682684,"YDL066W","IDP1","","dma654","Vph1_R1_Plate02",14,12,1294,206,"S/G2 phase",1.19173988659392,0.994642928909014
250682685,"YDL066W","IDP1","","dma654","Vph1_R1_Plate02",14,12,1294,207,"T phase",6.3184586962331,4.73426504428953
250682695,"YDL066W","IDP1","","dma654","Vph1_R1_Plate02",14,12,1294,217,"S/G2 phase",2.68025866712341,2.70107933422416
250682697,"YDL066W","IDP1","","dma654","Vph1_R1_Plate02",14,12,1294,219,"S/G2 phase",1.19896570591688,1.14696808788678
250682704,"YDL066W","IDP1","","dma654","Vph1_R1_Plate02",14,12,1294,226,"S/G2 phase",4.78297209010438,3.69040361805124
250682713,"YDL066W","IDP1","","dma654","Vph1_R1_Plate02",14,12,1294,235,"S/G2 phase",2.09858021162523,1.589342448545
250682743,"YDL066W","IDP1","","dma654","Vph1_R1_Plate02",14,12,1294,267,"S/G2 phase",2.10219312128671,2.18680434153032
250682774,"YDL066W","IDP1","","dma654","Vph1_R1_Plate02",14,12,1294,299,"S/G2 phase",0.732900359586042,0.731980685863417
250682788,"YDL066W","IDP1","","dma654","Vph1_R1_Plate02",14,12,1294,313,"T phase",0.176512271718224,0.614856055851498
250682832,"YDL066W","IDP1","","dma654","Vph1_R1_Plate02",14,12,1294,360,"S/G2 phase",1.54580503341889,1.39881761239354
250682855,"YDL066W","IDP1","","dma654","Vph1_R1_Plate02",14,12,1294,383,"S/G2 phase",-0.29677889393557,-0.0751058818602216
250682876,"YDL066W","IDP1","","dma654","Vph1_R1_Plate02",14,12,1295,4,"S/G2 phase",1.88903145125943,2.09556709604934
250682942,"YDL066W","IDP1","","dma654","Vph1_R1_Plate02",14,12,1295,74,"S/G2 phase",0.180125181379703,0.240593929492658
250682947,"YDL066W","IDP1","","dma654","Vph1_R1_Plate02",14,12,1295,79,"S/G2 phase",1.23870771219315,1.15525520793479
250682983,"YDL066W","IDP1","","dma654","Vph1_R1_Plate02",14,12,1295,115,"S/G2 phase",-0.361811267842198,-0.378493400570339
250683015,"YDL066W","IDP1","","dma654","Vph1_R1_Plate02",14,12,1295,147,"G1 phase",0.183738091041182,0.11818132764058
250683037,"YDL066W","IDP1","","dma654","Vph1_R1_Plate02",14,12,1295,169,"T phase",1.05806222911918,1.76479261870436
250683038,"YDL066W","IDP1","","dma654","Vph1_R1_Plate02",14,12,1295,170,"S/G2 phase",-0.231746520028942,-0.0914433470977332
250683077,"YDL066W","IDP1","","dma654","Vph1_R1_Plate02",14,12,1295,209,"S/G2 phase",1.12670751268729,1.53480530613379
250683098,"YDL066W","IDP1","","dma654","Vph1_R1_Plate02",14,12,1295,231,"S/G2 phase",1.21703025422427,1.30608079280863
250683107,"YDL066W","IDP1","","dma654","Vph1_R1_Plate02",14,12,1295,240,"T phase",2.02632201839565,1.86005503678009
250683214,"YDL066W","IDP1","","dma654","Vph1_R1_Plate02",14,12,1295,349,"MA-single",-0.423230732087347,-0.494355231336846
250683239,"YDL066W","IDP1","","dma654","Vph1_R1_Plate02",14,12,1295,375,"T phase",3.3992276897578,3.42095382906156
250683298,"YDL066W","IDP1","","dma654","Vph1_R1_Plate02",14,12,1296,7,"T phase",0.404125580391422,0.590468245424489
250683326,"YDL066W","IDP1","","dma654","Vph1_R1_Plate02",14,12,1296,35,"T phase",2.26477405605328,2.06289216557432
250683400,"YDL066W","IDP1","","dma654","Vph1_R1_Plate02",14,12,1296,110,"S/G2 phase",0.573932334480951,0.827243103939148
250683460,"YDL066W","IDP1","","dma654","Vph1_R1_Plate02",14,12,1296,170,"S/G2 phase",0.418577219037339,0.534668303767867
250683473,"YDL066W","IDP1","","dma654","Vph1_R1_Plate02",14,12,1296,183,"S/G2 phase",0.555867786173554,0.617618429200835
250683585,"YDL066W","IDP1","","dma654","Vph1_R1_Plate02",14,12,1296,298,"T phase",1.61083740732552,1.60141796632924
250683617,"YDL066W","IDP1","","dma654","Vph1_R1_Plate02",14,12,1296,331,"S/G2 phase",1.67586978123215,1.81932976111557
250683634,"YDL066W","IDP1","","dma654","Vph1_R1_Plate02",14,12,1296,348,"S/G2 phase",0.0247700659360913,0.254169021380833
250683751,"YDL066W","IDP1","","dma654","Vph1_R1_Plate02",14,12,1296,466,"S/G2 phase",0.465545044636571,0.519593637775766
250686058,"YDL065C","PEX19","","dma655","Vph1_R1_Plate02",14,14,1301,148,"T phase",1.16644951896356,1.41641787687646
250686064,"YDL065C","PEX19","","dma655","Vph1_R1_Plate02",14,14,1301,154,"S/G2 phase",0.888255475029654,1.85879223753468
250686099,"YDL065C","PEX19","","dma655","Vph1_R1_Plate02",14,14,1301,189,"S/G2 phase",3.49316334095626,2.49421703283519
250686163,"YDL065C","PEX19","","dma655","Vph1_R1_Plate02",14,14,1301,254,"T phase",3.63767972741543,3.43729129429907
250686215,"YDL065C","PEX19","","dma655","Vph1_R1_Plate02",14,14,1301,308,"S/G2 phase",0.685932533986811,0.8081432653523
250686218,"YDL065C","PEX19","","dma655","Vph1_R1_Plate02",14,14,1301,311,"S/G2 phase",1.17006242862504,1.32391783215007
250686289,"YDL065C","PEX19","","dma655","Vph1_R1_Plate02",14,14,1301,383,"T phase",3.02348508496394,2.92151672750131
250686290,"YDL065C","PEX19","","dma655","Vph1_R1_Plate02",14,14,1301,384,"S/G2 phase",4.06039015780852,3.87966565495729
250686293,"YDL065C","PEX19","","dma655","Vph1_R1_Plate02",14,14,1301,388,"S/G2 phase",1.50606302714262,2.36099171244427
250686310,"YDL065C","PEX19","","dma655","Vph1_R1_Plate02",14,14,1301,406,"S/G2 phase",1.54580503341889,1.33749292403824
250686318,"YDL065C","PEX19","","dma655","Vph1_R1_Plate02",14,14,1301,414,"S/G2 phase",0.461932134975092,0.733243485108828
250686374,"YDL065C","PEX19","","dma655","Vph1_R1_Plate02",14,14,1302,25,"S/G2 phase",2.10219312128671,1.97844246603742
250686425,"YDL065C","PEX19","","dma655","Vph1_R1_Plate02",14,14,1302,82,"T phase",3.47509879264886,3.09167892582051
250686473,"YDL065C","PEX19","","dma655","Vph1_R1_Plate02",14,14,1302,132,"T phase",3.29445330957489,2.6807166963919
250686488,"YDL065C","PEX19","","dma655","Vph1_R1_Plate02",14,14,1302,147,"T phase",3.55096989553993,3.17060387865872
250686536,"YDL065C","PEX19","","dma655","Vph1_R1_Plate02",14,14,1302,197,"S/G2 phase",1.44464356289747,1.58784287444107
250686537,"YDL065C","PEX19","","dma655","Vph1_R1_Plate02",14,14,1302,198,"S/G2 phase",0.776255275523794,0.822981156485884
250686549,"YDL065C","PEX19","","dma655","Vph1_R1_Plate02",14,14,1302,210,"S/G2 phase",3.08851745887057,2.63296709992478
250686556,"YDL065C","PEX19","","dma655","Vph1_R1_Plate02",14,14,1302,217,"T phase",4.18322908629881,3.32719098508975
250686576,"YDL065C","PEX19","","dma655","Vph1_R1_Plate02",14,14,1302,237,"S/G2 phase",1.2820626281309,1.19195531100456
250686605,"YDL065C","PEX19","","dma655","Vph1_R1_Plate02",14,14,1302,267,"S/G2 phase",1.85290235464464,1.27364263719212
250686612,"YDL065C","PEX19","","dma655","Vph1_R1_Plate02",14,14,1302,274,"S/G2 phase",5.01058539877758,3.65796546243473
250686620,"YDL065C","PEX19","","dma655","Vph1_R1_Plate02",14,14,1302,282,"S/G2 phase",2.28283860436068,2.1621797562448
250686650,"YDL065C","PEX19","","dma655","Vph1_R1_Plate02",14,14,1302,316,"S/G2 phase",0.0572862528894054,0.235305957652499
250686670,"YDL065C","PEX19","","dma655","Vph1_R1_Plate02",14,14,1302,336,"MA-single",-0.0908430432312476,-0.130905823516843
250686704,"YDL065C","PEX19","","dma655","Vph1_R1_Plate02",14,14,1302,373,"S/G2 phase",1.61083740732552,1.59739279373449
250686705,"YDL065C","PEX19","","dma655","Vph1_R1_Plate02",14,14,1302,374,"S/G2 phase",2.11303185027115,1.53756767948313
250686728,"YDL065C","PEX19","","dma655","Vph1_R1_Plate02",14,14,1302,397,"S/G2 phase",0.772642365862315,0.88430584484118
250686759,"YDL065C","PEX19","","dma655","Vph1_R1_Plate02",14,14,1302,431,"S/G2 phase",2.46709699709613,2.29966702408897
250686777,"YDL065C","PEX19","","dma655","Vph1_R1_Plate02",14,14,1302,450,"MA phase",4.03509979017816,3.49182843671028
250686786,"YDL065C","PEX19","","dma655","Vph1_R1_Plate02",14,14,1302,460,"S/G2 phase",2.87174287918181,2.70636730606432
250686795,"YDL065C","PEX19","","dma655","Vph1_R1_Plate02",14,14,1302,469,"S/G2 phase",0.0681249818738434,0.0922939431096431
250686805,"YDL065C","PEX19","","dma655","Vph1_R1_Plate02",14,14,1303,11,"S/G2 phase",2.10219312128671,1.89272996725512
250686815,"YDL065C","PEX19","","dma655","Vph1_R1_Plate02",14,14,1303,23,"S/G2 phase",0.620900160080183,0.584943498725812
250686821,"YDL065C","PEX19","","dma655","Vph1_R1_Plate02",14,14,1303,31,"S/G2 phase",5.17677924320563,3.95709103369159
250686918,"YDL065C","PEX19","","dma655","Vph1_R1_Plate02",14,14,1303,137,"S/G2 phase",1.43741774357451,1.48050493858109
250686990,"YDL065C","PEX19","","dma655","Vph1_R1_Plate02",14,14,1303,214,"S/G2 phase",0.718448720940125,0.919743148665542
250687011,"YDL065C","PEX19","","dma655","Vph1_R1_Plate02",14,14,1303,236,"S/G2 phase",0.675093805002373,0.840818195827322
250687013,"YDL065C","PEX19","","dma655","Vph1_R1_Plate02",14,14,1303,239,"G1 phase",1.37599827932936,1.34025529738758
250687048,"YDL065C","PEX19","","dma655","Vph1_R1_Plate02",14,14,1303,276,"MA phase",0.942449119951844,1.05044287056564
250687059,"YDL065C","PEX19","","dma655","Vph1_R1_Plate02",14,14,1303,287,"S/G2 phase",3.24748548397566,2.43439191858382
250687067,"YDL065C","PEX19","","dma655","Vph1_R1_Plate02",14,14,1303,295,"MA-single",-0.401553274118471,-0.261605545416936
250687105,"YDL065C","PEX19","","dma655","Vph1_R1_Plate02",14,14,1303,335,"T phase",2.6296779318627,2.60857928949776
250687115,"YDL065C","PEX19","","dma655","Vph1_R1_Plate02",14,14,1303,345,"S/G2 phase",4.04955142882408,3.57477856214325
250687131,"YDL065C","PEX19","","dma655","Vph1_R1_Plate02",14,14,1303,361,"T phase",5.46581201612398,4.01841572204688
250687139,"YDL065C","PEX19","","dma655","Vph1_R1_Plate02",14,14,1303,369,"S/G2 phase",0.920771661982968,0.870730752953007
250687160,"YDL065C","PEX19","","dma655","Vph1_R1_Plate02",14,14,1303,390,"S/G2 phase",2.29367733334512,2.332341954564
250687171,"YDL065C","PEX19","","dma655","Vph1_R1_Plate02",14,14,1303,401,"S/G2 phase",1.41935319526712,1.80022992252872
250687174,"YDL065C","PEX19","","dma655","Vph1_R1_Plate02",14,14,1303,404,"G1 phase",0.595609792449827,0.357718559504577
250687215,"YDL065C","PEX19","","dma655","Vph1_R1_Plate02",14,14,1303,447,"S/G2 phase",0.357157754792191,0.231044010199234
250687231,"YDL065C","PEX19","","dma655","Vph1_R1_Plate02",14,14,1303,463,"S/G2 phase",2.55741973863311,1.71301784964249
250687254,"YDL065C","PEX19","","dma655","Vph1_R1_Plate02",14,14,1303,487,"S/G2 phase",0.620900160080183,0.673418370857457
250687307,"YDL065C","PEX19","","dma655","Vph1_R1_Plate02",14,14,1304,19,"S/G2 phase",-0.0474881272934955,0.0719313052773822
250687312,"YDL065C","PEX19","","dma655","Vph1_R1_Plate02",14,14,1304,24,"S/G2 phase",1.56025667206481,1.80022992252872
250687317,"YDL065C","PEX19","","dma655","Vph1_R1_Plate02",14,14,1304,29,"S/G2 phase",1.20257861557836,1.75650549865635
250687327,"YDL065C","PEX19","","dma655","Vph1_R1_Plate02",14,14,1304,41,"S/G2 phase",4.18684199596029,3.13792894818371
250687340,"YDL065C","PEX19","","dma655","Vph1_R1_Plate02",14,14,1304,55,"MA-single",-0.343746719534802,-0.562230690777715
250687469,"YDL065C","PEX19","","dma655","Vph1_R1_Plate02",14,14,1304,192,"S/G2 phase",2.051612386026,1.80149272177413
250687556,"YDL065C","PEX19","","dma655","Vph1_R1_Plate02",14,14,1304,282,"S/G2 phase",0.400512670729943,0.407993754462523
250687573,"YDL065C","PEX19","","dma655","Vph1_R1_Plate02",14,14,1304,299,"S/G2 phase",1.1953527962554,1.23418016077301
250687580,"YDL065C","PEX19","","dma655","Vph1_R1_Plate02",14,14,1304,306,"T phase",3.51845370858661,2.86571678584469
250687614,"YDL065C","PEX19","","dma655","Vph1_R1_Plate02",14,14,1304,342,"S/G2 phase",0.971352397243679,0.877518298897094
250687626,"YDL065C","PEX19","","dma655","Vph1_R1_Plate02",14,14,1304,354,"MA phase",0.436641767344736,0.828505903184559
250687660,"YDL065C","PEX19","","dma655","Vph1_R1_Plate02",14,14,1304,390,"S/G2 phase",2.21780623045405,2.33636712715875
250687669,"YDL065C","PEX19","","dma655","Vph1_R1_Plate02",14,14,1304,399,"S/G2 phase",1.04722350013474,1.01224319339194
250687671,"YDL065C","PEX19","","dma655","Vph1_R1_Plate02",14,14,1304,401,"G1 phase",-0.293165984274091,-0.47375581864607
250687700,"YDL065C","PEX19","","dma655","Vph1_R1_Plate02",14,14,1304,432,"S/G2 phase",3.86168012642715,3.24952883149695
250687709,"YDL065C","PEX19","","dma655","Vph1_R1_Plate02",14,14,1304,441,"S/G2 phase",0.367996483776629,0.621643601795585
250687745,"YDL065C","PEX19","","dma655","Vph1_R1_Plate02",14,14,1304,478,"MA-single",0.223480097317455,0.131756419528753
250687758,"YDL065C","PEX19","","dma655","Vph1_R1_Plate02",14,14,1304,493,"S/G2 phase",1.67225687157067,2.21521732455208
250687784,"YDL065C","PEX19","","dma655","Vph1_R1_Plate02",14,14,1304,520,"S/G2 phase",-0.0980688625542063,0.124968873584666
250690579,"YDL062W","","","dma656","Vph1_R1_Plate02",14,16,1309,13,"S/G2 phase",3.35225986415856,2.23431716313893
250690589,"YDL062W","","","dma656","Vph1_R1_Plate02",14,16,1309,23,"S/G2 phase",0.830448920445984,0.598518590613986
250690634,"YDL062W","","","dma656","Vph1_R1_Plate02",14,16,1309,68,"S/G2 phase",1.70116014886251,1.37016785451326
250690713,"YDL062W","","","dma656","Vph1_R1_Plate02",14,16,1309,148,"S/G2 phase",0.25238337460929,0.567106459384374
250690717,"YDL062W","","","dma656","Vph1_R1_Plate02",14,16,1309,152,"S/G2 phase",3.01264635597951,2.87526670513811
250690721,"YDL062W","","","dma656","Vph1_R1_Plate02",14,16,1309,156,"S/G2 phase",0.873803836383736,1.18516776506048
250690743,"YDL062W","","","dma656","Vph1_R1_Plate02",14,16,1309,178,"S/G2 phase",2.18167713383926,1.60694271302792
250690851,"YDL062W","","","dma656","Vph1_R1_Plate02",14,16,1309,287,"MA phase",2.58632301592494,2.52010441736612
250690860,"YDL062W","","","dma656","Vph1_R1_Plate02",14,16,1309,296,"S/G2 phase",0.617287250418703,0.745555777751591
250690877,"YDL062W","","","dma656","Vph1_R1_Plate02",14,16,1309,313,"S/G2 phase",1.60361158800256,1.55390514472064
250690887,"YDL062W","","","dma656","Vph1_R1_Plate02",14,16,1309,323,"T phase",3.43174387671111,3.36365431330102
250690915,"YDL062W","","","dma656","Vph1_R1_Plate02",14,16,1310,6,"S/G2 phase",1.52412757545002,1.19598048359931
250690936,"YDL062W","","","dma656","Vph1_R1_Plate02",14,16,1310,27,"MA-single",-0.0908430432312476,-0.223405868243237
250690972,"YDL062W","","","dma656","Vph1_R1_Plate02",14,16,1310,64,"T phase",1.56025667206481,1.55793031731539
250691019,"YDL062W","","","dma656","Vph1_R1_Plate02",14,16,1310,112,"S/G2 phase",1.87457981261351,2.53241671000888
250691024,"YDL062W","","","dma656","Vph1_R1_Plate02",14,16,1310,118,"MA-single",-1.25781286388907,-1.37610480444544
250691034,"YDL062W","","","dma656","Vph1_R1_Plate02",14,16,1310,128,"T phase",1.28928844745386,1.27214306308819
250691063,"YDL062W","","","dma656","Vph1_R1_Plate02",14,16,1310,157,"S/G2 phase",-0.293165984274091,-0.285993355843945
250691083,"YDL062W","","","dma656","Vph1_R1_Plate02",14,16,1310,178,"MA-single",-0.437682370733264,-0.420718250338787
250691104,"YDL062W","","","dma656","Vph1_R1_Plate02",14,16,1310,199,"MA-single",-0.809812065865636,-0.943280363080641
250691125,"YDL062W","","","dma656","Vph1_R1_Plate02",14,16,1310,220,"S/G2 phase",0.570319424819472,0.548243395656041
250691128,"YDL062W","","","dma656","Vph1_R1_Plate02",14,16,1310,223,"S/G2 phase",2.39122589420506,2.15136703770596
250691140,"YDL062W","","","dma656","Vph1_R1_Plate02",14,16,1310,235,"S/G2 phase",0.823223101123026,0.821718357240472
250691154,"YDL062W","","","dma656","Vph1_R1_Plate02",14,16,1310,250,"T phase",2.1744513145163,2.42760437263973
250691180,"YDL062W","","","dma656","Vph1_R1_Plate02",14,16,1310,276,"G1 phase",-0.567747118546521,-0.601693167196825
250691181,"YDL062W","","","dma656","Vph1_R1_Plate02",14,16,1310,277,"MA-single",-0.192004513752669,-0.0874181745029839
250691210,"YDL062W","","","dma656","Vph1_R1_Plate02",14,16,1311,2,"S/G2 phase",0.877416746045216,0.775468334877275
250691218,"YDL062W","","","dma656","Vph1_R1_Plate02",14,16,1311,10,"T phase",1.95045091550458,1.97441729344267
250691299,"YDL062W","","","dma656","Vph1_R1_Plate02",14,16,1311,94,"S/G2 phase",2.34787097826731,2.25341700172578
250691336,"YDL062W","","","dma656","Vph1_R1_Plate02",14,16,1311,131,"S/G2 phase",0.844900559091902,0.916980775316204
250691342,"YDL062W","","","dma656","Vph1_R1_Plate02",14,16,1311,137,"S/G2 phase",1.23870771219315,1.14696808788678
250691360,"YDL062W","","","dma656","Vph1_R1_Plate02",14,16,1311,156,"S/G2 phase",-0.318456351904446,-0.190730937768214
250691367,"YDL062W","","","dma656","Vph1_R1_Plate02",14,16,1311,163,"T phase",2.20696750146961,2.06691733816906
250691381,"YDL062W","","","dma656","Vph1_R1_Plate02",14,16,1311,177,"T phase",3.20774347769939,2.98686658845135
250691385,"YDL062W","","","dma656","Vph1_R1_Plate02",14,16,1311,181,"S/G2 phase",0.812384372138588,1.25051762601052
250691395,"YDL062W","","","dma656","Vph1_R1_Plate02",14,16,1311,191,"S/G2 phase",1.30735299576126,1.83693002559849
250691428,"YDL062W","","","dma656","Vph1_R1_Plate02",14,16,1311,224,"T phase",1.86374108362908,1.57024260995815
250691439,"YDL062W","","","dma656","Vph1_R1_Plate02",14,16,1311,235,"S/G2 phase",0.0139313369516533,0.0731941045227941
250691443,"YDL062W","","","dma656","Vph1_R1_Plate02",14,16,1311,239,"S/G2 phase",1.69032141987807,1.32794300474481
250691458,"YDL062W","","","dma656","Vph1_R1_Plate02",14,16,1311,254,"S/G2 phase",0.25238337460929,0.303181417093367
250691476,"YDL062W","","","dma656","Vph1_R1_Plate02",14,16,1311,273,"T phase",1.40128864695972,1.13741816859335
250691500,"YDL062W","","","dma656","Vph1_R1_Plate02",14,16,1312,3,"G1 phase",-0.105294681877165,-0.174393472530702
250691537,"YDL062W","","","dma656","Vph1_R1_Plate02",14,16,1312,40,"S/G2 phase",0.588383973126869,0.348168640211153
250691563,"YDL062W","","","dma656","Vph1_R1_Plate02",14,16,1312,68,"MA phase",2.77058140866039,2.26422972026462
250691590,"YDL062W","","","dma656","Vph1_R1_Plate02",14,16,1312,96,"T phase",3.03793672360986,2.69429178828007
250691645,"YDL062W","","","dma656","Vph1_R1_Plate02",14,16,1312,151,"T phase",3.44258260569555,3.21156592918176
250691657,"YDL062W","","","dma656","Vph1_R1_Plate02",14,16,1312,163,"S/G2 phase",1.39767573729824,1.30758036691255
250691671,"YDL062W","","","dma656","Vph1_R1_Plate02",14,16,1312,177,"S/G2 phase",3.25109839363714,2.98410421510202
250691722,"YDL062W","","","dma656","Vph1_R1_Plate02",14,16,1312,230,"S/G2 phase",1.57832122037221,1.64640518944703
250691732,"YDL062W","","","dma656","Vph1_R1_Plate02",14,16,1312,240,"S/G2 phase",2.49961318404944,2.00306705132294
250691749,"YDL062W","","","dma656","Vph1_R1_Plate02",14,16,1312,258,"S/G2 phase",2.52129064201832,2.11190456128685
250691797,"YDL062W","","","dma656","Vph1_R1_Plate02",14,16,1312,306,"S/G2 phase",0.118705717134554,0.246118676191334
250691805,"YDL062W","","","dma656","Vph1_R1_Plate02",14,16,1312,315,"G1 phase",-0.35097253885776,-0.430268169632211
250691810,"YDL062W","","","dma656","Vph1_R1_Plate02",14,16,1312,320,"S/G2 phase",1.64696650394032,1.31989265955532
250694404,"YDL061C","RPS29B","","dma657","Vph1_R1_Plate02",14,18,1317,39,"S/G2 phase",2.36954843623618,1.70899267704774
250694405,"YDL061C","RPS29B","","dma657","Vph1_R1_Plate02",14,18,1317,40,"S/G2 phase",1.75896670344618,1.64916756279637
250694416,"YDL061C","RPS29B","","dma657","Vph1_R1_Plate02",14,18,1317,51,"S/G2 phase",3.37755023178892,2.71339162686692
250694501,"YDL061C","RPS29B","","dma657","Vph1_R1_Plate02",14,18,1317,142,"S/G2 phase",3.39561478009632,3.14471649412779
250694502,"YDL061C","RPS29B","","dma657","Vph1_R1_Plate02",14,18,1317,143,"T phase",2.38038716522062,2.16896730218888
250694545,"YDL061C","RPS29B","","dma657","Vph1_R1_Plate02",14,18,1317,187,"S/G2 phase",2.21058041113109,1.87915487536694
250694549,"YDL061C","RPS29B","","dma657","Vph1_R1_Plate02",14,18,1317,191,"MA phase",1.27483680880794,1.57300498330749
250694568,"YDL061C","RPS29B","","dma657","Vph1_R1_Plate02",14,18,1317,212,"S/G2 phase",-0.369037087165157,-0.483305737939495
250694626,"YDL061C","RPS29B","","dma657","Vph1_R1_Plate02",14,18,1318,59,"S/G2 phase",-0.307617622920008,-0.0778682552095591
250694701,"YDL061C","RPS29B","","dma657","Vph1_R1_Plate02",14,18,1318,136,"S/G2 phase",1.81677325802984,1.82335493371032
250694720,"YDL061C","RPS29B","","dma657","Vph1_R1_Plate02",14,18,1318,156,"T phase",2.68025866712341,2.68474186898665
250694773,"YDL061C","RPS29B","","dma657","Vph1_R1_Plate02",14,18,1318,210,"S/G2 phase",3.05238836225578,2.29011710479555
250694782,"YDL061C","RPS29B","","dma657","Vph1_R1_Plate02",14,18,1318,219,"S/G2 phase",0.862965107399298,1.11303035816634
250694788,"YDL061C","RPS29B","","dma657","Vph1_R1_Plate02",14,18,1318,225,"T phase",1.76980543243061,1.80149272177413
250694838,"YDL061C","RPS29B","","dma657","Vph1_R1_Plate02",14,18,1319,19,"S/G2 phase",1.62167613630996,1.38374294640144
250694853,"YDL061C","RPS29B","","dma657","Vph1_R1_Plate02",14,18,1319,36,"S/G2 phase",0.815997281800067,0.648793785571932
250694926,"YDL061C","RPS29B","","dma657","Vph1_R1_Plate02",14,18,1319,110,"S/G2 phase",3.0487754525943,3.14747886747713
250694955,"YDL061C","RPS29B","","dma657","Vph1_R1_Plate02",14,18,1319,140,"S/G2 phase",1.90348308990535,2.26825489285936
250695001,"YDL061C","RPS29B","","dma657","Vph1_R1_Plate02",14,18,1319,186,"S/G2 phase",3.21135638736087,2.19761706006915
250695039,"YDL061C","RPS29B","","dma657","Vph1_R1_Plate02",14,18,1319,225,"G1 phase",0.0934153495041988,-0.107780812335245
250695046,"YDL061C","RPS29B","","dma657","Vph1_R1_Plate02",14,18,1319,232,"S/G2 phase",2.04799947636452,2.07094251076381
250695047,"YDL061C","RPS29B","","dma657","Vph1_R1_Plate02",14,18,1320,2,"G1 phase",-0.318456351904446,-0.460180726757897
250695061,"YDL061C","RPS29B","","dma657","Vph1_R1_Plate02",14,18,1320,16,"T phase",1.69393432953955,1.90504225989788
250695062,"YDL061C","RPS29B","","dma657","Vph1_R1_Plate02",14,18,1320,17,"MA-single",-0.546069660577645,-0.762305446222603
250695077,"YDL061C","RPS29B","","dma657","Vph1_R1_Plate02",14,18,1320,32,"S/G2 phase",3.51122788926366,2.77321674111829
250695087,"YDL061C","RPS29B","","dma657","Vph1_R1_Plate02",14,18,1320,43,"S/G2 phase",3.23303384532975,3.36389108815952
250695116,"YDL061C","RPS29B","","dma657","Vph1_R1_Plate02",14,18,1320,73,"T phase",3.63045390809247,2.64125421997279
250695119,"YDL061C","RPS29B","","dma657","Vph1_R1_Plate02",14,18,1320,76,"S/G2 phase",2.36954843623618,2.16091695699938
250695127,"YDL061C","RPS29B","","dma657","Vph1_R1_Plate02",14,18,1320,85,"S/G2 phase",0.559480695835034,0.76591841558385
250695149,"YDL061C","RPS29B","","dma657","Vph1_R1_Plate02",14,18,1320,108,"T phase",4.70348807755184,3.6946655655045
250695153,"YDL061C","RPS29B","","dma657","Vph1_R1_Plate02",14,18,1320,112,"S/G2 phase",2.051612386026,2.40447936145813
250697963,"YDL059C","RAD59","","dma658","Vph1_R1_Plate02",14,20,1325,26,"G1 phase",-0.817037885188595,-0.864355410242421
250698012,"YDL059C","RAD59","","dma658","Vph1_R1_Plate02",14,20,1325,77,"S/G2 phase",-0.466585648025099,-0.669805401496209
250698028,"YDL059C","RAD59","","dma658","Vph1_R1_Plate02",14,20,1325,96,"S/G2 phase",1.04722350013474,1.0094808200426
250698086,"YDL059C","RAD59","","dma658","Vph1_R1_Plate02",14,20,1325,154,"S/G2 phase",0.270447922916687,0.141306338822178
250698181,"YDL059C","RAD59","","dma658","Vph1_R1_Plate02",14,20,1325,252,"S/G2 phase",1.08335259674954,1.14823088713219
250698323,"YDL059C","RAD59","","dma658","Vph1_R1_Plate02",14,20,1325,397,"S/G2 phase",3.99897069356337,3.12711622964487
250698341,"YDL059C","RAD59","","dma658","Vph1_R1_Plate02",14,20,1325,415,"S/G2 phase",0.104254078488637,0.447456230881633
250698363,"YDL059C","RAD59","","dma658","Vph1_R1_Plate02",14,20,1325,437,"S/G2 phase",0.765416546539356,0.590468245424489
250698375,"YDL059C","RAD59","","dma658","Vph1_R1_Plate02",14,20,1325,449,"S/G2 phase",0.696771262971249,1.31436791285664
250698377,"YDL059C","RAD59","","dma658","Vph1_R1_Plate02",14,20,1325,451,"S/G2 phase",-0.488263105993975,-0.55268077148429
250698406,"YDL059C","RAD59","","dma658","Vph1_R1_Plate02",14,20,1325,480,"MA-single",0.433028857683257,0.334593548322978
250698438,"YDL059C","RAD59","","dma658","Vph1_R1_Plate02",14,20,1325,512,"S/G2 phase",0.505287050912844,0.548243395656041
250698460,"YDL059C","RAD59","","dma658","Vph1_R1_Plate02",14,20,1326,7,"MA-single",-0.571360028208,-0.716055423859406
250698477,"YDL059C","RAD59","","dma658","Vph1_R1_Plate02",14,20,1326,26,"S/G2 phase",2.40929044251246,2.57866673237208
250698495,"YDL059C","RAD59","","dma658","Vph1_R1_Plate02",14,20,1326,44,"T phase",1.97212837347346,1.86557978347877
250698501,"YDL059C","RAD59","","dma658","Vph1_R1_Plate02",14,20,1326,51,"S/G2 phase",0.14038317510343,0.35495618615524
250698526,"YDL059C","RAD59","","dma658","Vph1_R1_Plate02",14,20,1326,77,"MA-single",-0.697811866359777,-0.604455540546163
250698539,"YDL059C","RAD59","","dma658","Vph1_R1_Plate02",14,20,1326,90,"S/G2 phase",0.407738490052902,0.903405683428031
250698560,"YDL059C","RAD59","","dma658","Vph1_R1_Plate02",14,20,1326,111,"S/G2 phase",0.891868384691133,1.34704284333166
250698564,"YDL059C","RAD59","","dma658","Vph1_R1_Plate02",14,20,1326,115,"T phase",2.54658100964867,2.1621797562448
250698600,"YDL059C","RAD59","","dma658","Vph1_R1_Plate02",14,20,1326,152,"S/G2 phase",1.79509580006097,1.76881779129911
250698609,"YDL059C","RAD59","","dma658","Vph1_R1_Plate02",14,20,1326,161,"T phase",4.90942392825616,3.94627831515275
250698668,"YDL059C","RAD59","","dma658","Vph1_R1_Plate02",14,20,1326,220,"S/G2 phase",2.44903244878873,2.07244208486774
250698682,"YDL059C","RAD59","","dma658","Vph1_R1_Plate02",14,20,1326,234,"S/G2 phase",1.04722350013474,1.00269327409851
250698702,"YDL059C","RAD59","","dma658","Vph1_R1_Plate02",14,20,1326,254,"T phase",2.8572912405359,3.01954151892638
250698709,"YDL059C","RAD59","","dma658","Vph1_R1_Plate02",14,20,1326,261,"G1 phase",-0.361811267842198,-0.446605634869723
250698730,"YDL059C","RAD59","","dma658","Vph1_R1_Plate02",14,20,1326,282,"S/G2 phase",0.349931935469232,0.403968581867774
250698763,"YDL059C","RAD59","","dma658","Vph1_R1_Plate02",14,20,1326,316,"G1 phase",-0.78813460789676,-0.811317841935138
250698861,"YDL059C","RAD59","","dma658","Vph1_R1_Plate02",14,20,1326,416,"S/G2 phase",-0.311230532581487,0.195843481233389
250698865,"YDL059C","RAD59","","dma658","Vph1_R1_Plate02",14,20,1326,420,"S/G2 phase",1.48438556917375,1.28169298238162
250698894,"YDL059C","RAD59","","dma658","Vph1_R1_Plate02",14,20,1326,450,"S/G2 phase",1.01470731318143,0.972780716972825
250698898,"YDL059C","RAD59","","dma658","Vph1_R1_Plate02",14,20,1326,454,"S/G2 phase",1.59277285901813,1.28445535573096
250698903,"YDL059C","RAD59","","dma658","Vph1_R1_Plate02",14,20,1326,459,"MA phase",1.46270811120487,1.45864272664491
250698906,"YDL059C","RAD59","","dma658","Vph1_R1_Plate02",14,20,1326,462,"S/G2 phase",-0.163101236460834,0.393155863328939
250698914,"YDL059C","RAD59","","dma658","Vph1_R1_Plate02",14,20,1327,2,"S/G2 phase",2.06245111501044,1.92137972513539
250698921,"YDL059C","RAD59","","dma658","Vph1_R1_Plate02",14,20,1327,10,"S/G2 phase",2.42735499081985,1.82611730705966
250698943,"YDL059C","RAD59","","dma658","Vph1_R1_Plate02",14,20,1327,34,"S/G2 phase",0.649803437372017,0.936080613903054
250698993,"YDL059C","RAD59","","dma658","Vph1_R1_Plate02",14,20,1327,84,"S/G2 phase",2.32258061063695,2.42886717188514
250699034,"YDL059C","RAD59","","dma658","Vph1_R1_Plate02",14,20,1327,125,"S/G2 phase",2.06606402467192,1.70749310294381
250699039,"YDL059C","RAD59","","dma658","Vph1_R1_Plate02",14,20,1327,130,"S/G2 phase",1.33625627305309,1.09669289292883
250699041,"YDL059C","RAD59","","dma658","Vph1_R1_Plate02",14,20,1327,132,"T phase",1.46270811120487,1.54435522542721
250699094,"YDL059C","RAD59","","dma658","Vph1_R1_Plate02",14,20,1327,189,"S/G2 phase",1.25677226050055,1.48176773782651
250699113,"YDL059C","RAD59","","dma658","Vph1_R1_Plate02",14,20,1327,208,"T phase",2.3659355265747,2.02066731580587
250699148,"YDL059C","RAD59","","dma658","Vph1_R1_Plate02",14,20,1327,244,"S/G2 phase",-0.123359230184562,-0.13769336946093
250699153,"YDL059C","RAD59","","dma658","Vph1_R1_Plate02",14,20,1327,249,"S/G2 phase",2.29006442368364,1.79344237658464
250699159,"YDL059C","RAD59","","dma658","Vph1_R1_Plate02",14,20,1327,255,"S/G2 phase",2.64774248017009,2.38814189622062
250699163,"YDL059C","RAD59","","dma658","Vph1_R1_Plate02",14,20,1327,259,"S/G2 phase",1.56748249138777,2.0151425691072
250699171,"YDL059C","RAD59","","dma658","Vph1_R1_Plate02",14,20,1327,268,"S/G2 phase",-0.199230333075628,0.0827440238162183
250699175,"YDL059C","RAD59","","dma658","Vph1_R1_Plate02",14,20,1327,273,"S/G2 phase",2.99819471733359,2.4261047985358
250699176,"YDL059C","RAD59","","dma658","Vph1_R1_Plate02",14,20,1327,274,"T phase",1.72283760683138,1.57979252925157
250699212,"YDL059C","RAD59","","dma658","Vph1_R1_Plate02",14,20,1327,312,"S/G2 phase",2.16361258553186,1.50639232311203
250699267,"YDL059C","RAD59","","dma658","Vph1_R1_Plate02",14,20,1327,372,"MA-single",-0.35458544851924,-0.446605634869723
250699316,"YDL059C","RAD59","","dma658","Vph1_R1_Plate02",14,20,1327,423,"S/G2 phase",1.59999867834108,1.9226425243808
250699408,"YDL059C","RAD59","","dma658","Vph1_R1_Plate02",14,20,1327,517,"S/G2 phase",0.111479897811595,0.398443835169098
250699421,"YDL059C","RAD59","","dma658","Vph1_R1_Plate02",14,20,1328,9,"T phase",3.5040020699407,3.67280335356832
250699428,"YDL059C","RAD59","","dma658","Vph1_R1_Plate02",14,20,1328,16,"T phase",2.11664475993263,1.71451742374642
250699432,"YDL059C","RAD59","","dma658","Vph1_R1_Plate02",14,20,1328,20,"MA-single",-0.835102433495992,-0.920155351899043
250699440,"YDL059C","RAD59","","dma658","Vph1_R1_Plate02",14,20,1328,28,"G1 phase",-0.697811866359777,-0.771855365516027
250699469,"YDL059C","RAD59","","dma658","Vph1_R1_Plate02",14,20,1328,58,"T phase",1.86735399329056,1.79470517583004
250699470,"YDL059C","RAD59","","dma658","Vph1_R1_Plate02",14,20,1328,59,"S/G2 phase",2.68025866712341,2.45199218306674
250699473,"YDL059C","RAD59","","dma658","Vph1_R1_Plate02",14,20,1328,62,"S/G2 phase",-0.0511010369549749,0.0460439207464463
250699478,"YDL059C","RAD59","","dma658","Vph1_R1_Plate02",14,20,1328,67,"T phase",3.94838995830266,2.85766644065519
250699502,"YDL059C","RAD59","","dma658","Vph1_R1_Plate02",14,20,1328,92,"S/G2 phase",2.28283860436068,2.23029199054418
250699526,"YDL059C","RAD59","","dma658","Vph1_R1_Plate02",14,20,1328,117,"MA-single",-0.235359429690421,-0.147243288754355
250699628,"YDL059C","RAD59","","dma658","Vph1_R1_Plate02",14,20,1328,222,"S/G2 phase",1.22786898320871,1.34704284333166
250699655,"YDL059C","RAD59","","dma658","Vph1_R1_Plate02",14,20,1328,250,"S/G2 phase",0.136770265441951,0.233806383548572
250699733,"YDL059C","RAD59","","dma658","Vph1_R1_Plate02",14,20,1328,330,"S/G2 phase",2.81754923425962,2.83051625687884
250699742,"YDL059C","RAD59","","dma658","Vph1_R1_Plate02",14,20,1328,339,"T phase",1.72645051649286,1.83693002559849
250699804,"YDL059C","RAD59","","dma658","Vph1_R1_Plate02",14,20,1328,401,"S/G2 phase",-0.213681971721545,-0.00573084831542588
250699826,"YDL059C","RAD59","","dma658","Vph1_R1_Plate02",14,20,1328,423,"S/G2 phase",1.54219212375741,1.46819264593833
250699833,"YDL059C","RAD59","","dma658","Vph1_R1_Plate02",14,20,1328,430,"S/G2 phase",2.18529004350074,1.45588035329557
250699844,"YDL059C","RAD59","","dma658","Vph1_R1_Plate02",14,20,1328,443,"S/G2 phase",0.884642565368175,0.801355719408212
250699846,"YDL059C","RAD59","","dma658","Vph1_R1_Plate02",14,20,1328,445,"S/G2 phase",0.46915795429805,0.423068420454624
250699865,"YDL059C","RAD59","","dma658","Vph1_R1_Plate02",14,20,1328,467,"S/G2 phase",1.75174088412322,1.33749292403824
250699885,"YDL059C","RAD59","","dma658","Vph1_R1_Plate02",14,20,1328,487,"S/G2 phase",3.94838995830266,2.91749155490656
250699899,"YDL059C","RAD59","","dma658","Vph1_R1_Plate02",14,20,1328,502,"S/G2 phase",2.33341933962139,2.34867941980151
250699918,"YDL059C","RAD59","","dma658","Vph1_R1_Plate02",14,20,1328,523,"MA-single",-0.524392202608769,-0.480543364590158
250699928,"YDL059C","RAD59","","dma658","Vph1_R1_Plate02",14,20,1328,533,"T phase",1.62167613630996,1.66274265468454
250703677,"YDL056W","MBP1","","dma659","Vph1_R1_Plate02",14,22,1333,20,"T phase",3.18245311006904,2.87124153254336
250703686,"YDL056W","MBP1","","dma659","Vph1_R1_Plate02",14,22,1333,29,"S/G2 phase",2.15277385654742,1.69139241256482
250703695,"YDL056W","MBP1","","dma659","Vph1_R1_Plate02",14,22,1333,38,"S/G2 phase",3.67742173369171,3.15300361417581
250703738,"YDL056W","MBP1","","dma659","Vph1_R1_Plate02",14,22,1333,84,"S/G2 phase",2.29367733334512,1.90227988654854
250703761,"YDL056W","MBP1","","dma659","Vph1_R1_Plate02",14,22,1333,108,"S/G2 phase",3.18245311006904,2.83856660206834
250703766,"YDL056W","MBP1","","dma659","Vph1_R1_Plate02",14,22,1333,113,"S/G2 phase",2.52851646134127,2.30242939743831
250703829,"YDL056W","MBP1","","dma659","Vph1_R1_Plate02",14,22,1333,177,"T phase",6.43768471506192,4.27705279249773
250703892,"YDL056W","MBP1","","dma659","Vph1_R1_Plate02",14,22,1333,242,"S/G2 phase",3.51484079892513,3.58709085478601
250703917,"YDL056W","MBP1","","dma659","Vph1_R1_Plate02",14,22,1334,17,"T phase",4.02064815153224,2.57740393312667
250704040,"YDL056W","MBP1","","dma659","Vph1_R1_Plate02",14,22,1334,149,"S/G2 phase",2.13832221790151,2.62215438138594
250704065,"YDL056W","MBP1","","dma659","Vph1_R1_Plate02",14,22,1334,175,"S/G2 phase",4.02064815153224,3.08489137987642
250704066,"YDL056W","MBP1","","dma659","Vph1_R1_Plate02",14,22,1334,176,"G1 phase",-0.119746320523082,-0.189468138522803
250704098,"YDL056W","MBP1","","dma659","Vph1_R1_Plate02",14,22,1334,211,"S/G2 phase",1.87096690295203,2.06139259147039
250704130,"YDL056W","MBP1","","dma659","Vph1_R1_Plate02",14,22,1334,246,"T phase",3.54735698587845,3.63334087714921
250704188,"YDL056W","MBP1","","dma659","Vph1_R1_Plate02",14,22,1335,53,"T phase",4.08929343510035,3.80074070211907
250704196,"YDL056W","MBP1","","dma659","Vph1_R1_Plate02",14,22,1335,61,"S/G2 phase",1.51690175612706,1.2640927178987
250704208,"YDL056W","MBP1","","dma659","Vph1_R1_Plate02",14,22,1335,73,"S/G2 phase",3.07406582022466,2.03021723509929
250704251,"YDL056W","MBP1","","dma659","Vph1_R1_Plate02",14,22,1335,117,"S/G2 phase",3.8363897587968,3.06050356944941
250704300,"YDL056W","MBP1","","dma659","Vph1_R1_Plate02",14,22,1335,169,"S/G2 phase",1.65780523292475,1.3116055395073
250704325,"YDL056W","MBP1","","dma659","Vph1_R1_Plate02",14,22,1335,194,"S/G2 phase",6.0402646522992,3.64691596903738
250704357,"YDL056W","MBP1","","dma659","Vph1_R1_Plate02",14,22,1335,228,"S/G2 phase",3.36671150280448,2.99641650774478
250704447,"YDL056W","MBP1","","dma659","Vph1_R1_Plate02",14,22,1336,68,"S/G2 phase",0.41496430937586,1.19321811024997
250704451,"YDL056W","MBP1","","dma659","Vph1_R1_Plate02",14,22,1336,72,"S/G2 phase",0.982191126228117,1.56748023660881
250704466,"YDL056W","MBP1","","dma659","Vph1_R1_Plate02",14,22,1336,88,"T phase",5.47665074510842,4.19536546631017
250704486,"YDL056W","MBP1","","dma659","Vph1_R1_Plate02",14,22,1336,109,"S/G2 phase",0.703997082294207,0.963230797679402
250704488,"YDL056W","MBP1","","dma659","Vph1_R1_Plate02",14,22,1336,111,"T phase",3.85806721676567,2.86721635994861
250704499,"YDL056W","MBP1","","dma659","Vph1_R1_Plate02",14,22,1336,122,"MA-single",-0.831489523834513,-0.804530295991051
250704509,"YDL056W","MBP1","","dma659","Vph1_R1_Plate02",14,22,1336,133,"T phase",2.76696849899891,2.40850453405288
250704510,"YDL056W","MBP1","","dma659","Vph1_R1_Plate02",14,22,1336,134,"S/G2 phase",2.7163877637382,2.73249146545377
250704532,"YDL056W","MBP1","","dma659","Vph1_R1_Plate02",14,22,1336,158,"S/G2 phase",2.39122589420506,1.78941720398989
250774150,"YCR034W","ELO2","","dma556","Vph1_R1_Plate02",13,7,1178,307,"G1 phase",-0.177552875106752,-0.21661832229915
250774295,"YCR034W","ELO2","","dma556","Vph1_R1_Plate02",13,7,1178,458,"S/G2 phase",3.50761497960218,2.89839171631971
250774518,"YCR034W","ELO2","","dma556","Vph1_R1_Plate02",13,7,1179,78,"T phase",2.7344523120456,2.07244208486774
250775056,"YCR034W","ELO2","","dma556","Vph1_R1_Plate02",13,7,1180,43,"S/G2 phase",0.241544645624852,0.470581242063231
250775158,"YCR034W","ELO2","","dma556","Vph1_R1_Plate02",13,7,1180,145,"S/G2 phase",3.70993792064502,2.98962896180069
250775310,"YCR034W","ELO2","","dma556","Vph1_R1_Plate02",13,7,1180,298,"S/G2 phase",-0.452134009379182,-0.209830776355063
250847739,"YDL038C","","","dma625","Vph1_R1_Plate02",10,2,869,6,"S/G2 phase",1.41935319526712,2.5731419856734
250847746,"YDL038C","","","dma625","Vph1_R1_Plate02",10,2,869,13,"T phase",2.68748448644637,2.73777943729393
250847785,"YDL038C","","","dma625","Vph1_R1_Plate02",10,2,869,54,"S/G2 phase",2.57187137727903,2.39895461475946
250847810,"YDL038C","","","dma625","Vph1_R1_Plate02",10,2,869,79,"S/G2 phase",1.46632102086635,1.53480530613379
250847905,"YDL038C","","","dma625","Vph1_R1_Plate02",10,2,869,178,"MA phase",2.27199987537624,2.40171698810879
250847906,"YDL038C","","","dma625","Vph1_R1_Plate02",10,2,869,179,"T phase",2.63329084152418,2.12547965317502
250847910,"YDL038C","","","dma625","Vph1_R1_Plate02",10,2,869,183,"S/G2 phase",-0.0655526756008922,0.210681372366973
250847944,"YDL038C","","","dma625","Vph1_R1_Plate02",10,2,869,217,"S/G2 phase",1.75174088412322,1.83693002559849
250847954,"YDL038C","","","dma625","Vph1_R1_Plate02",10,2,869,227,"S/G2 phase",-0.246198158674859,-0.130905823516843
250847955,"YDL038C","","","dma625","Vph1_R1_Plate02",10,2,869,228,"T phase",1.98658001211937,2.42357920004498
250847962,"YDL038C","","","dma625","Vph1_R1_Plate02",10,2,869,235,"S/G2 phase",3.50038916027922,2.9828414158566
250847973,"YDL038C","","","dma625","Vph1_R1_Plate02",10,2,869,246,"G1 phase",-0.307617622920008,-0.0942057204470706
250848040,"YDL038C","","","dma625","Vph1_R1_Plate02",10,2,869,314,"MA phase",1.614450316987,1.85326749083601
250848076,"YDL038C","","","dma625","Vph1_R1_Plate02",10,2,869,350,"S/G2 phase",4.09290634476183,3.40059119122931
250848105,"YDL038C","","","dma625","Vph1_R1_Plate02",10,2,869,379,"G1 phase",-0.455746919040661,-0.437055715576298
250848113,"YDL038C","","","dma625","Vph1_R1_Plate02",10,2,869,387,"S/G2 phase",4.01703524187076,2.95016648538158
250848117,"YDL038C","","","dma625","Vph1_R1_Plate02",10,2,869,391,"MA-single",-0.560521299223562,-0.441080888171048
250848118,"YDL038C","","","dma625","Vph1_R1_Plate02",10,2,869,392,"S/G2 phase",-0.502714744639893,-0.343056096745978
250848134,"YDL038C","","","dma625","Vph1_R1_Plate02",10,2,869,409,"S/G2 phase",1.48077265951227,1.16733072571904
250848180,"YDL038C","","","dma625","Vph1_R1_Plate02",10,2,869,456,"S/G2 phase",1.99380583144233,2.3949294421647
250848325,"YDL038C","","","dma625","Vph1_R1_Plate02",10,2,870,130,"S/G2 phase",0.570319424819472,0.748318151100928
250848357,"YDL038C","","","dma625","Vph1_R1_Plate02",10,2,870,162,"S/G2 phase",1.0544493194577,1.54033005283246
250848403,"YDL038C","","","dma625","Vph1_R1_Plate02",10,2,870,209,"S/G2 phase",1.18812697693244,1.14696808788678
250848408,"YDL038C","","","dma625","Vph1_R1_Plate02",10,2,870,214,"T phase",1.54219212375741,1.48176773782651
250848427,"YDL038C","","","dma625","Vph1_R1_Plate02",10,2,870,234,"S/G2 phase",0.371609393438108,0.486918707300743
250848440,"YDL038C","","","dma625","Vph1_R1_Plate02",10,2,870,247,"G1 phase",-0.831489523834513,-0.98148004025434
250848464,"YDL038C","","","dma625","Vph1_R1_Plate02",10,2,870,271,"S/G2 phase",0.505287050912844,0.899380510833282
250848476,"YDL038C","","","dma625","Vph1_R1_Plate02",10,2,870,284,"T phase",3.48955043129478,2.8971289170743
250848558,"YDL038C","","","dma625","Vph1_R1_Plate02",10,2,870,366,"MA phase",1.29651426677682,1.42873016951922
250848732,"YDL038C","","","dma625","Vph1_R1_Plate02",10,2,871,91,"S/G2 phase",1.03277186148883,1.0951933188249
250848803,"YDL038C","","","dma625","Vph1_R1_Plate02",10,2,871,162,"S/G2 phase",0.599222702111307,0.345406266861815
250848858,"YDL038C","","","dma625","Vph1_R1_Plate02",10,2,871,218,"S/G2 phase",1.34709500203753,1.75674227351486
250848880,"YDL038C","","","dma625","Vph1_R1_Plate02",10,2,871,240,"S/G2 phase",3.44258260569555,2.83856660206834
250848893,"YDL038C","","","dma625","Vph1_R1_Plate02",10,2,871,253,"S/G2 phase",5.13342432726788,4.32456561410634
250848905,"YDL038C","","","dma625","Vph1_R1_Plate02",10,2,871,265,"S/G2 phase",0.902707113675571,1.20829277624207
250848907,"YDL038C","","","dma625","Vph1_R1_Plate02",10,2,871,267,"S/G2 phase",0.664255076017935,0.722430766569992
250848969,"YDL038C","","","dma625","Vph1_R1_Plate02",10,2,871,329,"S/G2 phase",0.866578017060778,1.00419284820244
250848981,"YDL038C","","","dma625","Vph1_R1_Plate02",10,2,871,341,"S/G2 phase",0.03199588525905,-0.17715584588004
250848998,"YDL038C","","","dma625","Vph1_R1_Plate02",10,2,871,358,"S/G2 phase",1.15199788031765,0.842080995072733
250849005,"YDL038C","","","dma625","Vph1_R1_Plate02",10,2,871,366,"S/G2 phase",-0.397940364456992,-0.404380785101275
250849045,"YDL038C","","","dma625","Vph1_R1_Plate02",10,2,871,407,"S/G2 phase",2.98735598834915,2.30771736927847
250849052,"YDL038C","","","dma625","Vph1_R1_Plate02",10,2,871,414,"S/G2 phase",1.06167513878066,0.932055441308305
250849113,"YDL038C","","","dma625","Vph1_R1_Plate02",10,2,872,28,"G1 phase",-0.524392202608769,-0.614005459839588
250849157,"YDL038C","","","dma625","Vph1_R1_Plate02",10,2,872,74,"S/G2 phase",1.60361158800256,1.11026798481701
250849231,"YDL038C","","","dma625","Vph1_R1_Plate02",10,2,872,150,"T phase",3.61600226944656,2.87124153254336
250849256,"YDL038C","","","dma625","Vph1_R1_Plate02",10,2,872,175,"S/G2 phase",0.245157555286331,0.422831645596109
250849262,"YDL038C","","","dma625","Vph1_R1_Plate02",10,2,872,181,"S/G2 phase",0.241544645624852,0.452980977580308
250849286,"YDL038C","","","dma625","Vph1_R1_Plate02",10,2,872,207,"S/G2 phase",-0.0366493983090575,0.412018927057272
250849289,"YDL038C","","","dma625","Vph1_R1_Plate02",10,2,872,210,"T phase",3.33058240618969,2.03700478104338
250849297,"YDL038C","","","dma625","Vph1_R1_Plate02",10,2,872,218,"S/G2 phase",0.917158752321489,0.979568262916912
250849303,"YDL038C","","","dma625","Vph1_R1_Plate02",10,2,872,224,"S/G2 phase",1.07973968708806,1.54987997212589
250849348,"YDL038C","","","dma625","Vph1_R1_Plate02",10,2,872,269,"S/G2 phase",2.12748348891707,1.94174236296765
250849362,"YDL038C","","","dma625","Vph1_R1_Plate02",10,2,872,284,"T phase",5.80181261464156,3.76530339829471
250849374,"YDL038C","","","dma625","Vph1_R1_Plate02",10,2,872,296,"S/G2 phase",1.65780523292475,1.46543027258899
250849454,"YDL038C","","","dma625","Vph1_R1_Plate02",10,2,872,377,"MA-single",-1.008522097247,-1.16648012970713
250849473,"YDL038C","","","dma625","Vph1_R1_Plate02",10,2,872,396,"S/G2 phase",1.12309460302581,1.4191802502258
250849499,"YDL038C","","","dma625","Vph1_R1_Plate02",10,2,872,422,"S/G2 phase",2.33341933962139,1.83693002559849
250849501,"YDL038C","","","dma625","Vph1_R1_Plate02",10,2,872,424,"MA phase",1.01470731318143,1.10474323811833
250849504,"YDL038C","","","dma625","Vph1_R1_Plate02",10,2,872,427,"S/G2 phase",0.104254078488637,0.0229189095648479
250849505,"YDL038C","","","dma625","Vph1_R1_Plate02",10,2,872,428,"S/G2 phase",1.91793472855127,2.02066731580587
250849506,"YDL038C","","","dma625","Vph1_R1_Plate02",10,2,872,429,"S/G2 phase",1.20619152523984,0.881543471491843
250849517,"YDL038C","","","dma625","Vph1_R1_Plate02",10,2,872,442,"S/G2 phase",0.591996882788348,0.775468334877277
250849522,"YDL038C","","","dma625","Vph1_R1_Plate02",10,2,872,447,"T phase",0.0789637108582814,0.175244068542612
250852719,"YDL037C","BSC1","","dma626","Vph1_R1_Plate02",10,4,877,17,"S/G2 phase",1.177288247948,1.16606792647363
250852749,"YDL037C","BSC1","","dma626","Vph1_R1_Plate02",10,4,877,48,"S/G2 phase",2.98374307868767,2.97605386991252
250852764,"YDL037C","BSC1","","dma626","Vph1_R1_Plate02",10,4,877,63,"S/G2 phase",1.46270811120487,1.41641787687646
250852852,"YDL037C","BSC1","","dma626","Vph1_R1_Plate02",10,4,877,154,"S/G2 phase",0.364383574115149,0.64753098632652
250852865,"YDL037C","BSC1","","dma626","Vph1_R1_Plate02",10,4,877,168,"S/G2 phase",1.78425707107653,1.59060524779041
250852870,"YDL037C","BSC1","","dma626","Vph1_R1_Plate02",10,4,877,173,"S/G2 phase",0.270447922916687,0.712880847276567
250852973,"YDL037C","BSC1","","dma626","Vph1_R1_Plate02",10,4,877,278,"S/G2 phase",1.9649025541505,2.03021723509929
250852983,"YDL037C","BSC1","","dma626","Vph1_R1_Plate02",10,4,877,288,"S/G2 phase",0.064512072212364,0.776731134122687
250853016,"YDL037C","BSC1","","dma626","Vph1_R1_Plate02",10,4,877,321,"S/G2 phase",0.769029456200836,1.14294291529203
250853039,"YDL037C","BSC1","","dma626","Vph1_R1_Plate02",10,4,877,344,"S/G2 phase",1.10864296437989,1.04089295127221
250853062,"YDL037C","BSC1","","dma626","Vph1_R1_Plate02",10,4,877,367,"S/G2 phase",1.17006242862504,1.19321811024997
250853075,"YDL037C","BSC1","","dma626","Vph1_R1_Plate02",10,4,877,381,"MA-single",-0.499101834978413,-0.679355320789634
250853103,"YDL037C","BSC1","","dma626","Vph1_R1_Plate02",10,4,877,410,"S/G2 phase",-0.0113590306787021,0.338618720917728
250853178,"YDL037C","BSC1","","dma626","Vph1_R1_Plate02",10,4,878,70,"G1 phase",-0.0366493983090575,0.00934381767667377
250853180,"YDL037C","BSC1","","dma626","Vph1_R1_Plate02",10,4,878,72,"S/G2 phase",0.512512870235802,0.636718267787685
250853191,"YDL037C","BSC1","","dma626","Vph1_R1_Plate02",10,4,878,84,"S/G2 phase",-0.126972139846041,0.278556831807842
250853221,"YDL037C","BSC1","","dma626","Vph1_R1_Plate02",10,4,878,114,"S/G2 phase",0.870190926722257,1.43678051470872
250853328,"YDL037C","BSC1","","dma626","Vph1_R1_Plate02",10,4,878,222,"MA-single",-1.01213500690848,-1.13932994593078
250853385,"YDL037C","BSC1","","dma626","Vph1_R1_Plate02",10,4,878,280,"S/G2 phase",0.888255475029654,1.27766780978687
250853536,"YDL037C","BSC1","","dma626","Vph1_R1_Plate02",10,4,879,13,"S/G2 phase",3.58348608249324,2.81946676348149
250853552,"YDL037C","BSC1","","dma626","Vph1_R1_Plate02",10,4,879,34,"S/G2 phase",1.03999768081179,0.971517917727416
250853560,"YDL037C","BSC1","","dma626","Vph1_R1_Plate02",10,4,879,43,"S/G2 phase",2.90425906613513,2.67945389714649
250853668,"YDL037C","BSC1","","dma626","Vph1_R1_Plate02",10,4,879,160,"G1 phase",-0.0366493983090575,0.246118676191334
250853677,"YDL037C","BSC1","","dma626","Vph1_R1_Plate02",10,4,879,169,"G1 phase",-0.40516618377995,-0.204306029656388
250853690,"YDL037C","BSC1","","dma626","Vph1_R1_Plate02",10,4,879,183,"S/G2 phase",1.89625727058239,1.56345506401406
250853719,"YDL037C","BSC1","","dma626","Vph1_R1_Plate02",10,4,879,214,"S/G2 phase",1.14115915133321,1.10876841071308
250853721,"YDL037C","BSC1","","dma626","Vph1_R1_Plate02",10,4,879,216,"S/G2 phase",1.76257961310765,1.5209934393871
250853736,"YDL037C","BSC1","","dma626","Vph1_R1_Plate02",10,4,879,231,"G1 phase",0.451093405990654,0.262456141428845
250853744,"YDL037C","BSC1","","dma626","Vph1_R1_Plate02",10,4,879,239,"S/G2 phase",2.91148488545808,2.2941422773903
250853755,"YDL037C","BSC1","","dma626","Vph1_R1_Plate02",10,4,879,251,"S/G2 phase",-0.621940763468711,-0.518743041763856
250853763,"YDL037C","BSC1","","dma626","Vph1_R1_Plate02",10,4,879,259,"S/G2 phase",0.834061830107464,0.707356100577891
250853768,"YDL037C","BSC1","","dma626","Vph1_R1_Plate02",10,4,879,264,"S/G2 phase",2.26477405605328,1.85200469159059
250853770,"YDL037C","BSC1","","dma626","Vph1_R1_Plate02",10,4,879,266,"S/G2 phase",1.89264436092091,1.80299229587806
250853778,"YDL037C","BSC1","","dma626","Vph1_R1_Plate02",10,4,879,274,"S/G2 phase",2.15999967587038,1.61649263232135
250853783,"YDL037C","BSC1","","dma626","Vph1_R1_Plate02",10,4,879,279,"S/G2 phase",0.649803437372017,1.20553040289274
250853801,"YDL037C","BSC1","","dma626","Vph1_R1_Plate02",10,4,879,297,"S/G2 phase",3.03432381394838,2.17299247478363
250853807,"YDL037C","BSC1","","dma626","Vph1_R1_Plate02",10,4,879,303,"MA-single",-0.473811467348058,-0.281968183249196
250853813,"YDL037C","BSC1","","dma626","Vph1_R1_Plate02",10,4,879,309,"S/G2 phase",4.12180962205366,3.25505357819562
250853820,"YDL037C","BSC1","","dma626","Vph1_R1_Plate02",10,4,879,317,"S/G2 phase",1.56386958172629,1.21231794883682
250853831,"YDL037C","BSC1","","dma626","Vph1_R1_Plate02",10,4,879,328,"S/G2 phase",3.47871170231034,2.74606655734194
250853849,"YDL037C","BSC1","","dma626","Vph1_R1_Plate02",10,4,879,347,"S/G2 phase",1.69754723920103,1.73764243492801
250853885,"YDL037C","BSC1","","dma626","Vph1_R1_Plate02",10,4,879,384,"MA phase",1.69393432953955,1.85326749083601
250853914,"YDL037C","BSC1","","dma626","Vph1_R1_Plate02",10,4,880,24,"T phase",2.05883820534896,1.75674227351486
250853923,"YDL037C","BSC1","","dma626","Vph1_R1_Plate02",10,4,880,35,"S/G2 phase",0.349931935469232,0.546743821552114
250853926,"YDL037C","BSC1","","dma626","Vph1_R1_Plate02",10,4,880,38,"S/G2 phase",0.834061830107464,1.06804313504856
250853937,"YDL037C","BSC1","","dma626","Vph1_R1_Plate02",10,4,880,49,"S/G2 phase",0.714835811278645,0.891093390785268
250853939,"YDL037C","BSC1","","dma626","Vph1_R1_Plate02",10,4,880,51,"S/G2 phase",0.819610191461546,0.789043426765449
250853971,"YDL037C","BSC1","","dma626","Vph1_R1_Plate02",10,4,880,83,"MA phase",4.07484179645443,3.38701609934112
250853976,"YDL037C","BSC1","","dma626","Vph1_R1_Plate02",10,4,880,88,"S/G2 phase",2.54296809998719,2.07094251076381
250853983,"YDL037C","BSC1","","dma626","Vph1_R1_Plate02",10,4,880,95,"S/G2 phase",1.09419132573398,1.05170566981105
250854001,"YDL037C","BSC1","","dma626","Vph1_R1_Plate02",10,4,880,113,"S/G2 phase",1.00386858419699,1.15249283458545
250854004,"YDL037C","BSC1","","dma626","Vph1_R1_Plate02",10,4,880,116,"S/G2 phase",0.606448521434265,0.736005858458167
250854027,"YDL037C","BSC1","","dma626","Vph1_R1_Plate02",10,4,880,139,"T phase",2.22864495943849,2.24386708243235
250854053,"YDL037C","BSC1","","dma626","Vph1_R1_Plate02",10,4,880,167,"S/G2 phase",0.989416945551075,0.782255880821362
250854082,"YDL037C","BSC1","","dma626","Vph1_R1_Plate02",10,4,880,197,"S/G2 phase",0.479996683282488,0.775468334877277
250854090,"YDL037C","BSC1","","dma626","Vph1_R1_Plate02",10,4,880,205,"S/G2 phase",1.60722449766404,2.12824202652436
250854129,"YDL037C","BSC1","","dma626","Vph1_R1_Plate02",10,4,880,244,"S/G2 phase",2.28283860436068,1.54561802467263
250854135,"YDL037C","BSC1","","dma626","Vph1_R1_Plate02",10,4,880,250,"S/G2 phase",3.73884119793685,2.73375426469918
250854164,"YDL037C","BSC1","","dma626","Vph1_R1_Plate02",10,4,880,280,"S/G2 phase",2.44541953912725,2.20566740525865
250854178,"YDL037C","BSC1","","dma626","Vph1_R1_Plate02",10,4,880,294,"S/G2 phase",0.41496430937586,0.831268276533897
250854199,"YDL037C","BSC1","","dma626","Vph1_R1_Plate02",10,4,880,319,"S/G2 phase",1.41574028560564,1.32115545880073
250854209,"YDL037C","BSC1","","dma626","Vph1_R1_Plate02",10,4,880,330,"S/G2 phase",1.1592236996406,0.808143265352298
250854241,"YDL037C","BSC1","","dma626","Vph1_R1_Plate02",10,4,880,364,"S/G2 phase",0.339093206484794,1.02179311268536
250854242,"YDL037C","BSC1","","dma626","Vph1_R1_Plate02",10,4,880,366,"S/G2 phase",1.81316034836836,1.5662174373634
250854254,"YDL037C","BSC1","","dma626","Vph1_R1_Plate02",10,4,880,378,"MA phase",1.58193413003369,1.58381770184632
250854257,"YDL037C","BSC1","","dma626","Vph1_R1_Plate02",10,4,880,381,"T phase",1.95045091550458,1.9377171903729
250854265,"YDL037C","BSC1","","dma626","Vph1_R1_Plate02",10,4,880,389,"S/G2 phase",2.28645151402216,2.17046687629281
250857725,"YDL036C","PUS9","","dma627","Vph1_R1_Plate02",10,6,885,42,"T phase",3.30167912889785,2.55554172119048
250857741,"YDL036C","PUS9","","dma627","Vph1_R1_Plate02",10,6,885,59,"S/G2 phase",1.3181917247457,1.57024260995815
250857774,"YDL036C","PUS9","","dma627","Vph1_R1_Plate02",10,6,885,92,"S/G2 phase",1.90348308990535,1.59336762113975
250857781,"YDL036C","PUS9","","dma627","Vph1_R1_Plate02",10,6,885,99,"MA-single",-0.914586446048537,-1.07398008498073
250857790,"YDL036C","PUS9","","dma627","Vph1_R1_Plate02",10,6,885,109,"S/G2 phase",0.331867387161835,0.633955894438347
250857795,"YDL036C","PUS9","","dma627","Vph1_R1_Plate02",10,6,885,114,"S/G2 phase",1.68309560055511,1.68460486662073
250857802,"YDL036C","PUS9","","dma627","Vph1_R1_Plate02",10,6,885,121,"S/G2 phase",0.729287449924563,1.02179311268536
250857815,"YDL036C","PUS9","","dma627","Vph1_R1_Plate02",10,6,885,134,"T phase",2.2611611463918,2.40850453405288
250857828,"YDL036C","PUS9","","dma627","Vph1_R1_Plate02",10,6,885,148,"S/G2 phase",1.01109440351995,1.97039212084792
250857835,"YDL036C","PUS9","","dma627","Vph1_R1_Plate02",10,6,885,156,"S/G2 phase",0.848513468753381,0.70609330133248
250857842,"YDL036C","PUS9","","dma627","Vph1_R1_Plate02",10,6,885,163,"T phase",6.11613575519026,4.32330281486093
250857872,"YDL036C","PUS9","","dma627","Vph1_R1_Plate02",10,6,885,193,"S/G2 phase",3.82193812015088,2.89712891707429
250857874,"YDL036C","PUS9","","dma627","Vph1_R1_Plate02",10,6,885,195,"S/G2 phase",1.22064316388575,1.63835484425753
250857876,"YDL036C","PUS9","","dma627","Vph1_R1_Plate02",10,6,885,197,"G1 phase",-1.16387721269061,-1.34745504656517
250857900,"YDL036C","PUS9","","dma627","Vph1_R1_Plate02",10,6,885,222,"S/G2 phase",0.429415948021778,0.866705580358259
250857910,"YDL036C","PUS9","","dma627","Vph1_R1_Plate02",10,6,885,232,"T phase",2.44903244878873,2.54196662930231
250857935,"YDL036C","PUS9","","dma627","Vph1_R1_Plate02",10,6,885,257,"S/G2 phase",0.508899960574323,0.772705961527938
250857999,"YDL036C","PUS9","","dma627","Vph1_R1_Plate02",10,6,885,321,"S/G2 phase",1.70477305852398,1.17561784576705
250858026,"YDL036C","PUS9","","dma627","Vph1_R1_Plate02",10,6,886,25,"S/G2 phase",2.02632201839565,1.52399258759495
250858036,"YDL036C","PUS9","","dma627","Vph1_R1_Plate02",10,6,886,38,"S/G2 phase",1.99019292178085,2.49697940618452
250858073,"YDL036C","PUS9","","dma627","Vph1_R1_Plate02",10,6,886,77,"S/G2 phase",0.862965107399298,1.12936782340385
250858076,"YDL036C","PUS9","","dma627","Vph1_R1_Plate02",10,6,886,81,"S/G2 phase",1.37961118899084,1.26811789049344
250858082,"YDL036C","PUS9","","dma627","Vph1_R1_Plate02",10,6,886,87,"S/G2 phase",0.162060633072306,0.391656289225011
250858155,"YDL036C","PUS9","","dma627","Vph1_R1_Plate02",10,6,886,162,"S/G2 phase",4.05316433848556,2.79634175229989
250858167,"YDL036C","PUS9","","dma627","Vph1_R1_Plate02",10,6,886,174,"T phase",2.45264535845021,2.1159297338816
250858200,"YDL036C","PUS9","","dma627","Vph1_R1_Plate02",10,6,886,208,"S/G2 phase",3.10296909751649,2.82222913683083
250858221,"YDL036C","PUS9","","dma627","Vph1_R1_Plate02",10,6,886,229,"S/G2 phase",0.758190727216398,0.861180833659582
250858246,"YDL036C","PUS9","","dma627","Vph1_R1_Plate02",10,6,886,254,"S/G2 phase",2.52851646134127,2.12697922727895
250858261,"YDL036C","PUS9","","dma627","Vph1_R1_Plate02",10,6,886,269,"S/G2 phase",1.78425707107653,1.83014247965441
250858322,"YDL036C","PUS9","","dma627","Vph1_R1_Plate02",10,6,886,333,"MA-single",-0.181165784768231,-0.147243288754355
250858334,"YDL036C","PUS9","","dma627","Vph1_R1_Plate02",10,6,886,346,"S/G2 phase",2.23225786909997,1.89549234060445
250858361,"YDL036C","PUS9","","dma627","Vph1_R1_Plate02",10,6,886,374,"T phase",2.5935488352479,2.77597911446763
250858367,"YDL036C","PUS9","","dma627","Vph1_R1_Plate02",10,6,887,4,"S/G2 phase",0.429415948021778,0.637981067033096
250858368,"YDL036C","PUS9","","dma627","Vph1_R1_Plate02",10,6,887,5,"S/G2 phase",0.516125779897282,0.305943790442705
250858391,"YDL036C","PUS9","","dma627","Vph1_R1_Plate02",10,6,887,29,"S/G2 phase",0.498061231589885,1.58381770184632
250858461,"YDL036C","PUS9","","dma627","Vph1_R1_Plate02",10,6,887,102,"S/G2 phase",1.02915895182735,0.640743440382435
250858462,"YDL036C","PUS9","","dma627","Vph1_R1_Plate02",10,6,887,103,"G1 phase",-0.416004912764388,-0.452130381568399
250858498,"YDL036C","PUS9","","dma627","Vph1_R1_Plate02",10,6,887,141,"T phase",2.92232361444252,3.37344100745295
250858502,"YDL036C","PUS9","","dma627","Vph1_R1_Plate02",10,6,887,145,"S/G2 phase",4.40000366598757,3.38425372599179
250858521,"YDL036C","PUS9","","dma627","Vph1_R1_Plate02",10,6,887,165,"G1 phase",0.0681249818738434,-0.05876841662271
250858560,"YDL036C","PUS9","","dma627","Vph1_R1_Plate02",10,6,887,205,"S/G2 phase",1.45548229188191,1.42044304947121
250858563,"YDL036C","PUS9","","dma627","Vph1_R1_Plate02",10,6,887,208,"G1 phase",-0.0185848500016608,-0.0532436699240346
250858569,"YDL036C","PUS9","","dma627","Vph1_R1_Plate02",10,6,887,214,"S/G2 phase",3.24025966465271,2.47385439500292
250858587,"YDL036C","PUS9","","dma627","Vph1_R1_Plate02",10,6,887,232,"S/G2 phase",3.28000167092898,2.55680452043589
250858641,"YDL036C","PUS9","","dma627","Vph1_R1_Plate02",10,6,887,291,"MA phase",2.90787197579661,2.63170430067936
250858653,"YDL036C","PUS9","","dma627","Vph1_R1_Plate02",10,6,887,304,"S/G2 phase",0.353544845130711,0.334593548322978
250858665,"YDL036C","PUS9","","dma627","Vph1_R1_Plate02",10,6,887,317,"S/G2 phase",0.657029256694976,0.791805800114788
250858670,"YDL036C","PUS9","","dma627","Vph1_R1_Plate02",10,6,887,322,"S/G2 phase",2.2972902430066,2.47661676835226
250858677,"YDL036C","PUS9","","dma627","Vph1_R1_Plate02",10,6,887,329,"S/G2 phase",2.41651626183542,1.78389245729121
250858683,"YDL036C","PUS9","","dma627","Vph1_R1_Plate02",10,6,887,335,"S/G2 phase",0.537803237866158,0.748318151100928
250858684,"YDL036C","PUS9","","dma627","Vph1_R1_Plate02",10,6,887,336,"S/G2 phase",0.595609792449827,0.584943498725812
250858705,"YDL036C","PUS9","","dma627","Vph1_R1_Plate02",10,6,888,8,"S/G2 phase",2.55019391931015,2.25341700172578
250858707,"YDL036C","PUS9","","dma627","Vph1_R1_Plate02",10,6,888,11,"S/G2 phase",1.67586978123215,1.71980539558658
250858708,"YDL036C","PUS9","","dma627","Vph1_R1_Plate02",10,6,888,12,"S/G2 phase",3.56180862452437,3.07810383393234
250858764,"YDL036C","PUS9","","dma627","Vph1_R1_Plate02",10,6,888,70,"S/G2 phase",1.55664376240333,1.35106801592641
250858765,"YDL036C","PUS9","","dma627","Vph1_R1_Plate02",10,6,888,71,"S/G2 phase",1.22786898320871,1.70899267704774
250858847,"YDL036C","PUS9","","dma627","Vph1_R1_Plate02",10,6,888,155,"S/G2 phase",3.3992276897578,2.86169161324994
250858880,"YDL036C","PUS9","","dma627","Vph1_R1_Plate02",10,6,888,188,"G1 phase",-0.827876614173033,-0.939255190485893
250858905,"YDL036C","PUS9","","dma627","Vph1_R1_Plate02",10,6,888,213,"S/G2 phase",-0.141423778491958,0.465293270223072
250858938,"YDL036C","PUS9","","dma627","Vph1_R1_Plate02",10,6,888,248,"T phase",2.0696769343334,2.08325480340658
250858948,"YDL036C","PUS9","","dma627","Vph1_R1_Plate02",10,6,888,258,"MA-single",0.646190527710538,0.538693476362615
250860830,"YDL035C","GPR1","","dma628","Vph1_R1_Plate02",10,8,893,26,"T phase",3.41729223806519,2.99239133515003
250860862,"YDL035C","GPR1","","dma628","Vph1_R1_Plate02",10,8,893,58,"S/G2 phase",1.79148289039949,1.47498019188242
250860884,"YDL035C","GPR1","","dma628","Vph1_R1_Plate02",10,8,893,82,"S/G2 phase",3.76774447522869,3.61021586596761
250860929,"YDL035C","GPR1","","dma628","Vph1_R1_Plate02",10,8,893,130,"T phase",1.98658001211937,1.68460486662073
250860982,"YDL035C","GPR1","","dma628","Vph1_R1_Plate02",10,8,893,184,"T phase",5.14426305625232,3.70397870993942
250861030,"YDL035C","GPR1","","dma628","Vph1_R1_Plate02",10,8,893,234,"S/G2 phase",2.60077465457086,2.37859197692719
250861053,"YDL035C","GPR1","","dma628","Vph1_R1_Plate02",10,8,894,19,"S/G2 phase",0.718448720940125,0.910193229372117
250861106,"YDL035C","GPR1","","dma628","Vph1_R1_Plate02",10,8,894,72,"S/G2 phase",3.07406582022466,3.31487869244699
250861143,"YDL035C","GPR1","","dma628","Vph1_R1_Plate02",10,8,894,111,"S/G2 phase",-0.170327055783793,0.198369079724211
250861165,"YDL035C","GPR1","","dma628","Vph1_R1_Plate02",10,8,894,134,"S/G2 phase",0.440254677006216,0.814930811296385
250861278,"YDL035C","GPR1","","dma628","Vph1_R1_Plate02",10,8,894,248,"T phase",2.48516154540352,2.9134663823118
250861282,"YDL035C","GPR1","","dma628","Vph1_R1_Plate02",10,8,895,4,"S/G2 phase",1.13393333201025,1.65595510874046
250861377,"YDL035C","GPR1","","dma628","Vph1_R1_Plate02",10,8,895,102,"S/G2 phase",0.487222502605447,0.289606325205193
250861407,"YDL035C","GPR1","","dma628","Vph1_R1_Plate02",10,8,895,134,"T phase",4.12180962205366,3.38299092674637
250861427,"YDL035C","GPR1","","dma628","Vph1_R1_Plate02",10,8,895,154,"S/G2 phase",4.00258360322485,3.19246609059491
250861515,"YDL035C","GPR1","","dma628","Vph1_R1_Plate02",10,8,895,243,"S/G2 phase",2.07690275365636,2.62894192733003
250861528,"YDL035C","GPR1","","dma628","Vph1_R1_Plate02",10,8,895,256,"S/G2 phase",0.0572862528894054,-0.0260934861476869
250861569,"YDL035C","GPR1","","dma628","Vph1_R1_Plate02",10,8,896,30,"T phase",7.69497727725673,5.00774000587397
250861575,"YDL035C","GPR1","","dma628","Vph1_R1_Plate02",10,8,896,36,"S/G2 phase",0.465545044636571,0.300655818602546
250861577,"YDL035C","GPR1","","dma628","Vph1_R1_Plate02",10,8,896,38,"S/G2 phase",2.48516154540352,1.87512970277219
250861595,"YDL035C","GPR1","","dma628","Vph1_R1_Plate02",10,8,896,57,"S/G2 phase",1.94322509618162,2.1390547450632
250861603,"YDL035C","GPR1","","dma628","Vph1_R1_Plate02",10,8,896,65,"S/G2 phase",2.50322609371092,2.17851722148231
250861705,"YDL035C","GPR1","","dma628","Vph1_R1_Plate02",10,8,896,169,"S/G2 phase",0.812384372138588,1.0245554860347
250861706,"YDL035C","GPR1","","dma628","Vph1_R1_Plate02",10,8,896,170,"S/G2 phase",2.76696849899891,2.40171698810879
250861748,"YDL035C","GPR1","","dma628","Vph1_R1_Plate02",10,8,896,213,"S/G2 phase",3.08490454920909,3.45236596029117
250861764,"YDL035C","GPR1","","dma628","Vph1_R1_Plate02",10,8,896,231,"T phase",1.64696650394032,2.01664214321112
250868070,"YDL215C","GDH2","","dma794","Vph1_R1_Plate03",5,4,397,111,"S/G2 phase",0.350096073000012,0.410535042369388
250868185,"YDL215C","GDH2","","dma794","Vph1_R1_Plate03",5,4,397,229,"MA-single",-1.43188200823673,-1.5486446446163
250868230,"YDL215C","GDH2","","dma794","Vph1_R1_Plate03",5,4,398,43,"S/G2 phase",1.86942432366898,1.90003604045298
250868329,"YDL215C","GDH2","","dma794","Vph1_R1_Plate03",5,4,398,145,"S/G2 phase",3.1301435103943,2.87075674614224
250868381,"YDL215C","GDH2","","dma794","Vph1_R1_Plate03",5,4,398,198,"S/G2 phase",1.95832118939961,1.78323763633447
250868385,"YDL215C","GDH2","","dma794","Vph1_R1_Plate03",5,4,398,202,"S/G2 phase",1.15420863119981,1.41536122482988
250868485,"YDL215C","GDH2","","dma794","Vph1_R1_Plate03",5,4,399,101,"S/G2 phase",0.956211066617952,1.15965584119845
250868663,"YDL215C","GDH2","","dma794","Vph1_R1_Plate03",5,4,400,47,"T phase",0.709724302546657,1.54090022852292
250868729,"YDL215C","GDH2","","dma794","Vph1_R1_Plate03",5,4,400,113,"S/G2 phase",-0.55099488417866,-0.396170883068359
250868756,"YDL215C","GDH2","","dma794","Vph1_R1_Plate03",5,4,400,141,"S/G2 phase",0.37434067274473,0.581919347752381
250912455,"YDL232W","OST4","ost4-supp2","dma805","Vph1_R1_Plate03",7,2,581,14,"S/G2 phase",-0.736870148888161,-0.625140315060037
250912610,"YDL232W","OST4","ost4-supp2","dma805","Vph1_R1_Plate03",7,2,581,170,"MA-single",-1.34702590913022,-1.30930646214895
250912729,"YDL232W","OST4","ost4-supp2","dma805","Vph1_R1_Plate03",7,2,582,98,"S/G2 phase",-0.54291335093042,-0.00455774526822048
250912779,"YDL232W","OST4","ost4-supp2","dma805","Vph1_R1_Plate03",7,2,582,148,"T phase",0.16826157491463,0.601285774260661
250912824,"YDL232W","OST4","ost4-supp2","dma805","Vph1_R1_Plate03",7,2,583,12,"MA-single",-1.29449594301667,-1.2664603858032
250912836,"YDL232W","OST4","ost4-supp2","dma805","Vph1_R1_Plate03",7,2,583,24,"G1 phase",-1.05204994556949,-1.11581358137155
250912845,"YDL232W","OST4","ost4-supp2","dma805","Vph1_R1_Plate03",7,2,583,33,"S/G2 phase",0.309688406758816,0.499226420405088
250912912,"YDL232W","OST4","ost4-supp2","dma805","Vph1_R1_Plate03",7,2,583,101,"T phase",0.0349162763186829,0.348579615973437
250912921,"YDL232W","OST4","ost4-supp2","dma805","Vph1_R1_Plate03",7,2,583,110,"G1 phase",-0.219652021000852,-0.0962483486481217
250912930,"YDL232W","OST4","ost4-supp2","dma805","Vph1_R1_Plate03",7,2,583,119,"S/G2 phase",-0.437853418703311,-0.489232560891324
250913024,"YDL232W","OST4","ost4-supp2","dma805","Vph1_R1_Plate03",7,2,584,9,"T phase",1.08551559858978,1.94425319124179
250913099,"YDL232W","OST4","ost4-supp2","dma805","Vph1_R1_Plate03",7,2,584,85,"G1 phase",-1.1975175440378,-1.27682913627887
250913125,"YDL232W","OST4","ost4-supp2","dma805","Vph1_R1_Plate03",7,2,584,111,"G1 phase",-1.40763740849202,-1.66981334852207
250913191,"YDL232W","OST4","ost4-supp2","dma805","Vph1_R1_Plate03",7,2,584,179,"S/G2 phase",0.337973773127653,0.986900461372395
250913224,"YDL232W","OST4","ost4-supp2","dma805","Vph1_R1_Plate03",7,2,584,212,"MA phase",0.148057741794032,0.701716977215094
251098406,"YDR207C","UME6","","dma979","Vph1_R1_Plate03",4,14,341,35,"S/G2 phase",1.59465219322885,1.70491500877444
251098414,"YDR207C","UME6","","dma979","Vph1_R1_Plate03",4,14,341,43,"G1 phase",1.28351316317164,0.85836223233515
251098433,"YDR207C","UME6","","dma979","Vph1_R1_Plate03",4,14,341,63,"S/G2 phase",3.69989160439516,3.00666450031096
251098451,"YDR207C","UME6","","dma979","Vph1_R1_Plate03",4,14,341,81,"S/G2 phase",-0.0620621226601876,0.156457809639102
251098482,"YDR207C","UME6","","dma979","Vph1_R1_Plate03",4,14,342,18,"S/G2 phase",1.25926856342692,0.942426234125507
251098504,"YDR207C","UME6","","dma979","Vph1_R1_Plate03",4,14,342,40,"S/G2 phase",4.43935189660905,3.2430034574341
251098532,"YDR207C","UME6","","dma979","Vph1_R1_Plate03",4,14,342,69,"S/G2 phase",1.02490409922799,1.20987144267567
251098536,"YDR207C","UME6","","dma979","Vph1_R1_Plate03",4,14,342,73,"S/G2 phase",2.95639054555716,3.28147923399259
251098550,"YDR207C","UME6","","dma979","Vph1_R1_Plate03",4,14,343,9,"G1 phase",0.697602002674298,0.384056167187717
251098551,"YDR207C","UME6","","dma979","Vph1_R1_Plate03",4,14,343,10,"S/G2 phase",3.28369264211084,3.19278785595688
251098569,"YDR207C","UME6","","dma979","Vph1_R1_Plate03",4,14,343,28,"MA-single",0.0187532098222045,-0.00755697061242256
251098591,"YDR207C","UME6","","dma979","Vph1_R1_Plate03",4,14,343,52,"S/G2 phase",3.90192993560114,2.62841933833069
251098606,"YDR207C","UME6","","dma979","Vph1_R1_Plate03",4,14,343,68,"T phase",3.9948675679559,3.28147923399258
251098638,"YDR207C","UME6","","dma979","Vph1_R1_Plate03",4,14,344,21,"S/G2 phase",0.721846602419016,0.663241200656611
251145361,"YDR392W","SPT3","","dma1125","Vph1_R1_Plate03",12,17,1121,13,"MA-single",0.0551201094392809,-0.0755108476967792
251145386,"YDR392W","SPT3","","dma1125","Vph1_R1_Plate03",12,17,1121,38,"S/G2 phase",1.53404069386706,1.72565250972578
251145481,"YDR392W","SPT3","","dma1125","Vph1_R1_Plate03",12,17,1121,135,"T phase",3.99890833458001,3.49133931593406
251145765,"YDR392W","SPT3","","dma1125","Vph1_R1_Plate03",12,17,1123,72,"G1 phase",-1.23792521027899,-1.31367676193621
251145791,"YDR392W","SPT3","","dma1125","Vph1_R1_Plate03",12,17,1123,98,"G1 phase",-0.603524850292214,-0.470123210841121
251145838,"YDR392W","SPT3","","dma1125","Vph1_R1_Plate03",12,17,1124,6,"S/G2 phase",0.661235103057221,0.883470033073758
251145880,"YDR392W","SPT3","","dma1125","Vph1_R1_Plate03",12,17,1124,48,"G1 phase",0.184424641411108,0.125351558212088
251145910,"YDR392W","SPT3","","dma1125","Vph1_R1_Plate03",12,17,1124,78,"S/G2 phase",2.87961597969888,2.7362200664166
251145932,"YDR392W","SPT3","","dma1125","Vph1_R1_Plate03",12,17,1124,100,"T phase",3.71605467089164,2.3713428802562
251145934,"YDR392W","SPT3","","dma1125","Vph1_R1_Plate03",12,17,1124,102,"S/G2 phase",0.406666805737686,0.859733306778212
251145935,"YDR392W","SPT3","","dma1125","Vph1_R1_Plate03",12,17,1124,103,"S/G2 phase",2.80284141384061,2.85164739609204
251145938,"YDR392W","SPT3","","dma1125","Vph1_R1_Plate03",12,17,1124,106,"T phase",1.93811735627902,2.01820551901455
251145952,"YDR392W","SPT3","","dma1125","Vph1_R1_Plate03",12,17,1124,120,"S/G2 phase",0.568297470702471,1.1329198895587
251151786,"YDR389W","SAC7","","dma1127","Vph1_R1_Plate03",12,21,1137,267,"S/G2 phase",0.402626039113567,0.949795759256976
251151832,"YDR389W","SAC7","","dma1127","Vph1_R1_Plate03",12,21,1137,313,"S/G2 phase",-0.098429022277264,0.19930388598485
251152037,"YDR389W","SAC7","","dma1127","Vph1_R1_Plate03",12,21,1138,63,"S/G2 phase",-0.397445752462115,-0.282371704294052
251152242,"YDR389W","SAC7","","dma1127","Vph1_R1_Plate03",12,21,1138,270,"MA phase",2.70586301486174,2.66389588954497
251152283,"YDR389W","SAC7","","dma1127","Vph1_R1_Plate03",12,21,1138,311,"MA phase",1.02490409922799,1.22760971828281
251152365,"YDR389W","SAC7","","dma1127","Vph1_R1_Plate03",12,21,1138,396,"T phase",3.18267347650785,2.42592878152069
251152390,"YDR389W","SAC7","","dma1127","Vph1_R1_Plate03",12,21,1138,421,"T phase",1.07339329871742,1.41973152461714
251152465,"YDR389W","SAC7","","dma1127","Vph1_R1_Plate03",12,21,1139,67,"MA phase",0.297566106886457,0.296735863595081
251152523,"YDR389W","SAC7","","dma1127","Vph1_R1_Plate03",12,21,1139,125,"S/G2 phase",2.24521561971211,2.86775752079804
251152766,"YDR389W","SAC7","","dma1127","Vph1_R1_Plate03",12,21,1139,372,"S/G2 phase",1.05318946559682,2.07142034583597
251152948,"YDR389W","SAC7","","dma1127","Vph1_R1_Plate03",12,21,1140,149,"S/G2 phase",0.952170299993833,0.766671628955248
251153194,"YDR389W","SAC7","","dma1127","Vph1_R1_Plate03",12,21,1140,400,"G1 phase",-1.16923217766896,-1.14966198168469
251221653,"YDR128W","MTC5","","dma915","Vph1_R1_Plate03",9,5,785,6,"MA-single",-1.02376457920065,-1.19550728337464
251221659,"YDR128W","MTC5","","dma915","Vph1_R1_Plate03",9,5,785,12,"G1 phase",-0.623728683412813,-0.749308244310016
251221676,"YDR128W","MTC5","","dma915","Vph1_R1_Plate03",9,5,785,29,"S/G2 phase",1.00874103273151,0.595287323572256
251221681,"YDR128W","MTC5","","dma915","Vph1_R1_Plate03",9,5,785,34,"G1 phase",0.0955277756804769,-0.00455774526822048
251221682,"YDR128W","MTC5","","dma915","Vph1_R1_Plate03",9,5,785,35,"S/G2 phase",2.68161841511702,2.62542011298649
251221692,"YDR128W","MTC5","","dma915","Vph1_R1_Plate03",9,5,785,45,"S/G2 phase",1.76032362481775,1.43746980022428
251221703,"YDR128W","MTC5","","dma915","Vph1_R1_Plate03",9,5,785,56,"G1 phase",-1.23388444365487,-1.35215253849469
251221707,"YDR128W","MTC5","","dma915","Vph1_R1_Plate03",9,5,785,60,"S/G2 phase",-0.292385820235005,-0.217417052553898
251221709,"YDR128W","MTC5","","dma915","Vph1_R1_Plate03",9,5,785,62,"S/G2 phase",-0.328752719852081,-0.459754460365449
251221713,"YDR128W","MTC5","","dma915","Vph1_R1_Plate03",9,5,785,66,"MA-single",0.0955277756804769,-0.0430335218267022
251221776,"YDR128W","MTC5","","dma915","Vph1_R1_Plate03",9,5,785,131,"MA-single",-0.882337747356467,-0.716830918439939
251221849,"YDR128W","MTC5","","dma915","Vph1_R1_Plate03",9,5,785,205,"G1 phase",0.257158440645261,0.0958734576862143
251221855,"YDR128W","MTC5","","dma915","Vph1_R1_Plate03",9,5,785,212,"G1 phase",-0.55099488417866,-0.64587781601138
251221907,"YDR128W","MTC5","","dma915","Vph1_R1_Plate03",9,5,785,266,"MA-single",-0.696462482646965,-0.799523845787233
251221952,"YDR128W","MTC5","","dma915","Vph1_R1_Plate03",9,5,785,311,"S/G2 phase",1.57848912673237,2.67426464002064
251221955,"YDR128W","MTC5","","dma915","Vph1_R1_Plate03",9,5,785,314,"S/G2 phase",2.03509575525789,1.84682121363156
251221958,"YDR128W","MTC5","","dma915","Vph1_R1_Plate03",9,5,785,317,"G1 phase",-0.272181987114407,-0.506970836498464
251221969,"YDR128W","MTC5","","dma915","Vph1_R1_Plate03",9,5,785,328,"T phase",0.907721867128517,0.877471582385352
251221983,"YDR128W","MTC5","","dma915","Vph1_R1_Plate03",9,5,785,342,"MA-single",-0.555035650802779,-0.427277134495373
251222028,"YDR128W","MTC5","","dma915","Vph1_R1_Plate03",9,5,786,17,"S/G2 phase",1.26330933005104,0.756302878479577
251222029,"YDR128W","MTC5","","dma915","Vph1_R1_Plate03",9,5,786,18,"S/G2 phase",1.2552277968028,0.95579420994538
251222042,"YDR128W","MTC5","","dma915","Vph1_R1_Plate03",9,5,786,31,"S/G2 phase",5.22326062168825,4.24345934010732
251222044,"YDR128W","MTC5","","dma915","Vph1_R1_Plate03",9,5,786,33,"S/G2 phase",4.13629439980008,3.60513849470836
251222046,"YDR128W","MTC5","","dma915","Vph1_R1_Plate03",9,5,786,35,"S/G2 phase",1.06127099884506,1.01937778724247
251222049,"YDR128W","MTC5","","dma915","Vph1_R1_Plate03",9,5,786,38,"S/G2 phase",0.148057741794032,0.0795062565221377
251222056,"YDR128W","MTC5","","dma915","Vph1_R1_Plate03",9,5,786,45,"G1 phase",-0.583321017171617,-0.597033288977226
251222063,"YDR128W","MTC5","","dma915","Vph1_R1_Plate03",9,5,786,54,"G1 phase",0.523849037837155,0.28636711311941
251222106,"YDR128W","MTC5","","dma915","Vph1_R1_Plate03",9,5,786,103,"G1 phase",-0.44189418532743,-0.378432607461219
251222193,"YDR128W","MTC5","","dma915","Vph1_R1_Plate03",9,5,786,193,"S/G2 phase",1.82901665742779,1.47294635143856
251222216,"YDR128W","MTC5","","dma915","Vph1_R1_Plate03",9,5,786,216,"S/G2 phase",1.78052745793835,1.23060894362701
251222231,"YDR128W","MTC5","","dma915","Vph1_R1_Plate03",9,5,786,231,"S/G2 phase",4.46763726297789,2.98592699935962
251222253,"YDR128W","MTC5","","dma915","Vph1_R1_Plate03",9,5,786,253,"S/G2 phase",-0.639891749909291,-0.696093417488597
251222255,"YDR128W","MTC5","","dma915","Vph1_R1_Plate03",9,5,786,255,"S/G2 phase",1.28755392979576,1.13017774067258
251222289,"YDR128W","MTC5","","dma915","Vph1_R1_Plate03",9,5,786,291,"S/G2 phase",0.180383874786989,0.456380344059339
251222305,"YDR128W","MTC5","","dma915","Vph1_R1_Plate03",9,5,787,3,"S/G2 phase",0.923884933624996,0.797777880382262
251222328,"YDR128W","MTC5","","dma915","Vph1_R1_Plate03",9,5,787,27,"T phase",2.18864488697443,2.10389767170605
251222340,"YDR128W","MTC5","","dma915","Vph1_R1_Plate03",9,5,787,39,"G1 phase",-0.0418582895395896,-0.181940501339618
251222362,"YDR128W","MTC5","","dma915","Vph1_R1_Plate03",9,5,787,61,"G1 phase",-0.769196281881118,-0.910323799217337
251222403,"YDR128W","MTC5","","dma915","Vph1_R1_Plate03",9,5,787,105,"S/G2 phase",1.40473616189523,1.95462194171746
251222413,"YDR128W","MTC5","","dma915","Vph1_R1_Plate03",9,5,787,115,"S/G2 phase",2.05529958837849,2.62404903854342
251222425,"YDR128W","MTC5","","dma915","Vph1_R1_Plate03",9,5,787,128,"T phase",0.863273434263202,1.01337933655407
251222457,"YDR128W","MTC5","","dma915","Vph1_R1_Plate03",9,5,787,160,"S/G2 phase",-0.361078852845038,-0.170200676420883
251222459,"YDR128W","MTC5","","dma915","Vph1_R1_Plate03",9,5,787,162,"MA-single",-1.27025134327195,-1.40236813997191
251222530,"YDR128W","MTC5","","dma915","Vph1_R1_Plate03",9,5,787,234,"S/G2 phase",0.0874462424322377,0.211043710903584
251222560,"YDR128W","MTC5","","dma915","Vph1_R1_Plate03",9,5,787,265,"T phase",2.11591108774028,2.01083599388308
251222571,"YDR128W","MTC5","","dma915","Vph1_R1_Plate03",9,5,787,277,"S/G2 phase",0.305647640134696,0.453381118715137
251222583,"YDR128W","MTC5","","dma915","Vph1_R1_Plate03",9,5,787,289,"S/G2 phase",0.00663090994984565,-0.0460327471709049
251222612,"YDR128W","MTC5","","dma915","Vph1_R1_Plate03",9,5,788,4,"S/G2 phase",0.346055306375892,0.220041386936192
251222616,"YDR128W","MTC5","","dma915","Vph1_R1_Plate03",9,5,788,8,"G1 phase",-0.672217882902248,-0.713831693095737
251222654,"YDR128W","MTC5","","dma915","Vph1_R1_Plate03",9,5,788,47,"S/G2 phase",2.12803338761264,1.67243768290436
251222688,"YDR128W","MTC5","","dma915","Vph1_R1_Plate03",9,5,788,82,"S/G2 phase",0.8834772673838,1.02674731237394
251222703,"YDR128W","MTC5","","dma915","Vph1_R1_Plate03",9,5,788,97,"S/G2 phase",-0.401486519086234,-0.403540408199828
251222719,"YDR128W","MTC5","","dma915","Vph1_R1_Plate03",9,5,788,114,"S/G2 phase",0.834988067894364,0.519963921356429
251222750,"YDR128W","MTC5","","dma915","Vph1_R1_Plate03",9,5,788,145,"T phase",2.12803338761264,1.65906970708449
251222753,"YDR128W","MTC5","","dma915","Vph1_R1_Plate03",9,5,788,148,"MA-single",-0.494424151440985,-0.721201218227205
251222769,"YDR128W","MTC5","","dma915","Vph1_R1_Plate03",9,5,788,165,"G1 phase",-0.409568052334474,-0.36069433185408
251222778,"YDR128W","MTC5","","dma915","Vph1_R1_Plate03",9,5,788,176,"S/G2 phase",3.17863270988373,2.50288033463765
251222846,"YDR128W","MTC5","","dma915","Vph1_R1_Plate03",9,5,788,247,"S/G2 phase",3.72009543751576,3.71156814835121
251222862,"YDR128W","MTC5","","dma915","Vph1_R1_Plate03",9,5,788,263,"S/G2 phase",-0.0216544564189916,0.317473364546423
251222868,"YDR128W","MTC5","","dma915","Vph1_R1_Plate03",9,5,788,269,"T phase",1.37645079552639,1.57200647994993
251222877,"YDR128W","MTC5","","dma915","Vph1_R1_Plate03",9,5,788,278,"S/G2 phase",1.41281769514347,0.963163735076849
251222890,"YDR128W","MTC5","","dma915","Vph1_R1_Plate03",9,5,788,292,"T phase",1.21482013056161,1.10806916527817
251222904,"YDR128W","MTC5","","dma915","Vph1_R1_Plate03",9,5,788,306,"G1 phase",0.212710007779945,-0.131724899862401
251222909,"YDR128W","MTC5","","dma915","Vph1_R1_Plate03",9,5,788,311,"S/G2 phase",1.56636682686001,1.11243946506544
251222913,"YDR128W","MTC5","","dma915","Vph1_R1_Plate03",9,5,788,315,"G1 phase",-0.292385820235005,-0.489232560891324
251222922,"YDR128W","MTC5","","dma915","Vph1_R1_Plate03",9,5,788,324,"S/G2 phase",0.00663090994984565,0.283624964233283
251231652,"YDR126W","SWF1","","dma917","Vph1_R1_Plate03",9,9,804,12,"T phase",2.50382468365576,2.22943667539909
251231664,"YDR126W","SWF1","","dma917","Vph1_R1_Plate03",9,9,804,24,"T phase",2.87557521307476,2.42155848173342
251250053,"YDR123C","INO2","","dma920","Vph1_R1_Plate03",9,15,826,25,"G1 phase",-0.470179551696268,-0.303109205245394
251250091,"YDR123C","INO2","","dma920","Vph1_R1_Plate03",9,15,827,14,"S/G2 phase",0.790539635029049,0.880470807729556
251250113,"YDR123C","INO2","","dma920","Vph1_R1_Plate03",9,15,828,6,"S/G2 phase",0.964292599866192,1.58374630486867
251250128,"YDR123C","INO2","","dma920","Vph1_R1_Plate03",9,15,828,21,"S/G2 phase",0.992577966235029,0.862732532122415
251437723,"YDR359C","EAF1","","dma1102","Vph1_R1_Plate03",8,19,745,10,"T phase",2.97255361205363,2.64915683928203
251521876,"YDR378C","LSM6","","dma1114","Vph1_R1_Plate03",10,19,937,5,"S/G2 phase",1.49767379424998,1.93688366611032
251521883,"YDR378C","LSM6","","dma1114","Vph1_R1_Plate03",10,19,937,12,"MA-single",-0.886378513980587,-1.10981513068314
251521910,"YDR378C","LSM6","","dma1114","Vph1_R1_Plate03",10,19,937,39,"MA-single",-0.559076417426899,-0.631138765748443
251521961,"YDR378C","LSM6","","dma1114","Vph1_R1_Plate03",10,19,937,92,"T phase",0.729928135667255,0.791779429693857
251522021,"YDR378C","LSM6","","dma1114","Vph1_R1_Plate03",10,19,937,156,"MA-single",-0.894460047228826,-1.02412297799165
251522129,"YDR378C","LSM6","","dma1114","Vph1_R1_Plate03",10,19,937,267,"MA-single",-1.35914820900258,-1.5737524453549
251522202,"YDR378C","LSM6","","dma1114","Vph1_R1_Plate03",10,19,937,344,"S/G2 phase",2.45533548416633,2.35497567909213
251522381,"YDR378C","LSM6","","dma1114","Vph1_R1_Plate03",10,19,937,527,"S/G2 phase",-0.474220318320387,0.111983582392214
251522511,"YDR378C","LSM6","","dma1114","Vph1_R1_Plate03",10,19,938,17,"T phase",0.57233823732659,0.833254431596542
251522527,"YDR378C","LSM6","","dma1114","Vph1_R1_Plate03",10,19,938,34,"S/G2 phase",0.964292599866192,1.01337933655407
251522599,"YDR378C","LSM6","","dma1114","Vph1_R1_Plate03",10,19,938,107,"S/G2 phase",1.25926856342692,2.0610515953603
251522710,"YDR378C","LSM6","","dma1114","Vph1_R1_Plate03",10,19,938,224,"S/G2 phase",0.0551201094392809,0.534702971619367
251522762,"YDR378C","LSM6","","dma1114","Vph1_R1_Plate03",10,19,938,277,"MA-single",-1.14498757792424,-0.994644877465771
251522783,"YDR378C","LSM6","","dma1114","Vph1_R1_Plate03",10,19,938,298,"S/G2 phase",1.95832118939961,2.18659059905334
251522857,"YDR378C","LSM6","","dma1114","Vph1_R1_Plate03",10,19,938,373,"S/G2 phase",0.0551201094392809,0.716456027478031
251522888,"YDR378C","LSM6","","dma1114","Vph1_R1_Plate03",10,19,938,407,"S/G2 phase",1.63505985947005,1.21586989336407
251522892,"YDR378C","LSM6","","dma1114","Vph1_R1_Plate03",10,19,938,413,"S/G2 phase",1.3360431292852,1.79360638681014
251522964,"YDR378C","LSM6","","dma1114","Vph1_R1_Plate03",10,19,938,488,"S/G2 phase",0.814784234773766,1.18039334214979
251523054,"YDR378C","LSM6","","dma1114","Vph1_R1_Plate03",10,19,938,581,"MA-single",-1.09245761181069,-1.23835335972039
251523092,"YDR378C","LSM6","","dma1114","Vph1_R1_Plate03",10,19,938,619,"S/G2 phase",0.552134404205992,0.716456027478031
251523099,"YDR378C","LSM6","","dma1114","Vph1_R1_Plate03",10,19,938,627,"MA-single",-1.1975175440378,-1.29893771167327
251523108,"YDR378C","LSM6","","dma1114","Vph1_R1_Plate03",10,19,939,10,"S/G2 phase",0.628908970064265,0.674981025575346
251523120,"YDR378C","LSM6","","dma1114","Vph1_R1_Plate03",10,19,939,22,"T phase",2.97255361205363,2.34023662882919
251523139,"YDR378C","LSM6","","dma1114","Vph1_R1_Plate03",10,19,939,41,"S/G2 phase",0.580419770574829,0.994269986503863
251523166,"YDR378C","LSM6","","dma1114","Vph1_R1_Plate03",10,19,939,68,"MA-single",0.697602002674298,0.471119394322277
251523238,"YDR378C","LSM6","","dma1114","Vph1_R1_Plate03",10,19,939,141,"T phase",1.25926856342692,1.67843613359277
251523243,"YDR378C","LSM6","","dma1114","Vph1_R1_Plate03",10,19,939,146,"S/G2 phase",0.0510793428151613,0.264258537725004
251523255,"YDR378C","LSM6","","dma1114","Vph1_R1_Plate03",10,19,939,158,"S/G2 phase",1.34816542915755,2.18359137370914
251523257,"YDR378C","LSM6","","dma1114","Vph1_R1_Plate03",10,19,939,160,"MA-single",0.0632016426875201,0.104614057260746
251523258,"YDR378C","LSM6","","dma1114","Vph1_R1_Plate03",10,19,939,161,"G1 phase",-1.37127050887494,-1.53827589414062
251523291,"YDR378C","LSM6","","dma1114","Vph1_R1_Plate03",10,19,939,194,"S/G2 phase",2.79475988059237,2.87212782058531
251523298,"YDR378C","LSM6","","dma1114","Vph1_R1_Plate03",10,19,939,202,"G1 phase",-0.692421716022846,-0.696093417488597
251523306,"YDR378C","LSM6","","dma1114","Vph1_R1_Plate03",10,19,939,210,"T phase",3.04124664466367,3.47060181498272
251523312,"YDR378C","LSM6","","dma1114","Vph1_R1_Plate03",10,19,939,216,"T phase",2.30986788569802,2.30938745386025
251523379,"YDR378C","LSM6","","dma1114","Vph1_R1_Plate03",10,19,939,285,"G1 phase",-0.890419280604706,-0.820261346738576
251523390,"YDR378C","LSM6","","dma1114","Vph1_R1_Plate03",10,19,939,297,"S/G2 phase",-0.114592088773742,0.468120168978074
251523392,"YDR378C","LSM6","","dma1114","Vph1_R1_Plate03",10,19,939,300,"S/G2 phase",4.78281705965922,3.46760258963852
251523395,"YDR378C","LSM6","","dma1114","Vph1_R1_Plate03",10,19,939,304,"S/G2 phase",2.90790134606772,2.75395834202373
251523555,"YDR378C","LSM6","","dma1114","Vph1_R1_Plate03",10,19,939,467,"S/G2 phase",1.17441246432041,1.43147134953587
251523574,"YDR378C","LSM6","","dma1114","Vph1_R1_Plate03",10,19,939,486,"S/G2 phase",0.0591608760634005,0.270256988413409
251523579,"YDR378C","LSM6","","dma1114","Vph1_R1_Plate03",10,19,939,491,"G1 phase",-0.797481648249955,-0.877846473347261
251523926,"YDR378C","LSM6","","dma1114","Vph1_R1_Plate03",10,19,940,283,"S/G2 phase",2.35027555193922,2.55146778521373
251524058,"YDR378C","LSM6","","dma1114","Vph1_R1_Plate03",10,19,940,418,"G1 phase",-0.260059687242048,-0.133095974305465
251524140,"YDR378C","LSM6","","dma1114","Vph1_R1_Plate03",10,19,940,501,"MA phase",1.16633093107217,1.22024019315134
251524235,"YDR378C","LSM6","","dma1114","Vph1_R1_Plate03",10,19,940,598,"MA-single",-1.04800917894537,-1.23098383458892
251524249,"YDR378C","LSM6","","dma1114","Vph1_R1_Plate03",10,19,940,612,"MA phase",0.867314200887321,0.95579420994538
251654993,"YDR174W","HMO1","","dma952","Vph1_R1_Plate03",15,7,1369,6,"S/G2 phase",-0.607565616916334,-0.15683270060101
251654995,"YDR174W","HMO1","","dma952","Vph1_R1_Plate03",15,7,1369,8,"T phase",2.60484384925875,2.92097234761946
251655105,"YDR174W","HMO1","","dma952","Vph1_R1_Plate03",15,7,1369,121,"T phase",4.7787762930351,2.94608014835807
251655147,"YDR174W","HMO1","","dma952","Vph1_R1_Plate03",15,7,1369,164,"T phase",1.29159469641988,2.25317340169463
251655188,"YDR174W","HMO1","","dma952","Vph1_R1_Plate03",15,7,1370,42,"S/G2 phase",-0.514627984561583,-0.560185663319883
251655218,"YDR174W","HMO1","","dma952","Vph1_R1_Plate03",15,7,1370,74,"S/G2 phase",0.329892239879414,0.682350550706815
251655254,"YDR174W","HMO1","","dma952","Vph1_R1_Plate03",15,7,1370,110,"S/G2 phase",1.42089922839171,1.17439489146139
251655260,"YDR174W","HMO1","","dma952","Vph1_R1_Plate03",15,7,1370,116,"MA-single",-0.55099488417866,-0.68135436722566
251655273,"YDR174W","HMO1","","dma952","Vph1_R1_Plate03",15,7,1370,129,"S/G2 phase",1.67950829233536,1.58074707952446
251655289,"YDR174W","HMO1","","dma952","Vph1_R1_Plate03",15,7,1370,145,"S/G2 phase",0.527889804461275,0.434271768664933
251655373,"YDR174W","HMO1","","dma952","Vph1_R1_Plate03",15,7,1371,57,"S/G2 phase",4.19690589916187,3.12483397887253
251655383,"YDR174W","HMO1","","dma952","Vph1_R1_Plate03",15,7,1371,68,"S/G2 phase",3.46148637357211,3.39664948720996
251655439,"YDR174W","HMO1","","dma952","Vph1_R1_Plate03",15,7,1371,124,"G1 phase",-1.08841684518657,-1.24572288485186
251655449,"YDR174W","HMO1","","dma952","Vph1_R1_Plate03",15,7,1371,134,"MA-single",0.382422205992969,0.26288746328194
251655460,"YDR174W","HMO1","","dma952","Vph1_R1_Plate03",15,7,1371,145,"G1 phase",-0.369160386093278,-0.431647434282639
251655463,"YDR174W","HMO1","","dma952","Vph1_R1_Plate03",15,7,1371,148,"MA-single",-0.882337747356467,-0.790783246212701
251655468,"YDR174W","HMO1","","dma952","Vph1_R1_Plate03",15,7,1371,153,"G1 phase",-0.381282685965636,-0.428648208938436
251655475,"YDR174W","HMO1","","dma952","Vph1_R1_Plate03",15,7,1371,160,"S/G2 phase",1.86134279042074,1.82608371268022
251655487,"YDR174W","HMO1","","dma952","Vph1_R1_Plate03",15,7,1372,8,"G1 phase",0.127853908673434,-0.171571750863947
251655524,"YDR174W","HMO1","","dma952","Vph1_R1_Plate03",15,7,1372,46,"MA-single",0.0955277756804769,-0.060771797433842
251655527,"YDR174W","HMO1","","dma952","Vph1_R1_Plate03",15,7,1372,49,"MA-single",-0.914663880349424,-1.00938392772871
251655538,"YDR174W","HMO1","","dma952","Vph1_R1_Plate03",15,7,1372,60,"S/G2 phase",0.0147124431980849,-0.175942050651213
251655622,"YDR174W","HMO1","","dma952","Vph1_R1_Plate03",15,7,1372,146,"S/G2 phase",1.94215812290314,2.30038977782764
251655639,"YDR174W","HMO1","","dma952","Vph1_R1_Plate03",15,7,1372,163,"S/G2 phase",2.00681038888905,1.52016272757157
251655649,"YDR174W","HMO1","","dma952","Vph1_R1_Plate03",15,7,1372,173,"MA-single",-0.425731118830952,-0.428648208938436
251655650,"YDR174W","HMO1","","dma952","Vph1_R1_Plate03",15,7,1372,174,"S/G2 phase",0.16422080829051,0.46674909453501
251655658,"YDR174W","HMO1","","dma952","Vph1_R1_Plate03",15,7,1372,182,"S/G2 phase",-0.187325888007895,-0.328217005984003
251655659,"YDR174W","HMO1","","dma952","Vph1_R1_Plate03",15,7,1372,183,"MA-single",-0.429771885455072,-0.484862261104058
251655671,"YDR174W","HMO1","","dma952","Vph1_R1_Plate03",15,7,1372,195,"S/G2 phase",-0.74899244876052,-0.842369922132981
251655673,"YDR174W","HMO1","","dma952","Vph1_R1_Plate03",15,7,1372,197,"S/G2 phase",0.992577966235029,1.13754726580404
251659071,"YDR173C","ARG82","","dma953","Vph1_R1_Plate03",15,9,1377,34,"T phase",4.46359649635377,3.91380162870314
251715619,"YDR293C","SSD1","","dma1035","Vph1_R1_Plate03",14,6,1270,35,"MA phase",0.402626039113567,0.716456027478031
251765976,"YDR289C","RTT103","","dma1037","Vph1_R1_Plate03",14,10,1286,246,"S/G2 phase",0.960251833242072,1.40199324901
251767081,"YDR289C","RTT103","","dma1037","Vph1_R1_Plate03",14,10,1288,210,"T phase",2.89577904619536,2.19396012418481
251773169,"YDR414C","ERD1","","dma1135","Vph1_R1_Plate03",14,13,1297,189,"MA-single",-1.51673810734324,-1.73039770047496
251773526,"YDR414C","ERD1","","dma1135","Vph1_R1_Plate03",14,13,1297,548,"MA-single",-1.62583880619447,-1.81908907851066
251773561,"YDR414C","ERD1","","dma1135","Vph1_R1_Plate03",14,13,1297,583,"MA-single",-1.01972381257653,-1.00201440259724
251773742,"YDR414C","ERD1","","dma1135","Vph1_R1_Plate03",14,13,1298,146,"S/G2 phase",-0.793440881625836,-0.446386484545576
251773969,"YDR414C","ERD1","","dma1135","Vph1_R1_Plate03",14,13,1298,373,"S/G2 phase",-0.385323452589756,-0.0828803728282484
251774255,"YDR414C","ERD1","","dma1135","Vph1_R1_Plate03",14,13,1299,125,"MA-single",-1.5894719065774,-1.82645860364213
251774267,"YDR414C","ERD1","","dma1135","Vph1_R1_Plate03",14,13,1299,137,"T phase",1.24714626355456,1.63096268100168
251774272,"YDR414C","ERD1","","dma1135","Vph1_R1_Plate03",14,13,1299,142,"S/G2 phase",-0.413608818958593,-0.0785100730409819
251774291,"YDR414C","ERD1","","dma1135","Vph1_R1_Plate03",14,13,1299,161,"MA-single",-1.02780534582477,-1.07596673037
251774445,"YDR414C","ERD1","","dma1135","Vph1_R1_Plate03",14,13,1299,317,"S/G2 phase",0.398585272489447,0.578920122408179
251774464,"YDR414C","ERD1","","dma1135","Vph1_R1_Plate03",14,13,1299,337,"MA-single",-1.55310500696032,-1.7451367507379
251774483,"YDR414C","ERD1","","dma1135","Vph1_R1_Plate03",14,13,1299,356,"S/G2 phase",-0.00549138992251316,0.434271768664933
251774546,"YDR414C","ERD1","","dma1135","Vph1_R1_Plate03",14,13,1299,419,"S/G2 phase",-0.587361783795736,-0.555815363532618
251774752,"YDR414C","ERD1","","dma1135","Vph1_R1_Plate03",14,13,1299,628,"S/G2 phase",-0.183285121383776,-0.0815092983851839
251774837,"YDR414C","ERD1","","dma1135","Vph1_R1_Plate03",14,13,1300,60,"S/G2 phase",1.10167866508626,1.30156204605557
251774856,"YDR414C","ERD1","","dma1135","Vph1_R1_Plate03",14,13,1300,79,"S/G2 phase",0.628908970064265,0.700088826313955
251775083,"YDR414C","ERD1","","dma1135","Vph1_R1_Plate03",14,13,1300,306,"S/G2 phase",-0.171162821511417,0.126979709113227
251775085,"YDR414C","ERD1","","dma1135","Vph1_R1_Plate03",14,13,1300,308,"S/G2 phase",0.628908970064265,0.763672403611045
251775194,"YDR414C","ERD1","","dma1135","Vph1_R1_Plate03",14,13,1300,418,"T phase",1.09763789846214,0.862732532122415
251837470,"YDR080W","VPS41","","dma883","Vph1_R1_Plate03",3,13,241,2,"MA-single",-0.688380949398726,-0.709461393308471
251837535,"YDR080W","VPS41","","dma883","Vph1_R1_Plate03",3,13,241,69,"T phase",0.346055306375892,0.902579383123961
251837537,"YDR080W","VPS41","","dma883","Vph1_R1_Plate03",3,13,241,71,"MA-single",-0.643932516533411,-0.57492471358282
251837547,"YDR080W","VPS41","","dma883","Vph1_R1_Plate03",3,13,241,82,"G1 phase",-0.704544015895205,-0.781785570180093
251837549,"YDR080W","VPS41","","dma883","Vph1_R1_Plate03",3,13,241,84,"S/G2 phase",1.0491486989727,1.22623864383974
251837596,"YDR080W","VPS41","","dma883","Vph1_R1_Plate03",3,13,241,133,"G1 phase",-0.85809314761175,-0.959168326251491
251837605,"YDR080W","VPS41","","dma883","Vph1_R1_Plate03",3,13,241,142,"S/G2 phase",-0.474220318320387,-0.359323257411016
251837609,"YDR080W","VPS41","","dma883","Vph1_R1_Plate03",3,13,241,146,"T phase",0.98449643298679,1.27645424531696
251837662,"YDR080W","VPS41","","dma883","Vph1_R1_Plate03",3,13,241,201,"T phase",2.41896858454925,2.42892800686489
251837668,"YDR080W","VPS41","","dma883","Vph1_R1_Plate03",3,13,241,207,"MA-single",-1.05609071219361,-1.05959952920593
251837696,"YDR080W","VPS41","","dma883","Vph1_R1_Plate03",3,13,241,236,"MA-single",-1.39551510861966,-1.50442749382748
251837699,"YDR080W","VPS41","","dma883","Vph1_R1_Plate03",3,13,241,239,"G1 phase",-1.16923217766896,-1.30193693701748
251837756,"YDR080W","VPS41","","dma883","Vph1_R1_Plate03",3,13,242,50,"MA-single",-1.49653427422265,-1.70966019952362
251837762,"YDR080W","VPS41","","dma883","Vph1_R1_Plate03",3,13,242,56,"S/G2 phase",0.649112803184863,0.712085727690766
251837766,"YDR080W","VPS41","","dma883","Vph1_R1_Plate03",3,13,242,60,"G1 phase",-0.692421716022846,-0.676984067438394
251837822,"YDR080W","VPS41","","dma883","Vph1_R1_Plate03",3,13,242,118,"S/G2 phase",0.77437656853257,1.28682299579263
251837826,"YDR080W","VPS41","","dma883","Vph1_R1_Plate03",3,13,242,122,"MA-single",-1.21368061053427,-1.32704473775609
251837844,"YDR080W","VPS41","","dma883","Vph1_R1_Plate03",3,13,242,141,"MA-single",-1.14498757792424,-1.07433857946886
251837895,"YDR080W","VPS41","","dma883","Vph1_R1_Plate03",3,13,242,192,"G1 phase",-0.615647150164573,-0.64587781601138
251837902,"YDR080W","VPS41","","dma883","Vph1_R1_Plate03",3,13,242,199,"S/G2 phase",0.624868203440145,1.00301058607839
251837905,"YDR080W","VPS41","","dma883","Vph1_R1_Plate03",3,13,242,202,"G1 phase",-0.712625549143444,-0.566184114008288
251837927,"YDR080W","VPS41","","dma883","Vph1_R1_Plate03",3,13,242,224,"T phase",1.00065949948327,1.2911932955799
251837929,"YDR080W","VPS41","","dma883","Vph1_R1_Plate03",3,13,242,226,"T phase",1.04106716572446,1.34740734774552
251837942,"YDR080W","VPS41","","dma883","Vph1_R1_Plate03",3,13,242,240,"S/G2 phase",0.426870638858285,0.680979476263751
251837947,"YDR080W","VPS41","","dma883","Vph1_R1_Plate03",3,13,243,5,"MA-single",-1.10053914505893,-1.21624478432598
251837972,"YDR080W","VPS41","","dma883","Vph1_R1_Plate03",3,13,243,30,"S/G2 phase",0.923884933624996,1.10944023972123
251837979,"YDR080W","VPS41","","dma883","Vph1_R1_Plate03",3,13,243,38,"S/G2 phase",1.23906473030632,1.21586989336407
251838022,"YDR080W","VPS41","","dma883","Vph1_R1_Plate03",3,13,243,82,"G1 phase",-1.26216981002371,-1.30193693701748
251838043,"YDR080W","VPS41","","dma883","Vph1_R1_Plate03",3,13,243,104,"G1 phase",-0.942949246718261,-0.93106130016868
251838053,"YDR080W","VPS41","","dma883","Vph1_R1_Plate03",3,13,243,114,"S/G2 phase",-0.591402550419856,-0.514340361629933
251838117,"YDR080W","VPS41","","dma883","Vph1_R1_Plate03",3,13,243,179,"T phase",0.503645204716557,0.685349776051018
251838125,"YDR080W","VPS41","","dma883","Vph1_R1_Plate03",3,13,243,187,"S/G2 phase",0.277362273765859,0.488857669929416
251838142,"YDR080W","VPS41","","dma883","Vph1_R1_Plate03",3,13,243,204,"S/G2 phase",-0.304508120107364,-0.0430335218267022
251838161,"YDR080W","VPS41","","dma883","Vph1_R1_Plate03",3,13,243,223,"MA-single",-0.478261084944507,-0.23815455350524
251838163,"YDR080W","VPS41","","dma883","Vph1_R1_Plate03",3,13,243,225,"T phase",-0.106510555525503,0.113611733293354
251838226,"YDR080W","VPS41","","dma883","Vph1_R1_Plate03",3,13,244,23,"G1 phase",-0.154999755014939,-0.282371704294052
251838244,"YDR080W","VPS41","","dma883","Vph1_R1_Plate03",3,13,244,42,"S/G2 phase",2.60484384925875,2.36097412978053
251838247,"YDR080W","VPS41","","dma883","Vph1_R1_Plate03",3,13,244,46,"S/G2 phase",1.83709819067603,1.34140889705711
251838254,"YDR080W","VPS41","","dma883","Vph1_R1_Plate03",3,13,244,53,"S/G2 phase",0.67335740292958,0.787409129906591
251838265,"YDR080W","VPS41","","dma883","Vph1_R1_Plate03",3,13,244,64,"T phase",3.61503550528865,2.46577563252223
251838287,"YDR080W","VPS41","","dma883","Vph1_R1_Plate03",3,13,244,86,"S/G2 phase",0.0551201094392809,0.302734314283486
251838314,"YDR080W","VPS41","","dma883","Vph1_R1_Plate03",3,13,244,115,"S/G2 phase",0.434952172106524,0.610026373835192
251838316,"YDR080W","VPS41","","dma883","Vph1_R1_Plate03",3,13,244,117,"G1 phase",0.208669241155826,0.0855047072105425
251838322,"YDR080W","VPS41","","dma883","Vph1_R1_Plate03",3,13,244,123,"S/G2 phase",0.717805835794896,0.44901081892787
251838325,"YDR080W","VPS41","","dma883","Vph1_R1_Plate03",3,13,244,126,"T phase",2.39876475142865,1.81571496220455
251838355,"YDR080W","VPS41","","dma883","Vph1_R1_Plate03",3,13,244,157,"S/G2 phase",-0.357038086220919,-0.368063856985548
251838382,"YDR080W","VPS41","","dma883","Vph1_R1_Plate03",3,13,244,186,"MA-single",-0.918704646973544,-0.837999622345715
251838398,"YDR080W","VPS41","","dma883","Vph1_R1_Plate03",3,13,244,202,"G1 phase",-0.74899244876052,-0.767046519917156
251838408,"YDR080W","VPS41","","dma883","Vph1_R1_Plate03",3,13,244,212,"S/G2 phase",1.23502396368221,1.74776108512019
251838419,"YDR080W","VPS41","","dma883","Vph1_R1_Plate03",3,13,244,223,"G1 phase",0.0470385761910417,-0.0798811474840457
251838420,"YDR080W","VPS41","","dma883","Vph1_R1_Plate03",3,13,244,224,"G1 phase",-1.1571098777966,-1.23835335972039
251838431,"YDR080W","VPS41","","dma883","Vph1_R1_Plate03",3,13,244,235,"S/G2 phase",-0.65201404978165,-0.706462167964268
251838441,"YDR080W","VPS41","","dma883","Vph1_R1_Plate03",3,13,244,245,"G1 phase",-0.0661028892843072,-0.30747950503266
251838443,"YDR080W","VPS41","","dma883","Vph1_R1_Plate03",3,13,244,248,"MA-single",-0.660095583029889,-0.656246566487051
251942806,"YEL031W","SPF1","","dma1274","Vph1_R1_Plate04",5,3,393,7,"MA-single",-1.2155955139068,-1.38098336611103
251942848,"YEL031W","SPF1","","dma1274","Vph1_R1_Plate04",5,3,393,49,"S/G2 phase",2.43114817861652,2.15552151434346
251942867,"YEL031W","SPF1","","dma1274","Vph1_R1_Plate04",5,3,393,68,"S/G2 phase",0.0305489021668803,0.0890369907778203
251942879,"YEL031W","SPF1","","dma1274","Vph1_R1_Plate04",5,3,393,80,"T phase",0.872425731755121,0.694673497451839
251942933,"YEL031W","SPF1","","dma1274","Vph1_R1_Plate04",5,3,393,135,"S/G2 phase",2.22276282475804,1.7729912586496
251942975,"YEL031W","SPF1","","dma1274","Vph1_R1_Plate04",5,3,393,179,"S/G2 phase",0.701549741591171,1.05300624667682
251943040,"YEL031W","SPF1","","dma1274","Vph1_R1_Plate04",5,3,393,244,"S/G2 phase",0.147244700327627,0.33607868136979
251943051,"YEL031W","SPF1","","dma1274","Vph1_R1_Plate04",5,3,393,256,"S/G2 phase",-0.715470664646462,-0.635403157765036
251943100,"YEL031W","SPF1","","dma1274","Vph1_R1_Plate04",5,3,393,305,"S/G2 phase",3.42306246298286,3.01125715827518
251943158,"YEL031W","SPF1","","dma1274","Vph1_R1_Plate04",5,3,393,363,"S/G2 phase",0.62653101420212,0.456542080000032
251943178,"YEL031W","SPF1","","dma1274","Vph1_R1_Plate04",5,3,393,383,"S/G2 phase",0.705717448668341,1.02435360363787
251943195,"YEL031W","SPF1","","dma1274","Vph1_R1_Plate04",5,3,393,400,"S/G2 phase",1.8184952382726,1.7866187352169
251943294,"YEL031W","SPF1","","dma1274","Vph1_R1_Plate04",5,3,393,502,"G1 phase",-1.12807366528624,-1.21684215797018
251943318,"YEL031W","SPF1","","dma1274","Vph1_R1_Plate04",5,3,393,527,"S/G2 phase",1.00162465114738,1.52455187815329
251943372,"YEL031W","SPF1","","dma1274","Vph1_R1_Plate04",5,3,393,584,"T phase",4.86508911168351,4.1318550390792
251943373,"YEL031W","SPF1","","dma1274","Vph1_R1_Plate04",5,3,393,585,"T phase",1.15582981300265,1.12393900932204
251943443,"YEL031W","SPF1","","dma1274","Vph1_R1_Plate04",5,3,393,655,"S/G2 phase",3.62728010976417,2.68742987856357
251943449,"YEL031W","SPF1","","dma1274","Vph1_R1_Plate04",5,3,393,661,"T phase",0.793239297288901,1.21269231824759
251943463,"YEL031W","SPF1","","dma1274","Vph1_R1_Plate04",5,3,393,675,"MA-single",-1.56568290838904,-1.63859508660456
251943464,"YEL031W","SPF1","","dma1274","Vph1_R1_Plate04",5,3,393,676,"G1 phase",-1.1072351299004,-1.05270094982934
251943512,"YEL031W","SPF1","","dma1274","Vph1_R1_Plate04",5,3,393,724,"S/G2 phase",0.897431974218138,0.910005098339111
251943535,"YEL031W","SPF1","","dma1274","Vph1_R1_Plate04",5,3,393,747,"G1 phase",-0.169501037537256,-0.380848883937244
251943590,"YEL031W","SPF1","","dma1274","Vph1_R1_Plate04",5,3,393,802,"T phase",1.64761924810865,1.47921431188128
251943594,"YEL031W","SPF1","","dma1274","Vph1_R1_Plate04",5,3,393,806,"G1 phase",-0.0986500172253745,0.104062157249468
251943632,"YEL031W","SPF1","","dma1274","Vph1_R1_Plate04",5,3,394,4,"G1 phase",-0.0486375322993404,-0.224220259032222
251943651,"YEL031W","SPF1","","dma1274","Vph1_R1_Plate04",5,3,394,24,"S/G2 phase",1.37671828809263,1.44470884236791
251943661,"YEL031W","SPF1","","dma1274","Vph1_R1_Plate04",5,3,394,34,"S/G2 phase",0.522338337272882,0.783426806377383
251943674,"YEL031W","SPF1","","dma1274","Vph1_R1_Plate04",5,3,394,48,"G1 phase",-1.21976322098397,-1.18679182502689
251943786,"YEL031W","SPF1","","dma1274","Vph1_R1_Plate04",5,3,394,162,"MA-single",0.355630054186102,0.525815085883848
251943835,"YEL031W","SPF1","","dma1274","Vph1_R1_Plate04",5,3,394,211,"T phase",2.09773161244296,1.76547867541377
251943842,"YEL031W","SPF1","","dma1274","Vph1_R1_Plate04",5,3,394,218,"S/G2 phase",1.75597963211506,1.49589923511434
251943871,"YEL031W","SPF1","","dma1274","Vph1_R1_Plate04",5,3,394,247,"MA-single",0.313952983414407,0.328566098133966
251943948,"YEL031W","SPF1","","dma1274","Vph1_R1_Plate04",5,3,394,327,"S/G2 phase",-0.086146895993866,0.051474074598702
251944018,"YEL031W","SPF1","","dma1274","Vph1_R1_Plate04",5,3,394,398,"G1 phase",-0.348712441855545,-0.609807961391824
251944034,"YEL031W","SPF1","","dma1274","Vph1_R1_Plate04",5,3,394,414,"T phase",1.2850287323949,1.0772037531457
251944035,"YEL031W","SPF1","","dma1274","Vph1_R1_Plate04",5,3,394,415,"S/G2 phase",0.00554265970386323,0.00473881842235735
251944060,"YEL031W","SPF1","","dma1274","Vph1_R1_Plate04",5,3,394,440,"T phase",2.07689307705711,2.27318953316502
251944066,"YEL031W","SPF1","","dma1274","Vph1_R1_Plate04",5,3,394,446,"MA-single",-0.973868503430972,-0.939750134434918
251944080,"YEL031W","SPF1","","dma1274","Vph1_R1_Plate04",5,3,394,460,"S/G2 phase",0.359797761263272,0.388666764020555
251944087,"YEL031W","SPF1","","dma1274","Vph1_R1_Plate04",5,3,394,467,"T phase",3.39805622051985,2.24453689012606
251944144,"YEL031W","SPF1","","dma1274","Vph1_R1_Plate04",5,3,394,525,"S/G2 phase",0.984953822838698,0.991245824028831
251944154,"YEL031W","SPF1","","dma1274","Vph1_R1_Plate04",5,3,394,535,"MA phase",0.37230088249478,0.801509419514772
251944197,"YEL031W","SPF1","","dma1274","Vph1_R1_Plate04",5,3,394,578,"G1 phase",0.0305489021668803,-0.0976419670704959
251944236,"YEL031W","SPF1","","dma1274","Vph1_R1_Plate04",5,3,394,619,"G1 phase",0.276443619719881,-0.02836896118668
251944268,"YEL031W","SPF1","","dma1274","Vph1_R1_Plate04",5,3,394,651,"G1 phase",0.11807075078744,-0.0164012413807748
251944279,"YEL031W","SPF1","","dma1274","Vph1_R1_Plate04",5,3,394,662,"MA-single",-1.21142780682963,-1.16565176522375
251944311,"YEL031W","SPF1","","dma1274","Vph1_R1_Plate04",5,3,394,694,"S/G2 phase",0.680711206205324,0.480739586468906
251944316,"YEL031W","SPF1","","dma1274","Vph1_R1_Plate04",5,3,394,699,"S/G2 phase",0.514002923118543,0.68104602088453
251944319,"YEL031W","SPF1","","dma1274","Vph1_R1_Plate04",5,3,394,702,"S/G2 phase",0.409810246189306,0.66296340774714
251944331,"YEL031W","SPF1","","dma1274","Vph1_R1_Plate04",5,3,394,714,"S/G2 phase",0.564015408044578,1.11782411599056
251944388,"YEL031W","SPF1","","dma1274","Vph1_R1_Plate04",5,3,394,772,"MA-single",-0.0361344110678319,0.0484166279329601
251944464,"YEL031W","SPF1","","dma1274","Vph1_R1_Plate04",5,3,395,75,"S/G2 phase",0.96828299453002,1.04855111010674
251944518,"YEL031W","SPF1","","dma1274","Vph1_R1_Plate04",5,3,395,129,"S/G2 phase",1.26419019700906,1.16150192550116
251944519,"YEL031W","SPF1","","dma1274","Vph1_R1_Plate04",5,3,395,130,"G1 phase",0.739059105285697,0.560582622254288
251944531,"YEL031W","SPF1","","dma1274","Vph1_R1_Plate04",5,3,395,142,"S/G2 phase",0.830748660983426,0.914460234909192
251944569,"YEL031W","SPF1","","dma1274","Vph1_R1_Plate04",5,3,395,180,"G1 phase",-0.611277987717224,-0.725816223451985
251944689,"YEL031W","SPF1","","dma1274","Vph1_R1_Plate04",5,3,395,305,"T phase",1.72680568257487,1.74905581903779
251944690,"YEL031W","SPF1","","dma1274","Vph1_R1_Plate04",5,3,395,306,"T phase",0.155580114481966,0.52887253254959
251944723,"YEL031W","SPF1","","dma1274","Vph1_R1_Plate04",5,3,395,340,"S/G2 phase",0.518170630195713,0.906947651673368
251944829,"YEL031W","SPF1","","dma1274","Vph1_R1_Plate04",5,3,395,446,"S/G2 phase",0.955779873298512,1.24745985461803
251944838,"YEL031W","SPF1","","dma1274","Vph1_R1_Plate04",5,3,395,455,"G1 phase",-0.348712441855545,-0.588667901588692
251944843,"YEL031W","SPF1","","dma1274","Vph1_R1_Plate04",5,3,395,460,"S/G2 phase",-0.119488552611222,0.284888288623363
251944901,"YEL031W","SPF1","","dma1274","Vph1_R1_Plate04",5,3,395,518,"S/G2 phase",1.30586726778075,1.31673286050184
251944905,"YEL031W","SPF1","","dma1274","Vph1_R1_Plate04",5,3,395,522,"S/G2 phase",0.0430520233983888,-0.0177989312851139
251944911,"YEL031W","SPF1","","dma1274","Vph1_R1_Plate04",5,3,395,528,"G1 phase",-1.2155955139068,-1.12503140237889
251944987,"YEL031W","SPF1","","dma1274","Vph1_R1_Plate04",5,3,395,606,"G1 phase",-1.12390595820907,-1.22129729454026
251945054,"YEL031W","SPF1","","dma1274","Vph1_R1_Plate04",5,3,395,673,"G1 phase",-0.511253017865156,-0.514939759134795
251945060,"YEL031W","SPF1","","dma1274","Vph1_R1_Plate04",5,3,395,679,"S/G2 phase",-0.0819791889166965,0.104062157249468
251945067,"YEL031W","SPF1","","dma1274","Vph1_R1_Plate04",5,3,395,686,"MA-single",-0.90301748311909,-0.918610074631785
251945112,"YEL031W","SPF1","","dma1274","Vph1_R1_Plate04",5,3,395,732,"S/G2 phase",1.31837038901226,1.54403218119502
251945152,"YEL031W","SPF1","","dma1274","Vph1_R1_Plate04",5,3,395,773,"S/G2 phase",0.180586356944983,0.256235645584408
251945222,"YEL031W","SPF1","","dma1274","Vph1_R1_Plate04",5,3,395,846,"S/G2 phase",2.75622933063574,2.29127214630241
251945267,"YEL031W","SPF1","","dma1274","Vph1_R1_Plate04",5,3,396,35,"T phase",0.651537256665137,0.674931127553046
251945286,"YEL031W","SPF1","","dma1274","Vph1_R1_Plate04",5,3,396,54,"MA-single",-0.540426967405343,-0.572245045212705
251945318,"YEL031W","SPF1","","dma1274","Vph1_R1_Plate04",5,3,396,86,"T phase",1.46424013671319,1.80164390168855
251945332,"YEL031W","SPF1","","dma1274","Vph1_R1_Plate04",5,3,396,100,"S/G2 phase",0.930773630835495,1.08165888971578
251945354,"YEL031W","SPF1","","dma1274","Vph1_R1_Plate04",5,3,396,123,"G1 phase",-0.0444698252221709,-0.0419964377539879
251945419,"YEL031W","SPF1","","dma1274","Vph1_R1_Plate04",5,3,396,188,"MA-single",-0.461240532939122,-0.486287116095839
251945505,"YEL031W","SPF1","","dma1274","Vph1_R1_Plate04",5,3,396,275,"MA-single",-1.13640907944058,-1.22741218787175
251945555,"YEL031W","SPF1","","dma1274","Vph1_R1_Plate04",5,3,396,325,"S/G2 phase",0.959947580375681,0.9280877114765
251945571,"YEL031W","SPF1","","dma1274","Vph1_R1_Plate04",5,3,396,341,"S/G2 phase",2.28527843091559,2.6331820391514
251945655,"YEL031W","SPF1","","dma1274","Vph1_R1_Plate04",5,3,396,425,"S/G2 phase",0.472325852346848,0.66436109765148
251945661,"YEL031W","SPF1","","dma1274","Vph1_R1_Plate04",5,3,396,431,"T phase",3.83149775654547,2.65266234219313
251945663,"YEL031W","SPF1","","dma1274","Vph1_R1_Plate04",5,3,396,433,"S/G2 phase",0.989121529915868,1.01238588383196
251945700,"YEL031W","SPF1","","dma1274","Vph1_R1_Plate04",5,3,396,470,"S/G2 phase",-0.169501037537256,-0.264840621877083
251945717,"YEL031W","SPF1","","dma1274","Vph1_R1_Plate04",5,3,396,487,"S/G2 phase",0.226431134793847,0.25929309225015
251945788,"YEL031W","SPF1","","dma1274","Vph1_R1_Plate04",5,3,396,558,"S/G2 phase",0.609860185893442,0.306028348426495
251945828,"YEL031W","SPF1","","dma1274","Vph1_R1_Plate04",5,3,396,600,"T phase",2.34362632999596,2.45986849101333
251945846,"YEL031W","SPF1","","dma1274","Vph1_R1_Plate04",5,3,396,618,"G1 phase",-0.407060340935918,-0.441211616680898
251945874,"YEL031W","SPF1","","dma1274","Vph1_R1_Plate04",5,3,396,646,"G1 phase",0.0555551446298974,-0.0931868305004142
251945878,"YEL031W","SPF1","","dma1274","Vph1_R1_Plate04",5,3,396,650,"S/G2 phase",0.297282155105729,0.135772246954166
251945882,"YEL031W","SPF1","","dma1274","Vph1_R1_Plate04",5,3,396,654,"T phase",1.4767432579447,1.6992631161957
251945895,"YEL031W","SPF1","","dma1274","Vph1_R1_Plate04",5,3,396,667,"G1 phase",-1.21142780682963,-1.28917261051974
251945902,"YEL031W","SPF1","","dma1274","Vph1_R1_Plate04",5,3,396,675,"MA phase",0.951612166221342,1.04103852687092
252016612,"YEL047C","FRD1","","dma1288","Vph1_R1_Plate04",7,7,601,41,"S/G2 phase",-0.269526007389324,0.405351687253606
252016770,"YEL047C","FRD1","","dma1288","Vph1_R1_Plate04",7,7,601,202,"S/G2 phase",-0.619613401871563,-0.270955515208567
252016834,"YEL047C","FRD1","","dma1288","Vph1_R1_Plate04",7,7,601,267,"MA-single",-1.25310487760133,-1.26357741414653
252016962,"YEL047C","FRD1","","dma1288","Vph1_R1_Plate04",7,7,601,397,"S/G2 phase",-1.34479443329906,-1.35538816973781
252017180,"YEL047C","FRD1","","dma1288","Vph1_R1_Plate04",7,7,601,618,"MA-single",0.172250942790644,0.119087323721114
252017689,"YEL047C","FRD1","","dma1288","Vph1_R1_Plate04",7,7,601,1127,"G1 phase",-1.19475697852096,-1.16565176522375
252017745,"YEL047C","FRD1","","dma1288","Vph1_R1_Plate04",7,7,601,1185,"G1 phase",-1.13224137236341,-1.13394167551906
252017777,"YEL047C","FRD1","","dma1288","Vph1_R1_Plate04",7,7,601,1217,"G1 phase",-1.03638410958851,-0.951717854240822
252017790,"YEL047C","FRD1","","dma1288","Vph1_R1_Plate04",7,7,601,1230,"MA-single",-1.72405577732148,-1.7907685749395
252018600,"YEL047C","FRD1","","dma1288","Vph1_R1_Plate04",7,7,602,423,"G1 phase",-0.961365382199463,-0.798146676001543
252019154,"YEL047C","FRD1","","dma1288","Vph1_R1_Plate04",7,7,602,982,"MA-single",-1.4489871102283,-1.7153806757242
252019290,"YEL047C","FRD1","","dma1288","Vph1_R1_Plate04",7,7,602,1118,"S/G2 phase",1.47257555086753,1.53957704462494
252019315,"YEL047C","FRD1","","dma1288","Vph1_R1_Plate04",7,7,602,1144,"MA-single",-0.652955058488919,-0.420071556877765
252019657,"YEL047C","FRD1","","dma1288","Vph1_R1_Plate04",7,7,603,39,"S/G2 phase",-0.573768624022699,-0.278468098444391
252019663,"YEL047C","FRD1","","dma1288","Vph1_R1_Plate04",7,7,603,45,"S/G2 phase",-0.277861421543664,-0.159402389718488
252019681,"YEL047C","FRD1","","dma1288","Vph1_R1_Plate04",7,7,603,63,"G1 phase",-0.90718519019626,-0.725816223451985
252020072,"YEL047C","FRD1","","dma1288","Vph1_R1_Plate04",7,7,603,458,"S/G2 phase",-0.0152958756819843,0.35861643107726
252020120,"YEL047C","FRD1","","dma1288","Vph1_R1_Plate04",7,7,603,507,"MA-single",-0.890514361887581,-0.795089229335801
252020586,"YEL047C","FRD1","","dma1288","Vph1_R1_Plate04",7,7,603,978,"T phase",-0.594607159408546,-0.317690771384913
252020669,"YEL047C","FRD1","","dma1288","Vph1_R1_Plate04",7,7,603,1062,"S/G2 phase",-0.344544734778376,0.0815244075419968
252020677,"YEL047C","FRD1","","dma1288","Vph1_R1_Plate04",7,7,603,1070,"G1 phase",-1.07389347328304,-1.00596569365299
252020779,"YEL047C","FRD1","","dma1288","Vph1_R1_Plate04",7,7,603,1177,"MA-single",-1.49066418099999,-1.61299989023135
252020844,"YEL047C","FRD1","","dma1288","Vph1_R1_Plate04",7,7,603,1243,"S/G2 phase",-0.269526007389324,0.16582257989746
252020896,"YEL047C","FRD1","","dma1288","Vph1_R1_Plate04",7,7,603,1296,"S/G2 phase",-0.148662502151409,0.58312037196176
252020976,"YEL047C","FRD1","","dma1288","Vph1_R1_Plate04",7,7,603,1379,"S/G2 phase",-0.277861421543664,-0.0856742472645907
252021008,"YEL047C","FRD1","","dma1288","Vph1_R1_Plate04",7,7,603,1411,"T phase",0.297282155105729,0.688558604120354
252021053,"YEL047C","FRD1","","dma1288","Vph1_R1_Plate04",7,7,603,1457,"S/G2 phase",-0.744644614186649,-0.460691919722626
252021067,"YEL047C","FRD1","","dma1288","Vph1_R1_Plate04",7,7,603,1471,"S/G2 phase",-0.0611406535308489,0.33607868136979
252021323,"YEL047C","FRD1","","dma1288","Vph1_R1_Plate04",7,7,604,162,"MA-single",-1.51150271638584,-1.74097587209741
252021650,"YEL047C","FRD1","","dma1288","Vph1_R1_Plate04",7,7,604,500,"G1 phase",-1.09056430159172,-1.18513206826548
252021803,"YEL047C","FRD1","","dma1288","Vph1_R1_Plate04",7,7,604,658,"S/G2 phase",0.401474832034967,0.855757258926941
252021957,"YEL047C","FRD1","","dma1288","Vph1_R1_Plate04",7,7,604,816,"S/G2 phase",0.413977953266475,0.498822199606295
252021967,"YEL047C","FRD1","","dma1288","Vph1_R1_Plate04",7,7,604,826,"T phase",1.30169956070358,1.4191136459947
252021994,"YEL047C","FRD1","","dma1288","Vph1_R1_Plate04",7,7,604,853,"S/G2 phase",0.28477903387422,0.720268693825052
252022227,"YEL047C","FRD1","","dma1288","Vph1_R1_Plate04",7,7,604,1093,"T phase",1.48507867209904,1.65864275335084
252032418,"YEL042W","GDA1","","dma1290","Vph1_R1_Plate04",7,11,617,18,"MA-single",-1.06972576620587,-1.02404830679038
252032484,"YEL042W","GDA1","","dma1290","Vph1_R1_Plate04",7,11,617,84,"S/G2 phase",-0.623781108948733,-0.234790288933789
252032896,"YEL042W","GDA1","","dma1290","Vph1_R1_Plate04",7,11,617,500,"S/G2 phase",-0.211178108308951,-0.105154550306319
252033456,"YEL042W","GDA1","","dma1290","Vph1_R1_Plate04",7,11,617,1065,"S/G2 phase",-0.969700796353802,-0.843222175416484
252033688,"YEL042W","GDA1","","dma1290","Vph1_R1_Plate04",7,11,617,1299,"MA-single",-1.1614153219036,-1.16565176522375
252033823,"YEL042W","GDA1","","dma1290","Vph1_R1_Plate04",7,11,618,80,"MA-single",-1.59068915085206,-1.58740469385813
252034122,"YEL042W","GDA1","","dma1290","Vph1_R1_Plate04",7,11,618,383,"G1 phase",-0.432066583398935,-0.200022752563348
252034368,"YEL042W","GDA1","","dma1290","Vph1_R1_Plate04",7,11,618,633,"S/G2 phase",-0.386221805550071,0.193077533032076
252034506,"YEL042W","GDA1","","dma1290","Vph1_R1_Plate04",7,11,618,773,"G1 phase",-1.31562048375887,-1.40657856248424
252035124,"YEL042W","GDA1","","dma1290","Vph1_R1_Plate04",7,11,619,120,"S/G2 phase",-0.344544734778376,-0.141319776581099
252035469,"YEL042W","GDA1","","dma1290","Vph1_R1_Plate04",7,11,619,470,"MA-single",-0.928023725582107,-0.962287884142388
252035515,"YEL042W","GDA1","","dma1290","Vph1_R1_Plate04",7,11,619,518,"S/G2 phase",-0.944694553890785,-0.341626210996723
252035518,"YEL042W","GDA1","","dma1290","Vph1_R1_Plate04",7,11,619,521,"S/G2 phase",-0.99053933173965,-0.795089229335801
252035558,"YEL042W","GDA1","","dma1290","Vph1_R1_Plate04",7,11,619,563,"MA-single",-1.66570787824111,-1.76962851513637
252035762,"YEL042W","GDA1","","dma1290","Vph1_R1_Plate04",7,11,619,770,"G1 phase",-1.28644653421869,-0.944205271004998
252036070,"YEL042W","GDA1","","dma1290","Vph1_R1_Plate04",7,11,619,1082,"S/G2 phase",-0.169501037537256,0.590632955197583
252036218,"YEL042W","GDA1","","dma1290","Vph1_R1_Plate04",7,11,619,1233,"S/G2 phase",-0.0069604615276453,-0.0781616640287671
252036785,"YEL042W","GDA1","","dma1290","Vph1_R1_Plate04",7,11,620,397,"S/G2 phase",-0.511253017865156,-0.0931868305004142
252036959,"YEL042W","GDA1","","dma1290","Vph1_R1_Plate04",7,11,620,571,"S/G2 phase",-0.198674987077443,0.233697895876937
252037057,"YEL042W","GDA1","","dma1290","Vph1_R1_Plate04",7,11,620,670,"S/G2 phase",-1.41147774653377,-1.26803255071661
252037332,"YEL042W","GDA1","","dma1290","Vph1_R1_Plate04",7,11,620,950,"MA-single",-0.798824806189852,-0.660998354138249
252221174,"YER167W","BCK2","","dma1459","Vph1_R1_Plate04",4,13,337,221,"S/G2 phase",2.14357639029182,1.37543583648409
252221341,"YER167W","BCK2","","dma1459","Vph1_R1_Plate04",4,13,337,390,"MA-single",-0.39455721970441,-0.293493264916038
252221440,"YER167W","BCK2","","dma1459","Vph1_R1_Plate04",4,13,337,490,"G1 phase",-0.890514361887581,-0.81317184247319
252221613,"YER167W","BCK2","","dma1459","Vph1_R1_Plate04",4,13,337,665,"G1 phase",-0.940526846813616,-0.859907098649536
252222647,"YER167W","BCK2","","dma1459","Vph1_R1_Plate04",4,13,338,701,"MA-single",-0.548762381559682,-0.499914592663147
252222788,"YER167W","BCK2","","dma1459","Vph1_R1_Plate04",4,13,338,845,"MA phase",0.134741579096118,0.516904812743686
252222875,"YER167W","BCK2","","dma1459","Vph1_R1_Plate04",4,13,339,9,"T phase",0.901599681295308,0.991245824028831
252223360,"YER167W","BCK2","","dma1459","Vph1_R1_Plate04",4,13,339,497,"S/G2 phase",0.184754064022152,0.3933839674477
252223572,"YER167W","BCK2","","dma1459","Vph1_R1_Plate04",4,13,339,711,"G1 phase",-0.702967543414953,-0.805659259237365
252223592,"YER167W","BCK2","","dma1459","Vph1_R1_Plate04",4,13,339,731,"G1 phase",-1.01554557420267,-1.10389134257576
252223638,"YER167W","BCK2","","dma1459","Vph1_R1_Plate04",4,13,339,778,"S/G2 phase",-0.627948816025902,-0.653485770902426
252224429,"YER167W","BCK2","","dma1459","Vph1_R1_Plate04",4,13,340,686,"MA-single",-0.382054098472901,-0.200284819420414
252224455,"YER167W","BCK2","","dma1459","Vph1_R1_Plate04",4,13,340,712,"MA-single",-0.594607159408546,-0.358311134229773
252248941,"YER162C","RAD4","","dma1463","Vph1_R1_Plate04",4,21,369,13,"S/G2 phase",1.6684577834945,1.76853612207952
252248965,"YER162C","RAD4","","dma1463","Vph1_R1_Plate04",4,21,369,37,"S/G2 phase",-0.832166462807208,-0.50742717589897
252248997,"YER162C","RAD4","","dma1463","Vph1_R1_Plate04",4,21,369,70,"MA-single",-0.590439452331377,-0.795089229335801
252249044,"YER162C","RAD4","","dma1463","Vph1_R1_Plate04",4,21,369,117,"S/G2 phase",1.98937122843655,1.97941258639671
252249072,"YER162C","RAD4","","dma1463","Vph1_R1_Plate04",4,21,369,145,"S/G2 phase",3.03963341188327,2.56530672317193
252249206,"YER162C","RAD4","","dma1463","Vph1_R1_Plate04",4,21,369,282,"T phase",0.70988515574551,0.706641217257743
252249245,"YER162C","RAD4","","dma1463","Vph1_R1_Plate04",4,21,369,322,"MA-single",0.651537256665137,0.521359949313767
252249269,"YER162C","RAD4","","dma1463","Vph1_R1_Plate04",4,21,369,346,"G1 phase",-0.636284230180241,-0.682138413941382
252249280,"YER162C","RAD4","","dma1463","Vph1_R1_Plate04",4,21,369,357,"S/G2 phase",2.48116066354255,1.8920569673755
252249382,"YER162C","RAD4","","dma1463","Vph1_R1_Plate04",4,21,369,460,"G1 phase",-0.0528052393765099,-0.210592782464915
252249502,"YER162C","RAD4","","dma1463","Vph1_R1_Plate04",4,21,369,584,"T phase",0.572350822198917,1.01989846706779
252249509,"YER162C","RAD4","","dma1463","Vph1_R1_Plate04",4,21,369,591,"G1 phase",0.0972322154015925,0.00919395499243838
252249533,"YER162C","RAD4","","dma1463","Vph1_R1_Plate04",4,21,369,616,"MA-single",-0.861340412347395,-0.951717854240822
252249587,"YER162C","RAD4","","dma1463","Vph1_R1_Plate04",4,21,370,49,"S/G2 phase",2.11440244075164,2.37557031865787
252249606,"YER162C","RAD4","","dma1463","Vph1_R1_Plate04",4,21,370,70,"S/G2 phase",0.976618408684359,1.56211479433241
252249613,"YER162C","RAD4","","dma1463","Vph1_R1_Plate04",4,21,370,77,"S/G2 phase",2.46448983523387,2.33494995581301
252249670,"YER162C","RAD4","","dma1463","Vph1_R1_Plate04",4,21,370,134,"G1 phase",-1.03638410958851,-1.02850344336046
252249692,"YER162C","RAD4","","dma1463","Vph1_R1_Plate04",4,21,370,158,"T phase",1.21417771208302,1.57879971756546
252249761,"YER162C","RAD4","","dma1463","Vph1_R1_Plate04",4,21,370,227,"S/G2 phase",0.918270509603986,1.29393304393731
252249782,"YER162C","RAD4","","dma1463","Vph1_R1_Plate04",4,21,370,249,"S/G2 phase",1.5309234499479,1.69620566952996
252249815,"YER162C","RAD4","","dma1463","Vph1_R1_Plate04",4,21,370,282,"MA-single",-0.348712441855545,-0.109871753733465
252249820,"YER162C","RAD4","","dma1463","Vph1_R1_Plate04",4,21,370,287,"S/G2 phase",3.08131048265496,2.58199164640498
252249847,"YER162C","RAD4","","dma1463","Vph1_R1_Plate04",4,21,370,315,"S/G2 phase",0.88076114590946,0.721666383729391
252249866,"YER162C","RAD4","","dma1463","Vph1_R1_Plate04",4,21,370,334,"T phase",2.3102846733786,1.96132997325932
252249892,"YER162C","RAD4","","dma1463","Vph1_R1_Plate04",4,21,370,360,"S/G2 phase",0.730723691131358,0.346648711271356
252249924,"YER162C","RAD4","","dma1463","Vph1_R1_Plate04",4,21,370,393,"G1 phase",-0.30703537108385,-0.522452342370618
252249998,"YER162C","RAD4","","dma1463","Vph1_R1_Plate04",4,21,370,472,"G1 phase",-0.457072825861952,-0.671568384039816
252250019,"YER162C","RAD4","","dma1463","Vph1_R1_Plate04",4,21,370,494,"S/G2 phase",1.19333917669717,1.34984064011088
252250033,"YER162C","RAD4","","dma1463","Vph1_R1_Plate04",4,21,370,508,"G1 phase",-0.165333330460087,-0.311575878053428
252250100,"YER162C","RAD4","","dma1463","Vph1_R1_Plate04",4,21,370,577,"S/G2 phase",1.58510364195111,1.38600586638566
252250111,"YER162C","RAD4","","dma1463","Vph1_R1_Plate04",4,21,370,588,"T phase",1.18083605546567,1.65864275335084
252250130,"YER162C","RAD4","","dma1463","Vph1_R1_Plate04",4,21,370,607,"S/G2 phase",0.238934256025356,0.186962639700592
252250153,"YER162C","RAD4","","dma1463","Vph1_R1_Plate04",4,21,370,632,"MA phase",0.80157471144324,1.04103852687092
252250169,"YER162C","RAD4","","dma1463","Vph1_R1_Plate04",4,21,370,648,"S/G2 phase",1.88101084443014,1.58631230080128
252250184,"YER162C","RAD4","","dma1463","Vph1_R1_Plate04",4,21,371,14,"S/G2 phase",-0.286196835698003,-0.234790288933789
252250258,"YER162C","RAD4","","dma1463","Vph1_R1_Plate04",4,21,371,89,"T phase",0.897431974218138,0.917517681574933
252250342,"YER162C","RAD4","","dma1463","Vph1_R1_Plate04",4,21,371,175,"S/G2 phase",0.62653101420212,0.583120371961758
252250345,"YER162C","RAD4","","dma1463","Vph1_R1_Plate04",4,21,371,178,"T phase",0.893264267140969,0.745863890198265
252250498,"YER162C","RAD4","","dma1463","Vph1_R1_Plate04",4,21,371,336,"S/G2 phase",0.70988515574551,1.27751018756132
252250524,"YER162C","RAD4","","dma1463","Vph1_R1_Plate04",4,21,371,362,"G1 phase",0.105567629555931,-0.0600790508913775
252250531,"YER162C","RAD4","","dma1463","Vph1_R1_Plate04",4,21,371,369,"G1 phase",-0.286196835698003,-0.337171074426641
252250550,"YER162C","RAD4","","dma1463","Vph1_R1_Plate04",4,21,371,388,"T phase",2.41864505738501,2.1602387177706
252250559,"YER162C","RAD4","","dma1463","Vph1_R1_Plate04",4,21,371,397,"S/G2 phase",2.62286270416632,2.20837166385128
252250579,"YER162C","RAD4","","dma1463","Vph1_R1_Plate04",4,21,371,417,"S/G2 phase",0.609860185893442,0.476284449898826
252250605,"YER162C","RAD4","","dma1463","Vph1_R1_Plate04",4,21,371,444,"T phase",1.8726754302758,1.88899952070976
252250615,"YER162C","RAD4","","dma1463","Vph1_R1_Plate04",4,21,371,454,"S/G2 phase",0.401474832034967,0.37669904421465
252250653,"YER162C","RAD4","","dma1463","Vph1_R1_Plate04",4,21,371,492,"S/G2 phase",1.90184937981599,2.20085908061546
252250714,"YER162C","RAD4","","dma1463","Vph1_R1_Plate04",4,21,371,553,"S/G2 phase",1.59760676318262,2.38919779522518
252250772,"YER162C","RAD4","","dma1463","Vph1_R1_Plate04",4,21,371,613,"S/G2 phase",-0.340377027701206,-0.533022372272184
252250784,"YER162C","RAD4","","dma1463","Vph1_R1_Plate04",4,21,371,625,"MA-single",-0.940526846813616,-0.856849651983793
252250820,"YER162C","RAD4","","dma1463","Vph1_R1_Plate04",4,21,372,31,"S/G2 phase",1.32253809608943,1.34372574677939
252250872,"YER162C","RAD4","","dma1463","Vph1_R1_Plate04",4,21,372,85,"S/G2 phase",1.68512861180318,1.40103103285731
252251007,"YER162C","RAD4","","dma1463","Vph1_R1_Plate04",4,21,372,222,"S/G2 phase",0.480661266501187,0.506334782842119
252251026,"YER162C","RAD4","","dma1463","Vph1_R1_Plate04",4,21,372,241,"S/G2 phase",0.964115287452851,1.045493663441
252251048,"YER162C","RAD4","","dma1463","Vph1_R1_Plate04",4,21,372,263,"T phase",1.93935874351052,2.30323986610831
252251069,"YER162C","RAD4","","dma1463","Vph1_R1_Plate04",4,21,372,284,"S/G2 phase",2.03521600628541,2.34997512228465
252251184,"YER162C","RAD4","","dma1463","Vph1_R1_Plate04",4,21,372,401,"S/G2 phase",1.33504121732094,2.03811556237896
252251197,"YER162C","RAD4","","dma1463","Vph1_R1_Plate04",4,21,372,416,"S/G2 phase",0.126406164941779,-0.100699413736238
252251201,"YER162C","RAD4","","dma1463","Vph1_R1_Plate04",4,21,372,420,"S/G2 phase",0.618195600047781,1.14341931236377
252251235,"YER162C","RAD4","","dma1463","Vph1_R1_Plate04",4,21,372,455,"MA phase",0.422313367420814,0.629855628138104
252251256,"YER162C","RAD4","","dma1463","Vph1_R1_Plate04",4,21,372,476,"T phase",2.56451480508594,2.76867060425329
252251308,"YER162C","RAD4","","dma1463","Vph1_R1_Plate04",4,21,372,528,"S/G2 phase",0.268108205565542,0.360276187838664
252251324,"YER162C","RAD4","","dma1463","Vph1_R1_Plate04",4,21,372,544,"T phase",2.31445238045577,2.72359510483835
252251344,"YER162C","RAD4","","dma1463","Vph1_R1_Plate04",4,21,372,564,"S/G2 phase",2.3102846733786,2.15106637777337
252251358,"YER162C","RAD4","","dma1463","Vph1_R1_Plate04",4,21,372,578,"T phase",2.36029715830464,2.20837166385128
252251363,"YER162C","RAD4","","dma1463","Vph1_R1_Plate04",4,21,372,583,"T phase",3.10214901804081,2.92084409258823
252251373,"YER162C","RAD4","","dma1463","Vph1_R1_Plate04",4,21,372,593,"S/G2 phase",0.976618408684359,1.03798108020518
252251400,"YER162C","RAD4","","dma1463","Vph1_R1_Plate04",4,21,372,621,"S/G2 phase",1.48924637917621,1.55154476443084
252254392,"YER161C","SPT2","","dma1464","Vph1_R1_Plate04",4,23,377,135,"S/G2 phase",-0.64461964433458,-0.379451194032905
252254675,"YER161C","SPT2","","dma1464","Vph1_R1_Plate04",4,23,377,423,"G1 phase",-0.865508119424564,-0.841824485512146
252255051,"YER161C","SPT2","","dma1464","Vph1_R1_Plate04",4,23,378,148,"T phase",0.730723691131358,0.953682907849713
252255293,"YER161C","SPT2","","dma1464","Vph1_R1_Plate04",4,23,378,396,"S/G2 phase",0.722388276977019,0.81653458598642
252255349,"YER161C","SPT2","","dma1464","Vph1_R1_Plate04",4,23,378,452,"S/G2 phase",-0.177836451691595,-0.112667133542143
252255469,"YER161C","SPT2","","dma1464","Vph1_R1_Plate04",4,23,378,574,"T phase",2.23943365306672,2.18277646747807
252327799,"YDR532C","KRE28","","dma1246","Vph1_R1_Plate04",15,20,1422,12,"S/G2 phase",1.67679319764884,1.6872953963898
252327820,"YDR532C","KRE28","","dma1246","Vph1_R1_Plate04",15,20,1422,35,"S/G2 phase",0.468158145269679,1.44776628903365
252327859,"YDR532C","KRE28","","dma1246","Vph1_R1_Plate04",15,20,1423,39,"T phase",3.21050940204722,2.57893419973923
252327892,"YDR532C","KRE28","","dma1246","Vph1_R1_Plate04",15,20,1424,6,"S/G2 phase",2.38530340076765,1.71428828266735
252327893,"YDR532C","KRE28","","dma1246","Vph1_R1_Plate04",15,20,1424,7,"S/G2 phase",0.772400761903053,0.372243907644569
252327894,"YDR532C","KRE28","","dma1246","Vph1_R1_Plate04",15,20,1424,8,"G1 phase",-0.582104038177038,-0.664055800803992
252327917,"YDR532C","KRE28","","dma1246","Vph1_R1_Plate04",15,20,1424,33,"S/G2 phase",4.20659139349073,3.19042353288767
252327926,"YDR532C","KRE28","","dma1246","Vph1_R1_Plate04",15,20,1424,42,"T phase",3.88984565562585,3.07747271749325
252454862,"YER155C","BEM2","","dma1444","Vph1_R1_Plate04",2,7,121,89,"G1 phase",0.263940498488373,0.0528717645030411
252454936,"YER155C","BEM2","","dma1444","Vph1_R1_Plate04",2,7,121,166,"MA-single",-0.398724926781579,-0.405046390406118
252454937,"YER155C","BEM2","","dma1444","Vph1_R1_Plate04",2,7,121,167,"T phase",6.29461263915265,5.24799778331313
252455065,"YER155C","BEM2","","dma1444","Vph1_R1_Plate04",2,7,121,295,"S/G2 phase",1.74764421796072,1.38434610962426
252455090,"YER155C","BEM2","","dma1444","Vph1_R1_Plate04",2,7,121,321,"S/G2 phase",1.46007242963602,1.36180835991678
252455092,"YER155C","BEM2","","dma1444","Vph1_R1_Plate04",2,7,121,323,"S/G2 phase",3.44806870544588,2.69188501513365
252455159,"YER155C","BEM2","","dma1444","Vph1_R1_Plate04",2,7,121,391,"MA-single",-0.73214149295514,-0.489344562761581
252455258,"YER155C","BEM2","","dma1444","Vph1_R1_Plate04",2,7,122,14,"S/G2 phase",0.205592599408,0.375301354310311
252455401,"YER155C","BEM2","","dma1444","Vph1_R1_Plate04",2,7,122,160,"S/G2 phase",-1.09473200866889,-1.0933213126742
252455432,"YER155C","BEM2","","dma1444","Vph1_R1_Plate04",2,7,122,192,"G1 phase",-1.39897462530226,-1.628025056703
252455519,"YER155C","BEM2","","dma1444","Vph1_R1_Plate04",2,7,122,279,"S/G2 phase",1.83933377365845,1.54263449129068
252455582,"YER155C","BEM2","","dma1444","Vph1_R1_Plate04",2,7,122,343,"S/G2 phase",3.35221144267098,3.01265484817952
252455630,"YER155C","BEM2","","dma1444","Vph1_R1_Plate04",2,7,122,394,"S/G2 phase",0.930773630835495,0.899435068437544
252455645,"YER155C","BEM2","","dma1444","Vph1_R1_Plate04",2,7,122,410,"T phase",2.38530340076765,2.60147194944671
252455662,"YER155C","BEM2","","dma1444","Vph1_R1_Plate04",2,7,122,427,"S/G2 phase",5.40689103171555,3.8636732886841
252455725,"YER155C","BEM2","","dma1444","Vph1_R1_Plate04",2,7,122,491,"S/G2 phase",-0.0194635827591538,0.430946883626819
252455930,"YER155C","BEM2","","dma1444","Vph1_R1_Plate04",2,7,123,130,"MA-single",-1.59068915085206,-1.68227289611516
252456109,"YER155C","BEM2","","dma1444","Vph1_R1_Plate04",2,7,123,317,"S/G2 phase",2.62703041124349,2.84100105680285
252456137,"YER155C","BEM2","","dma1444","Vph1_R1_Plate04",2,7,123,345,"MA phase",0.309785276337238,0.851302122356861
252456273,"YER155C","BEM2","","dma1444","Vph1_R1_Plate04",2,7,123,483,"S/G2 phase",1.70596714718902,1.18264198530429
252456286,"YER155C","BEM2","","dma1444","Vph1_R1_Plate04",2,7,124,2,"S/G2 phase",0.864090317600782,0.778971669807302
252456304,"YER155C","BEM2","","dma1444","Vph1_R1_Plate04",2,7,124,21,"T phase",2.18942116814069,2.49157858071803
252456422,"YER155C","BEM2","","dma1444","Vph1_R1_Plate04",2,7,124,145,"S/G2 phase",3.01045946234308,2.83488616347137
252456513,"YER155C","BEM2","","dma1444","Vph1_R1_Plate04",2,7,124,240,"S/G2 phase",1.31003497485792,1.0891714729516
252456528,"YER155C","BEM2","","dma1444","Vph1_R1_Plate04",2,7,124,257,"S/G2 phase",-0.323706199392528,-0.234790288933789
252456567,"YER155C","BEM2","","dma1444","Vph1_R1_Plate04",2,7,124,297,"S/G2 phase",0.580686236353256,0.852699812261199
252456605,"YER155C","BEM2","","dma1444","Vph1_R1_Plate04",2,7,124,336,"S/G2 phase",-0.432066583398935,-0.0917891405960757
252456607,"YER155C","BEM2","","dma1444","Vph1_R1_Plate04",2,7,124,338,"S/G2 phase",0.755729933594375,0.583120371961758
252456666,"YER155C","BEM2","","dma1444","Vph1_R1_Plate04",2,7,124,399,"S/G2 phase",-0.669625886797597,0.135772246954166
252456722,"YER155C","BEM2","","dma1444","Vph1_R1_Plate04",2,7,124,457,"S/G2 phase",5.40272332463838,3.94936915094391
252456764,"YER155C","BEM2","","dma1444","Vph1_R1_Plate04",2,7,124,500,"MA phase",0.659872670819476,0.608715568334972
252456784,"YER155C","BEM2","","dma1444","Vph1_R1_Plate04",2,7,124,520,"S/G2 phase",2.73122308817272,2.15106637777337
252470723,"YER151C","UBP3","","dma1447","Vph1_R1_Plate04",2,13,145,15,"T phase",-0.0194635827591538,-0.0177989312851139
252470726,"YER151C","UBP3","","dma1447","Vph1_R1_Plate04",2,13,145,18,"G1 phase",0.922438216681156,0.498822199606295
252470761,"YER151C","UBP3","","dma1447","Vph1_R1_Plate04",2,13,145,54,"S/G2 phase",1.11415274223095,1.86951921766803
252470790,"YER151C","UBP3","","dma1447","Vph1_R1_Plate04",2,13,145,83,"S/G2 phase",4.98595261692143,3.89983851495888
252470813,"YER151C","UBP3","","dma1447","Vph1_R1_Plate04",2,13,145,106,"T phase",0.789071590211731,0.747261580102604
252470821,"YER151C","UBP3","","dma1447","Vph1_R1_Plate04",2,13,145,114,"S/G2 phase",2.04355142043975,2.15718127110486
252470847,"YER151C","UBP3","","dma1447","Vph1_R1_Plate04",2,13,145,140,"MA-single",-1.41564545361094,-1.60242986032978
252470880,"YER151C","UBP3","","dma1447","Vph1_R1_Plate04",2,13,145,174,"S/G2 phase",0.00554265970386323,0.191417776270674
252470881,"YER151C","UBP3","","dma1447","Vph1_R1_Plate04",2,13,145,175,"T phase",0.63069872127929,0.727781277060876
252470897,"YER151C","UBP3","","dma1447","Vph1_R1_Plate04",2,13,145,191,"S/G2 phase",-0.236184350771968,0.306028348426495
252470909,"YER151C","UBP3","","dma1447","Vph1_R1_Plate04",2,13,145,203,"G1 phase",-0.4779113612478,-0.135466950106678
252470929,"YER151C","UBP3","","dma1447","Vph1_R1_Plate04",2,13,145,223,"G1 phase",0.0805613870929144,-0.0208563779508552
252470940,"YER151C","UBP3","","dma1447","Vph1_R1_Plate04",2,13,145,234,"S/G2 phase",3.51475201868059,2.45541335444325
252470963,"YER151C","UBP3","","dma1447","Vph1_R1_Plate04",2,13,145,259,"MA phase",1.51008491456206,2.16469385434068
252470966,"YER151C","UBP3","","dma1447","Vph1_R1_Plate04",2,13,145,262,"S/G2 phase",2.05605454167126,2.05619817551635
252470987,"YER151C","UBP3","","dma1447","Vph1_R1_Plate04",2,13,145,285,"S/G2 phase",0.555679993890239,0.321053514898142
252471019,"YER151C","UBP3","","dma1447","Vph1_R1_Plate04",2,13,145,317,"S/G2 phase",1.04746942899624,0.989848134124492
252471051,"YER151C","UBP3","","dma1447","Vph1_R1_Plate04",2,13,145,349,"T phase",1.07664337853643,0.979278104222926
252471076,"YER151C","UBP3","","dma1447","Vph1_R1_Plate04",2,13,145,374,"MA-single",-0.173668744614426,-0.368881164131339
252471084,"YER151C","UBP3","","dma1447","Vph1_R1_Plate04",2,13,146,4,"S/G2 phase",-0.0611406535308489,-0.154947253148407
252471102,"YER151C","UBP3","","dma1447","Vph1_R1_Plate04",2,13,146,22,"S/G2 phase",0.88076114590946,0.855757258926943
252471103,"YER151C","UBP3","","dma1447","Vph1_R1_Plate04",2,13,146,23,"G1 phase",-0.598774866485716,-0.748353973159455
252471113,"YER151C","UBP3","","dma1447","Vph1_R1_Plate04",2,13,146,33,"S/G2 phase",1.71013485426619,1.68869308629413
252471159,"YER151C","UBP3","","dma1447","Vph1_R1_Plate04",2,13,146,80,"S/G2 phase",1.36421516686112,1.33761085344791
252471170,"YER151C","UBP3","","dma1447","Vph1_R1_Plate04",2,13,146,91,"S/G2 phase",1.26002248993189,1.4627914555053
252471175,"YER151C","UBP3","","dma1447","Vph1_R1_Plate04",2,13,146,96,"S/G2 phase",1.2850287323949,1.59076743737136
252471183,"YER151C","UBP3","","dma1447","Vph1_R1_Plate04",2,13,146,104,"S/G2 phase",4.86508911168351,3.54569883544691
252471199,"YER151C","UBP3","","dma1447","Vph1_R1_Plate04",2,13,146,120,"S/G2 phase",0.868258024677952,0.801509419514772
252471218,"YER151C","UBP3","","dma1447","Vph1_R1_Plate04",2,13,146,139,"S/G2 phase",1.98103581428221,1.70371825276578
252471223,"YER151C","UBP3","","dma1447","Vph1_R1_Plate04",2,13,146,144,"T phase",3.02713029065176,2.14215610463321
252471241,"YER151C","UBP3","","dma1447","Vph1_R1_Plate04",2,13,146,163,"S/G2 phase",2.90626678541384,2.31826503257996
252471259,"YER151C","UBP3","","dma1447","Vph1_R1_Plate04",2,13,146,181,"S/G2 phase",0.918270509603986,0.790939389613207
252471269,"YER151C","UBP3","","dma1447","Vph1_R1_Plate04",2,13,146,191,"S/G2 phase",1.88934625858448,2.25204947336189
252471275,"YER151C","UBP3","","dma1447","Vph1_R1_Plate04",2,13,146,197,"G1 phase",-0.64461964433458,-0.740841389923632
252471315,"YER151C","UBP3","","dma1447","Vph1_R1_Plate04",2,13,146,238,"T phase",1.04330172191907,1.667553026491
252471372,"YER151C","UBP3","","dma1447","Vph1_R1_Plate04",2,13,146,296,"G1 phase",-0.998874745893989,-1.21684215797018
252471384,"YER151C","UBP3","","dma1447","Vph1_R1_Plate04",2,13,146,308,"S/G2 phase",2.06855766290277,2.0411730090447
252471389,"YER151C","UBP3","","dma1447","Vph1_R1_Plate04",2,13,146,313,"S/G2 phase",3.377217685134,2.45986849101333
252471400,"YER151C","UBP3","","dma1447","Vph1_R1_Plate04",2,13,146,324,"T phase",3.623112402687,2.60898453268253
252471401,"YER151C","UBP3","","dma1447","Vph1_R1_Plate04",2,13,146,325,"S/G2 phase",0.88492885298663,1.11336897942048
252471412,"YER151C","UBP3","","dma1447","Vph1_R1_Plate04",2,13,147,3,"G1 phase",0.672375792050985,0.171937473228945
252471447,"YER151C","UBP3","","dma1447","Vph1_R1_Plate04",2,13,147,39,"T phase",0.955779873298512,1.33927061020931
252471452,"YER151C","UBP3","","dma1447","Vph1_R1_Plate04",2,13,147,44,"S/G2 phase",1.22251312623736,1.0772037531457
252471457,"YER151C","UBP3","","dma1447","Vph1_R1_Plate04",2,13,147,49,"T phase",2.61452729001198,2.46598338434482
252471474,"YER151C","UBP3","","dma1447","Vph1_R1_Plate04",2,13,147,66,"S/G2 phase",0.876593438832291,0.938657741378066
252471480,"YER151C","UBP3","","dma1447","Vph1_R1_Plate04",2,13,147,72,"S/G2 phase",2.16858263275484,2.0848508185553
252471489,"YER151C","UBP3","","dma1447","Vph1_R1_Plate04",2,13,147,81,"S/G2 phase",0.984953822838698,0.717211247159309
252471502,"YER151C","UBP3","","dma1447","Vph1_R1_Plate04",2,13,147,94,"S/G2 phase",1.56009739948809,1.34232805687506
252471514,"YER151C","UBP3","","dma1447","Vph1_R1_Plate04",2,13,147,108,"S/G2 phase",0.939109044989834,0.929485401380839
252471515,"YER151C","UBP3","","dma1447","Vph1_R1_Plate04",2,13,147,109,"MA-single",-1.5031673022315,-1.70035550925255
252471536,"YER151C","UBP3","","dma1447","Vph1_R1_Plate04",2,13,147,130,"G1 phase",-1.36146526160774,-1.59185983042822
252471537,"YER151C","UBP3","","dma1447","Vph1_R1_Plate04",2,13,147,131,"G1 phase",0.218095720639508,-0.0614767407957166
252471541,"YER151C","UBP3","","dma1447","Vph1_R1_Plate04",2,13,147,135,"S/G2 phase",1.8184952382726,1.34984064011088
252471554,"YER151C","UBP3","","dma1447","Vph1_R1_Plate04",2,13,147,148,"G1 phase",0.559847700967408,0.301573211856415
252471565,"YER151C","UBP3","","dma1447","Vph1_R1_Plate04",2,13,147,159,"MA-single",0.568183115121747,0.208102699503723
252471570,"YER151C","UBP3","","dma1447","Vph1_R1_Plate04",2,13,147,165,"S/G2 phase",1.07247567145926,1.10279894951891
252471585,"YER151C","UBP3","","dma1447","Vph1_R1_Plate04",2,13,147,180,"S/G2 phase",0.093064508324423,0.39478165735204
252471590,"YER151C","UBP3","","dma1447","Vph1_R1_Plate04",2,13,147,185,"T phase",1.39755682347848,1.56071710442807
252471598,"YER151C","UBP3","","dma1447","Vph1_R1_Plate04",2,13,147,193,"T phase",2.87292512879649,1.90568444394281
252471610,"YER151C","UBP3","","dma1447","Vph1_R1_Plate04",2,13,147,205,"S/G2 phase",2.86458971464215,2.73556282464426
252471641,"YER151C","UBP3","","dma1447","Vph1_R1_Plate04",2,13,147,236,"S/G2 phase",1.26002248993189,1.59828002060719
252471648,"YER151C","UBP3","","dma1447","Vph1_R1_Plate04",2,13,147,243,"G1 phase",-0.148662502151409,0.0951518841093047
252471654,"YER151C","UBP3","","dma1447","Vph1_R1_Plate04",2,13,147,249,"G1 phase",0.268108205565542,0.110177050580952
252471655,"YER151C","UBP3","","dma1447","Vph1_R1_Plate04",2,13,147,250,"S/G2 phase",2.02271288505391,1.59688233070285
252471666,"YER151C","UBP3","","dma1447","Vph1_R1_Plate04",2,13,147,261,"G1 phase",-1.31978819083604,-1.41714859238581
252471683,"YER151C","UBP3","","dma1447","Vph1_R1_Plate04",2,13,147,278,"T phase",3.44806870544588,2.5895042296408
252471686,"YER151C","UBP3","","dma1447","Vph1_R1_Plate04",2,13,147,281,"G1 phase",-0.21951352246329,-0.23924542550387
252471694,"YER151C","UBP3","","dma1447","Vph1_R1_Plate04",2,13,147,289,"MA phase",1.83516606658128,1.70983314609727
252471714,"YER151C","UBP3","","dma1447","Vph1_R1_Plate04",2,13,147,309,"G1 phase",-0.173668744614426,-0.106814307067722
252471728,"YER151C","UBP3","","dma1447","Vph1_R1_Plate04",2,13,147,323,"T phase",2.15191180444616,1.56962737756823
252471739,"YER151C","UBP3","","dma1447","Vph1_R1_Plate04",2,13,147,334,"S/G2 phase",0.834916368060596,1.10419663942325
252471753,"YER151C","UBP3","","dma1447","Vph1_R1_Plate04",2,13,148,9,"S/G2 phase",0.651537256665137,0.361673877743003
252471757,"YER151C","UBP3","","dma1447","Vph1_R1_Plate04",2,13,148,13,"MA phase",1.97686810720504,1.93127964031602
252471768,"YER151C","UBP3","","dma1447","Vph1_R1_Plate04",2,13,148,25,"S/G2 phase",2.0643899558256,2.01252036600574
252471773,"YER151C","UBP3","","dma1447","Vph1_R1_Plate04",2,13,148,30,"T phase",1.1766683483885,1.45973400883956
252471788,"YER151C","UBP3","","dma1447","Vph1_R1_Plate04",2,13,148,45,"T phase",2.30194925922426,2.52468636032707
252471801,"YER151C","UBP3","","dma1447","Vph1_R1_Plate04",2,13,148,58,"T phase",1.08914649976794,0.870782425398589
252471802,"YER151C","UBP3","","dma1447","Vph1_R1_Plate04",2,13,148,59,"S/G2 phase",0.726555984054189,0.973163210891441
252471818,"YER151C","UBP3","","dma1447","Vph1_R1_Plate04",2,13,148,75,"G1 phase",-0.598774866485716,-0.584212765018611
252471842,"YER151C","UBP3","","dma1447","Vph1_R1_Plate04",2,13,148,99,"G1 phase",0.272275912642712,0.0122514016581809
252471843,"YER151C","UBP3","","dma1447","Vph1_R1_Plate04",2,13,148,100,"T phase",2.41030964323067,1.78661873521691
252471848,"YER151C","UBP3","","dma1447","Vph1_R1_Plate04",2,13,148,105,"T phase",2.7895709872531,2.43427329464012
252471857,"YER151C","UBP3","","dma1447","Vph1_R1_Plate04",2,13,148,114,"T phase",3.17716774542986,2.32743737257719
252471902,"YER151C","UBP3","","dma1447","Vph1_R1_Plate04",2,13,148,159,"MA-single",-0.498749896633648,-0.451781646582464
252471932,"YER151C","UBP3","","dma1447","Vph1_R1_Plate04",2,13,148,189,"MA-single",-0.669625886797597,-0.481831979525757
252471963,"YER151C","UBP3","","dma1447","Vph1_R1_Plate04",2,13,148,220,"T phase",1.58093593487394,1.47336148540686
252471994,"YER151C","UBP3","","dma1447","Vph1_R1_Plate04",2,13,148,253,"T phase",2.49366378477406,2.0848508185553
252472004,"YER151C","UBP3","","dma1447","Vph1_R1_Plate04",2,13,148,263,"T phase",1.94352645058769,1.57574227089972
252472017,"YER151C","UBP3","","dma1447","Vph1_R1_Plate04",2,13,148,276,"S/G2 phase",1.17250064131133,1.37989097305417
252472039,"YER151C","UBP3","","dma1447","Vph1_R1_Plate04",2,13,148,298,"G1 phase",-0.611277987717224,-0.83570959218066
252472066,"YER151C","UBP3","","dma1447","Vph1_R1_Plate04",2,13,148,325,"T phase",3.80649151408246,2.74307540788008
252472067,"YER151C","UBP3","","dma1447","Vph1_R1_Plate04",2,13,148,326,"S/G2 phase",0.193089478176491,0.495764752940553
252573468,"YFL018C","LPD1","lpd1-supp1","dma1482","Vph1_R1_Plate04",8,11,716,16,"T phase",0.997456944070207,1.91013958051289
252710674,"YFL025C","BST1","","dma1500","Vph1_R1_Plate04",10,23,953,24,"S/G2 phase",0.914102802526816,0.685501157454612
252710679,"YFL025C","BST1","","dma1500","Vph1_R1_Plate04",10,23,953,29,"T phase",0.63069872127929,1.38294841971992
252710680,"YFL025C","BST1","","dma1500","Vph1_R1_Plate04",10,23,953,30,"S/G2 phase",-0.0111281686048148,0.158309996661636
252710729,"YFL025C","BST1","","dma1500","Vph1_R1_Plate04",10,23,953,81,"MA-single",-1.24060175636982,-1.43217375885745
252710771,"YFL025C","BST1","","dma1500","Vph1_R1_Plate04",10,23,953,123,"S/G2 phase",0.313952983414407,0.42954919372248
252710859,"YFL025C","BST1","","dma1500","Vph1_R1_Plate04",10,23,953,216,"S/G2 phase",-0.119488552611222,0.0439614913628784
252710909,"YFL025C","BST1","","dma1500","Vph1_R1_Plate04",10,23,953,266,"G1 phase",-1.11557054405474,-1.04824581325925
252711056,"YFL025C","BST1","","dma1500","Vph1_R1_Plate04",10,23,953,414,"S/G2 phase",0.0263811950897108,1.03798108020518
252711126,"YFL025C","BST1","","dma1500","Vph1_R1_Plate04",10,23,953,484,"S/G2 phase",0.230598841871017,0.280433152053284
252711337,"YFL025C","BST1","","dma1500","Vph1_R1_Plate04",10,23,954,63,"S/G2 phase",1.75181192503789,1.46724659207538
252711364,"YFL025C","BST1","","dma1500","Vph1_R1_Plate04",10,23,954,90,"S/G2 phase",2.87292512879649,2.41758837140707
252711699,"YFL025C","BST1","","dma1500","Vph1_R1_Plate04",10,23,954,426,"S/G2 phase",1.45173701548168,1.61496494384024
252711961,"YFL025C","BST1","","dma1500","Vph1_R1_Plate04",10,23,954,689,"MA-single",-1.45732252438263,-1.63859508660456
252711975,"YFL025C","BST1","","dma1500","Vph1_R1_Plate04",10,23,954,703,"MA-single",-0.415395755090257,-0.475717086194273
252711984,"YFL025C","BST1","","dma1500","Vph1_R1_Plate04",10,23,954,712,"S/G2 phase",-0.106985431379714,0.0122514016581809
252712006,"YFL025C","BST1","","dma1500","Vph1_R1_Plate04",10,23,955,19,"S/G2 phase",-0.669625886797597,-0.14437722324684
252712014,"YFL025C","BST1","","dma1500","Vph1_R1_Plate04",10,23,955,27,"S/G2 phase",0.701549741591171,1.0018158539304
252712063,"YFL025C","BST1","","dma1500","Vph1_R1_Plate04",10,23,955,76,"S/G2 phase",3.06880736142345,3.22519106925811
252712201,"YFL025C","BST1","","dma1500","Vph1_R1_Plate04",10,23,955,218,"T phase",3.21467710912439,2.78981066405642
252712266,"YFL025C","BST1","","dma1500","Vph1_R1_Plate04",10,23,955,283,"S/G2 phase",1.25168707577755,1.13450903922361
252712302,"YFL025C","BST1","","dma1500","Vph1_R1_Plate04",10,23,955,319,"S/G2 phase",0.0180457809353718,0.266805675485974
252712326,"YFL025C","BST1","","dma1500","Vph1_R1_Plate04",10,23,955,343,"G1 phase",-0.523756139096665,-0.394476360504552
252712356,"YFL025C","BST1","","dma1500","Vph1_R1_Plate04",10,23,955,374,"S/G2 phase",1.63928383395431,1.39046100295574
252712379,"YFL025C","BST1","","dma1500","Vph1_R1_Plate04",10,23,955,397,"S/G2 phase",0.568183115121747,0.501879646272039
252712428,"YFL025C","BST1","","dma1500","Vph1_R1_Plate04",10,23,955,446,"S/G2 phase",0.447319609883831,0.631253318042443
252712444,"YFL025C","BST1","","dma1500","Vph1_R1_Plate04",10,23,955,462,"S/G2 phase",0.589021650507595,0.702186080687663
252712460,"YFL025C","BST1","","dma1500","Vph1_R1_Plate04",10,23,955,479,"MA phase",3.58977074606964,2.89524889621502
252712466,"YFL025C","BST1","","dma1500","Vph1_R1_Plate04",10,23,955,485,"S/G2 phase",0.426481074497984,0.569492895394451
252712607,"YFL025C","BST1","","dma1500","Vph1_R1_Plate04",10,23,955,626,"G1 phase",0.205592599408,-0.0600790508913775
252712707,"YFL025C","BST1","","dma1500","Vph1_R1_Plate04",10,23,956,28,"S/G2 phase",0.780736176057392,0.953682907849713
252712831,"YFL025C","BST1","","dma1500","Vph1_R1_Plate04",10,23,956,153,"S/G2 phase",-0.444569704630444,-0.322145907954994
252712845,"YFL025C","BST1","","dma1500","Vph1_R1_Plate04",10,23,956,167,"S/G2 phase",0.0597228517070669,0.287945735289105
252712852,"YFL025C","BST1","","dma1500","Vph1_R1_Plate04",10,23,956,175,"S/G2 phase",1.48924637917621,1.72625600247325
252712868,"YFL025C","BST1","","dma1500","Vph1_R1_Plate04",10,23,956,191,"S/G2 phase",-0.227848936617629,0.209500389408063
252712933,"YFL025C","BST1","","dma1500","Vph1_R1_Plate04",10,23,956,257,"S/G2 phase",1.10581732807661,1.21269231824759
252712953,"YFL025C","BST1","","dma1500","Vph1_R1_Plate04",10,23,956,278,"MA-single",0.276443619719881,0.409806823823687
252713007,"YFL025C","BST1","","dma1500","Vph1_R1_Plate04",10,23,956,332,"S/G2 phase",2.18108575398635,1.96132997325932
252713058,"YFL025C","BST1","","dma1500","Vph1_R1_Plate04",10,23,956,383,"T phase",1.3267058031666,1.08331864647718
252713070,"YFL025C","BST1","","dma1500","Vph1_R1_Plate04",10,23,956,395,"T phase",2.28527843091559,2.49909116395385
252713076,"YFL025C","BST1","","dma1500","Vph1_R1_Plate04",10,23,956,401,"S/G2 phase",1.1766683483885,1.20517973501176
252713109,"YFL025C","BST1","","dma1500","Vph1_R1_Plate04",10,23,956,435,"T phase",2.45198671400237,2.51105888375976
252713118,"YFL025C","BST1","","dma1500","Vph1_R1_Plate04",10,23,956,445,"G1 phase",-1.02388098835701,-0.923065211201866
252713129,"YFL025C","BST1","","dma1500","Vph1_R1_Plate04",10,23,956,456,"S/G2 phase",1.84350148073562,1.39797358619156
252713169,"YFL025C","BST1","","dma1500","Vph1_R1_Plate04",10,23,956,496,"S/G2 phase",0.989121529915868,1.05606369334257
252713177,"YFL025C","BST1","","dma1500","Vph1_R1_Plate04",10,23,956,504,"S/G2 phase",1.78932128873241,1.69175053295988
252713195,"YFL025C","BST1","","dma1500","Vph1_R1_Plate04",10,23,956,522,"G1 phase",-0.965533089276633,-0.859907098649536
252713200,"YFL025C","BST1","","dma1500","Vph1_R1_Plate04",10,23,956,527,"S/G2 phase",0.772400761903053,0.510789919412201
252713280,"YFL025C","BST1","","dma1500","Vph1_R1_Plate04",10,23,956,608,"S/G2 phase",0.243101963102525,0.233697895876937
252713317,"YFL025C","BST1","","dma1500","Vph1_R1_Plate04",10,23,956,646,"S/G2 phase",3.90234877685736,3.05633265769012
252713359,"YFL025C","BST1","","dma1500","Vph1_R1_Plate04",10,23,956,688,"S/G2 phase",-0.177836451691595,0.00613650832669586
252713380,"YFL025C","BST1","","dma1500","Vph1_R1_Plate04",10,23,956,709,"T phase",2.61452729001198,1.90708213384715
252734357,"YDR497C","ITR1","","dma1223","Vph1_R1_Plate04",11,22,1045,28,"T phase",-0.111153138456883,0.168880026563202
252734382,"YDR497C","ITR1","","dma1223","Vph1_R1_Plate04",11,22,1045,54,"S/G2 phase",2.36029715830464,1.9357347768861
252734393,"YDR497C","ITR1","","dma1223","Vph1_R1_Plate04",11,22,1045,65,"S/G2 phase",0.451487316961001,0.625400491568023
252734416,"YDR497C","ITR1","","dma1223","Vph1_R1_Plate04",11,22,1045,96,"S/G2 phase",0.784903883134562,0.92363257490642
252734450,"YDR497C","ITR1","","dma1223","Vph1_R1_Plate04",11,22,1045,139,"MA phase",2.1602472186005,2.04868559228052
252734470,"YDR497C","ITR1","","dma1223","Vph1_R1_Plate04",11,22,1045,162,"T phase",1.30586726778075,1.41160106275887
252734512,"YDR497C","ITR1","","dma1223","Vph1_R1_Plate04",11,22,1046,30,"S/G2 phase",0.493164387732696,0.772856776475817
252734528,"YDR497C","ITR1","","dma1223","Vph1_R1_Plate04",11,22,1046,46,"MA-single",-0.415395755090257,-0.347741104328207
252734564,"YDR497C","ITR1","","dma1223","Vph1_R1_Plate04",11,22,1046,86,"S/G2 phase",-0.507085310787987,-0.16245983638423
252734625,"YDR497C","ITR1","","dma1223","Vph1_R1_Plate04",11,22,1046,148,"S/G2 phase",0.222263427716678,0.0920944374435628
252734652,"YDR497C","ITR1","","dma1223","Vph1_R1_Plate04",11,22,1047,30,"S/G2 phase",0.272275912642712,0.477682139803164
252734656,"YDR497C","ITR1","","dma1223","Vph1_R1_Plate04",11,22,1047,35,"MA phase",2.28944613799275,2.41619068150273
252734663,"YDR497C","ITR1","","dma1223","Vph1_R1_Plate04",11,22,1047,45,"S/G2 phase",1.92268791520184,1.39657589628723
252734674,"YDR497C","ITR1","","dma1223","Vph1_R1_Plate04",11,22,1047,56,"S/G2 phase",3.55642908945229,2.55919182984044
252734676,"YDR497C","ITR1","","dma1223","Vph1_R1_Plate04",11,22,1047,58,"T phase",1.68096090472601,2.04728790237618
252734776,"YDR497C","ITR1","","dma1223","Vph1_R1_Plate04",11,22,1047,167,"T phase",1.56009739948809,1.11336897942048
252734797,"YDR497C","ITR1","","dma1223","Vph1_R1_Plate04",11,22,1048,12,"T phase",1.41005994470999,1.37237838981835
252734828,"YDR497C","ITR1","","dma1223","Vph1_R1_Plate04",11,22,1048,52,"S/G2 phase",-0.0111281686048148,0.0183662949896653
252734863,"YDR497C","ITR1","","dma1223","Vph1_R1_Plate04",11,22,1048,91,"T phase",4.13157266610168,2.90276147945084
252734874,"YDR497C","ITR1","","dma1223","Vph1_R1_Plate04",11,22,1048,102,"S/G2 phase",1.73097338965204,1.76408098550944
252734931,"YDR497C","ITR1","","dma1223","Vph1_R1_Plate04",11,22,1048,163,"S/G2 phase",0.263940498488373,0.379756490880392
252785482,"YEL033W","MTC7","mtc7-supp1","dma1296","Vph1_R1_Plate04",7,23,665,360,"S/G2 phase",2.96878239157138,2.44178587787594
252785717,"YEL033W","MTC7","mtc7-supp1","dma1296","Vph1_R1_Plate04",7,23,665,599,"G1 phase",-1.20309239267529,-1.03767578335769
252785865,"YEL033W","MTC7","mtc7-supp1","dma1296","Vph1_R1_Plate04",7,23,666,114,"S/G2 phase",1.46424013671319,1.69786542629136
252785935,"YEL033W","MTC7","mtc7-supp1","dma1296","Vph1_R1_Plate04",7,23,666,185,"MA-single",-1.13640907944058,-1.07078356296673
252786048,"YEL033W","MTC7","mtc7-supp1","dma1296","Vph1_R1_Plate04",7,23,666,302,"S/G2 phase",-0.094482310148205,0.135772246954166
252786232,"YEL033W","MTC7","mtc7-supp1","dma1296","Vph1_R1_Plate04",7,23,666,487,"S/G2 phase",-0.432066583398935,0.0965495740136439
252786238,"YEL033W","MTC7","mtc7-supp1","dma1296","Vph1_R1_Plate04",7,23,666,493,"S/G2 phase",-0.156997916305748,0.037846598031394
252786288,"YEL033W","MTC7","mtc7-supp1","dma1296","Vph1_R1_Plate04",7,23,666,544,"S/G2 phase",0.472325852346848,1.17207195540273
252786342,"YEL033W","MTC7","mtc7-supp1","dma1296","Vph1_R1_Plate04",7,23,666,598,"S/G2 phase",0.209760306485169,1.14647675902951
252786378,"YEL033W","MTC7","mtc7-supp1","dma1296","Vph1_R1_Plate04",7,23,666,635,"S/G2 phase",0.680711206205324,0.849642365595457
252786521,"YEL033W","MTC7","mtc7-supp1","dma1296","Vph1_R1_Plate04",7,23,667,57,"S/G2 phase",-0.627948816025902,0.120747080482518
252786883,"YEL033W","MTC7","mtc7-supp1","dma1296","Vph1_R1_Plate04",7,23,667,424,"S/G2 phase",-0.457072825861952,-0.245360318835354
252786918,"YEL033W","MTC7","mtc7-supp1","dma1296","Vph1_R1_Plate04",7,23,667,459,"S/G2 phase",-0.457072825861952,-0.245360318835354
252786924,"YEL033W","MTC7","mtc7-supp1","dma1296","Vph1_R1_Plate04",7,23,667,466,"S/G2 phase",1.08497879269077,1.26388271099401
252787012,"YEL033W","MTC7","mtc7-supp1","dma1296","Vph1_R1_Plate04",7,23,667,557,"MA phase",1.7643150462694,1.51092440158598
252787016,"YEL033W","MTC7","mtc7-supp1","dma1296","Vph1_R1_Plate04",7,23,667,561,"S/G2 phase",0.480661266501187,0.340533817939871
252787189,"YEL033W","MTC7","mtc7-supp1","dma1296","Vph1_R1_Plate04",7,23,668,58,"S/G2 phase",1.20584229792868,1.63750269354771
252787286,"YEL033W","MTC7","mtc7-supp1","dma1296","Vph1_R1_Plate04",7,23,668,163,"S/G2 phase",1.02663089361039,1.57128713432964
252787349,"YEL033W","MTC7","mtc7-supp1","dma1296","Vph1_R1_Plate04",7,23,668,226,"S/G2 phase",2.32695550168728,2.54722411003454
252787378,"YEL033W","MTC7","mtc7-supp1","dma1296","Vph1_R1_Plate04",7,23,668,256,"T phase",0.984953822838698,1.11170922265907
252787429,"YEL033W","MTC7","mtc7-supp1","dma1296","Vph1_R1_Plate04",7,23,668,308,"S/G2 phase",-0.252855179080646,0.0603843477388653
252787499,"YEL033W","MTC7","mtc7-supp1","dma1296","Vph1_R1_Plate04",7,23,668,379,"S/G2 phase",1.75597963211506,1.79858645502281
252907260,"YFR010W","UBP6","","dma1515","Vph1_R1_Plate04",14,5,1265,87,"S/G2 phase",1.56009739948809,1.70232056286144
252907374,"YFR010W","UBP6","","dma1515","Vph1_R1_Plate04",14,5,1266,65,"T phase",3.74397590792491,2.84405850346859
252910636,"YFR009W","GCN20","","dma1516","Vph1_R1_Plate04",14,7,1273,7,"S/G2 phase",1.61010988441412,1.35123833001522
252910644,"YFR009W","GCN20","","dma1516","Vph1_R1_Plate04",14,7,1273,15,"T phase",2.51867002723708,2.28209980630518
252910648,"YFR009W","GCN20","","dma1516","Vph1_R1_Plate04",14,7,1273,19,"S/G2 phase",3.89818106978019,3.05939010435586
252910652,"YFR009W","GCN20","","dma1516","Vph1_R1_Plate04",14,7,1273,24,"G1 phase",-1.16975073605794,-1.31476780689295
252910658,"YFR009W","GCN20","","dma1516","Vph1_R1_Plate04",14,7,1273,30,"G1 phase",-0.807160220344191,-1.0315608900262
252910671,"YFR009W","GCN20","","dma1516","Vph1_R1_Plate04",14,7,1273,43,"S/G2 phase",-0.373718684318562,-0.341626210996723
252910681,"YFR009W","GCN20","","dma1516","Vph1_R1_Plate04",14,7,1273,54,"S/G2 phase",-0.361215563087054,-0.18054244952162
252910710,"YFR009W","GCN20","","dma1516","Vph1_R1_Plate04",14,7,1273,83,"S/G2 phase",1.92268791520184,1.79718876511847
252910715,"YFR009W","GCN20","","dma1516","Vph1_R1_Plate04",14,7,1273,88,"G1 phase",-0.0319667039906624,-0.0495090209898115
252910716,"YFR009W","GCN20","","dma1516","Vph1_R1_Plate04",14,7,1273,89,"G1 phase",-0.498749896633648,-0.733328806687808
252910724,"YFR009W","GCN20","","dma1516","Vph1_R1_Plate04",14,7,1273,97,"S/G2 phase",0.597357064661934,1.00041816402606
252910750,"YFR009W","GCN20","","dma1516","Vph1_R1_Plate04",14,7,1273,124,"S/G2 phase",0.218095720639508,0.422036610486657
252910760,"YFR009W","GCN20","","dma1516","Vph1_R1_Plate04",14,7,1273,134,"G1 phase",-0.840501876961547,-0.918610074631785
252910769,"YFR009W","GCN20","","dma1516","Vph1_R1_Plate04",14,7,1273,143,"G1 phase",-1.21142780682963,-1.30725522365713
252910783,"YFR009W","GCN20","","dma1516","Vph1_R1_Plate04",14,7,1273,157,"MA-single",-0.978036210508141,-0.987883080515601
252910791,"YFR009W","GCN20","","dma1516","Vph1_R1_Plate04",14,7,1273,165,"S/G2 phase",0.188921771099322,0.593690401863325
252910796,"YFR009W","GCN20","","dma1516","Vph1_R1_Plate04",14,7,1273,170,"G1 phase",0.693214327436832,0.503277336176378
252910804,"YFR009W","GCN20","","dma1516","Vph1_R1_Plate04",14,7,1273,178,"S/G2 phase",1.36421516686112,1.43859394903642
252910863,"YFR009W","GCN20","","dma1516","Vph1_R1_Plate04",14,7,1273,239,"G1 phase",-0.106985431379714,-0.194169926088928
252910895,"YFR009W","GCN20","","dma1516","Vph1_R1_Plate04",14,7,1273,272,"S/G2 phase",2.76456474479008,2.67825753856635
252910920,"YFR009W","GCN20","","dma1516","Vph1_R1_Plate04",14,7,1273,297,"S/G2 phase",0.472325852346848,0.86938473549425
252910932,"YFR009W","GCN20","","dma1516","Vph1_R1_Plate04",14,7,1273,309,"S/G2 phase",1.46424013671319,1.72791575923466
252910947,"YFR009W","GCN20","","dma1516","Vph1_R1_Plate04",14,7,1273,324,"S/G2 phase",1.21417771208302,1.00932843716622
252910975,"YFR009W","GCN20","","dma1516","Vph1_R1_Plate04",14,7,1273,352,"MA-single",-1.42814857484245,-1.51201679464283
252910995,"YFR009W","GCN20","","dma1516","Vph1_R1_Plate04",14,7,1273,374,"MA phase",3.01879487649742,2.63763717572148
252910998,"YFR009W","GCN20","","dma1516","Vph1_R1_Plate04",14,7,1273,377,"G1 phase",-0.186171865845934,-0.209195092560575
252911003,"YFR009W","GCN20","","dma1516","Vph1_R1_Plate04",14,7,1273,383,"S/G2 phase",2.18942116814069,1.83780912796333
252911035,"YFR009W","GCN20","","dma1516","Vph1_R1_Plate04",14,7,1273,417,"MA-single",-1.08222888743738,-1.06466866963524
252911043,"YFR009W","GCN20","","dma1516","Vph1_R1_Plate04",14,7,1273,428,"S/G2 phase",1.09331420684511,1.14341931236377
252911049,"YFR009W","GCN20","","dma1516","Vph1_R1_Plate04",14,7,1273,434,"MA-single",-1.27811112006435,-1.50450421140701
252911054,"YFR009W","GCN20","","dma1516","Vph1_R1_Plate04",14,7,1273,439,"MA-single",-1.39897462530226,-1.55123946758336
252911056,"YFR009W","GCN20","","dma1516","Vph1_R1_Plate04",14,7,1273,441,"G1 phase",-0.482079068324969,-0.483229669430096
252911088,"YFR009W","GCN20","","dma1516","Vph1_R1_Plate04",14,7,1273,474,"T phase",5.51108370864479,3.98273899741
252911159,"YFR009W","GCN20","","dma1516","Vph1_R1_Plate04",14,7,1273,545,"MA-single",-1.03221640251134,-1.1806769316954
252911164,"YFR009W","GCN20","","dma1516","Vph1_R1_Plate04",14,7,1273,550,"S/G2 phase",-0.265358300312155,0.0589866578345255
252911221,"YFR009W","GCN20","","dma1516","Vph1_R1_Plate04",14,7,1274,57,"S/G2 phase",2.23109823891238,2.46598338434482
252911237,"YFR009W","GCN20","","dma1516","Vph1_R1_Plate04",14,7,1274,74,"MA-single",-1.4073100394566,-1.54372688434753
252911367,"YFR009W","GCN20","","dma1516","Vph1_R1_Plate04",14,7,1274,208,"S/G2 phase",-0.627948816025902,-0.335773384522302
252911393,"YFR009W","GCN20","","dma1516","Vph1_R1_Plate04",14,7,1274,234,"S/G2 phase",-0.0152958756819843,0.382813937546134
252911404,"YFR009W","GCN20","","dma1516","Vph1_R1_Plate04",14,7,1274,246,"MA-single",-1.09473200866889,-1.15062659875211
252911428,"YFR009W","GCN20","","dma1516","Vph1_R1_Plate04",14,7,1274,270,"T phase",3.41889475590569,3.14229058680699
252911459,"YFR009W","GCN20","","dma1516","Vph1_R1_Plate04",14,7,1274,301,"MA-single",-1.01971328127984,-1.07218125287106
252911555,"YFR009W","GCN20","","dma1516","Vph1_R1_Plate04",14,7,1274,397,"G1 phase",1.56009739948809,1.10279894951891
252911589,"YFR009W","GCN20","","dma1516","Vph1_R1_Plate04",14,7,1274,431,"S/G2 phase",0.668208084973815,0.418979163820914
252911616,"YFR009W","GCN20","","dma1516","Vph1_R1_Plate04",14,7,1274,461,"S/G2 phase",1.31837038901226,1.05300624667682
252911617,"YFR009W","GCN20","","dma1516","Vph1_R1_Plate04",14,7,1274,462,"T phase",1.52258803579356,1.55320452119225
252911674,"YFR009W","GCN20","","dma1516","Vph1_R1_Plate04",14,7,1274,519,"MA-single",-0.398724926781579,-0.456236783152544
252911691,"YFR009W","GCN20","","dma1516","Vph1_R1_Plate04",14,7,1274,537,"MA-single",-1.40314233237943,-1.60242986032978
252911702,"YFR009W","GCN20","","dma1516","Vph1_R1_Plate04",14,7,1274,548,"G1 phase",-0.982203917585311,-0.849337068747969
252911709,"YFR009W","GCN20","","dma1516","Vph1_R1_Plate04",14,7,1274,555,"S/G2 phase",1.10164962099944,1.31061796717036
252911770,"YFR009W","GCN20","","dma1516","Vph1_R1_Plate04",14,7,1275,19,"MA-single",-1.04055181666568,-1.21684215797018
252911794,"YFR009W","GCN20","","dma1516","Vph1_R1_Plate04",14,7,1275,45,"MA-single",-0.740476907109479,-0.612865408057566
252911814,"YFR009W","GCN20","","dma1516","Vph1_R1_Plate04",14,7,1275,65,"G1 phase",-0.269526007389324,-0.442609306585236
252911885,"YFR009W","GCN20","","dma1516","Vph1_R1_Plate04",14,7,1275,138,"G1 phase",-0.673793593874767,-0.650428324236684
252911948,"YFR009W","GCN20","","dma1516","Vph1_R1_Plate04",14,7,1275,203,"T phase",0.918270509603986,0.830162062553728
252911959,"YFR009W","GCN20","","dma1516","Vph1_R1_Plate04",14,7,1275,214,"S/G2 phase",1.73514109672921,1.63750269354771
252911982,"YFR009W","GCN20","","dma1516","Vph1_R1_Plate04",14,7,1275,237,"S/G2 phase",0.197257185253661,0.745863890198265
252912004,"YFR009W","GCN20","","dma1516","Vph1_R1_Plate04",14,7,1275,260,"S/G2 phase",0.609860185893442,0.855757258926941
252912006,"YFR009W","GCN20","","dma1516","Vph1_R1_Plate04",14,7,1275,262,"MA-single",-0.707135250492123,-0.692708443842948
252912009,"YFR009W","GCN20","","dma1516","Vph1_R1_Plate04",14,7,1275,265,"MA-single",-1.4614902314598,-1.48196646169954
252912035,"YFR009W","GCN20","","dma1516","Vph1_R1_Plate04",14,7,1275,291,"S/G2 phase",2.41864505738501,2.3530325689504
252912050,"YFR009W","GCN20","","dma1516","Vph1_R1_Plate04",14,7,1275,306,"MA-single",-1.15724761482643,-1.27554513395243
252912056,"YFR009W","GCN20","","dma1516","Vph1_R1_Plate04",14,7,1275,312,"MA-single",-1.32812360499038,-1.45331381866058
252912074,"YFR009W","GCN20","","dma1516","Vph1_R1_Plate04",14,7,1275,330,"S/G2 phase",1.26002248993189,1.667553026491
252912077,"YFR009W","GCN20","","dma1516","Vph1_R1_Plate04",14,7,1275,333,"G1 phase",-0.265358300312155,-0.264840621877083
252912111,"YFR009W","GCN20","","dma1516","Vph1_R1_Plate04",14,7,1275,367,"S/G2 phase",-0.190339572923104,0.0211616747983429
252912125,"YFR009W","GCN20","","dma1516","Vph1_R1_Plate04",14,7,1275,381,"MA-single",-1.18642156436662,-1.09637875933994
252912174,"YFR009W","GCN20","","dma1516","Vph1_R1_Plate04",14,7,1275,431,"G1 phase",-1.22393092806114,-1.16565176522375
252912175,"YFR009W","GCN20","","dma1516","Vph1_R1_Plate04",14,7,1275,432,"T phase",2.76039703771291,2.64069462238722
252912192,"YFR009W","GCN20","","dma1516","Vph1_R1_Plate04",14,7,1275,449,"S/G2 phase",0.326456104645916,0.337476371274128
252912194,"YFR009W","GCN20","","dma1516","Vph1_R1_Plate04",14,7,1275,452,"G1 phase",0.893264267140969,0.649335931179832
252912201,"YFR009W","GCN20","","dma1516","Vph1_R1_Plate04",14,7,1275,459,"S/G2 phase",1.09748191392227,1.43859394903642
252912216,"YFR009W","GCN20","","dma1516","Vph1_R1_Plate04",14,7,1275,474,"S/G2 phase",0.409810246189306,0.351103847841437
252912258,"YFR009W","GCN20","","dma1516","Vph1_R1_Plate04",14,7,1275,516,"S/G2 phase",-0.0653083606080185,0.8526998122612
252912302,"YFR009W","GCN20","","dma1516","Vph1_R1_Plate04",14,7,1275,562,"MA-single",-0.936359139736446,-1.11891650904741
252912310,"YFR009W","GCN20","","dma1516","Vph1_R1_Plate04",14,7,1275,570,"T phase",1.13082357053963,1.38740355629
252912329,"YFR009W","GCN20","","dma1516","Vph1_R1_Plate04",14,7,1276,5,"T phase",1.33504121732094,1.57574227089972
252912336,"YFR009W","GCN20","","dma1516","Vph1_R1_Plate04",14,7,1276,12,"S/G2 phase",-0.269526007389324,-0.0253115145209374
252912337,"YFR009W","GCN20","","dma1516","Vph1_R1_Plate04",14,7,1276,13,"S/G2 phase",0.818245539751918,0.789541699708868
252912352,"YFR009W","GCN20","","dma1516","Vph1_R1_Plate04",14,7,1276,28,"S/G2 phase",0.472325852346848,0.786484253043125
252912353,"YFR009W","GCN20","","dma1516","Vph1_R1_Plate04",14,7,1276,29,"MA-single",-1.44481940315113,-1.628025056703
252912360,"YFR009W","GCN20","","dma1516","Vph1_R1_Plate04",14,7,1276,36,"S/G2 phase",0.0388843163212193,-0.0133437947150323
252912392,"YFR009W","GCN20","","dma1516","Vph1_R1_Plate04",14,7,1276,70,"S/G2 phase",0.105567629555931,0.241210479112761
252912398,"YFR009W","GCN20","","dma1516","Vph1_R1_Plate04",14,7,1276,76,"MA-single",-1.27394341298718,-1.27108999738235
252912400,"YFR009W","GCN20","","dma1516","Vph1_R1_Plate04",14,7,1276,78,"S/G2 phase",1.37671828809263,1.24580009785662
252912419,"YFR009W","GCN20","","dma1516","Vph1_R1_Plate04",14,7,1276,98,"S/G2 phase",-0.415395755090257,0.0890369907778203
252912425,"YFR009W","GCN20","","dma1516","Vph1_R1_Plate04",14,7,1276,104,"S/G2 phase",2.42281276446218,2.09376109169546
252912439,"YFR009W","GCN20","","dma1516","Vph1_R1_Plate04",14,7,1276,118,"S/G2 phase",2.56451480508594,2.55167924660462
252912460,"YFR009W","GCN20","","dma1516","Vph1_R1_Plate04",14,7,1276,139,"T phase",0.680711206205324,1.43413881246634
252912465,"YFR009W","GCN20","","dma1516","Vph1_R1_Plate04",14,7,1276,144,"S/G2 phase",0.0513874375527278,-0.00583121147920871
252912504,"YFR009W","GCN20","","dma1516","Vph1_R1_Plate04",14,7,1276,185,"G1 phase",0.268108205565542,0.0890369907778203
252912506,"YFR009W","GCN20","","dma1516","Vph1_R1_Plate04",14,7,1276,187,"T phase",0.138909286173288,0.885807591870236
252912538,"YFR009W","GCN20","","dma1516","Vph1_R1_Plate04",14,7,1276,219,"MA-single",-0.369550977241393,-0.275410651778649
252912584,"YFR009W","GCN20","","dma1516","Vph1_R1_Plate04",14,7,1276,266,"MA-single",-1.35729755453057,-1.3615030630693
252912600,"YFR009W","GCN20","","dma1516","Vph1_R1_Plate04",14,7,1276,282,"MA-single",-0.582104038177038,-0.340228521092384
252912615,"YFR009W","GCN20","","dma1516","Vph1_R1_Plate04",14,7,1276,297,"S/G2 phase",-0.452905118784783,-0.252872902071178
252912617,"YFR009W","GCN20","","dma1516","Vph1_R1_Plate04",14,7,1276,299,"MA-single",-1.34479443329906,-1.55569460415344
252912627,"YFR009W","GCN20","","dma1516","Vph1_R1_Plate04",14,7,1276,309,"S/G2 phase",0.501499801887035,0.372243907644569
252912648,"YFR009W","GCN20","","dma1516","Vph1_R1_Plate04",14,7,1276,330,"S/G2 phase",1.07664337853643,0.797054282944692
252912657,"YFR009W","GCN20","","dma1516","Vph1_R1_Plate04",14,7,1276,339,"S/G2 phase",1.15166210592548,1.09222891961734
252912671,"YFR009W","GCN20","","dma1516","Vph1_R1_Plate04",14,7,1276,353,"S/G2 phase",1.37671828809263,1.75796609217795
252912696,"YFR009W","GCN20","","dma1516","Vph1_R1_Plate04",14,7,1276,378,"S/G2 phase",2.08106078413428,1.67812305639257
252912718,"YFR009W","GCN20","","dma1516","Vph1_R1_Plate04",14,7,1276,402,"T phase",1.25168707577755,2.08039568198522
252912723,"YFR009W","GCN20","","dma1516","Vph1_R1_Plate04",14,7,1276,407,"T phase",1.09331420684511,1.22937724148064
252912732,"YFR009W","GCN20","","dma1516","Vph1_R1_Plate04",14,7,1276,416,"S/G2 phase",1.01412777237888,1.00041816402606
252912733,"YFR009W","GCN20","","dma1516","Vph1_R1_Plate04",14,7,1276,417,"G1 phase",-1.40314233237943,-1.5225868245444
252912745,"YFR009W","GCN20","","dma1516","Vph1_R1_Plate04",14,7,1276,429,"MA-single",-0.657122765566089,-0.641518051096521
252912756,"YFR009W","GCN20","","dma1516","Vph1_R1_Plate04",14,7,1276,440,"S/G2 phase",0.347294640031763,0.598145538433406
252912784,"YFR009W","GCN20","","dma1516","Vph1_R1_Plate04",14,7,1276,468,"S/G2 phase",1.8601723090443,2.17526388424225
252912798,"YFR009W","GCN20","","dma1516","Vph1_R1_Plate04",14,7,1276,482,"MA-single",-0.740476907109479,-0.88995743159283
252912836,"YFR009W","GCN20","","dma1516","Vph1_R1_Plate04",14,7,1276,520,"G1 phase",-0.365383270164223,-0.427584140113589
252912837,"YFR009W","GCN20","","dma1516","Vph1_R1_Plate04",14,7,1276,521,"S/G2 phase",1.52258803579356,1.26388271099401
252968829,"YFR008W","FAR7","","dma1517","Vph1_R1_Plate04",14,9,1281,263,"G1 phase",-0.077811481839527,-0.174427556190135
252968854,"YFR008W","FAR7","","dma1517","Vph1_R1_Plate04",14,9,1281,289,"MA-single",-0.461240532939122,-0.569187598546963
252968897,"YFR008W","FAR7","","dma1517","Vph1_R1_Plate04",14,9,1281,333,"S/G2 phase",-0.123656259688392,-0.0027737648134662
252968966,"YFR008W","FAR7","","dma1517","Vph1_R1_Plate04",14,9,1281,403,"S/G2 phase",0.71822056989985,0.947568014518228
252968968,"YFR008W","FAR7","","dma1517","Vph1_R1_Plate04",14,9,1281,405,"S/G2 phase",0.28477903387422,0.190020086366334
252969008,"YFR008W","FAR7","","dma1517","Vph1_R1_Plate04",14,9,1281,446,"S/G2 phase",-0.240352057849138,-0.388361467173067
252969058,"YFR008W","FAR7","","dma1517","Vph1_R1_Plate04",14,9,1281,498,"S/G2 phase",1.52258803579356,1.67061047315675
252969059,"YFR008W","FAR7","","dma1517","Vph1_R1_Plate04",14,9,1281,499,"MA-single",0.355630054186102,0.284888288623363
252969089,"YFR008W","FAR7","","dma1517","Vph1_R1_Plate04",14,9,1281,529,"S/G2 phase",0.926605923758325,0.819592032652162
252969122,"YFR008W","FAR7","","dma1517","Vph1_R1_Plate04",14,9,1281,565,"G1 phase",-0.0319667039906624,-0.209195092560575
252969195,"YFR008W","FAR7","","dma1517","Vph1_R1_Plate04",14,9,1281,639,"S/G2 phase",0.522338337272882,0.176392609799026
252969262,"YFR008W","FAR7","","dma1517","Vph1_R1_Plate04",14,9,1281,708,"MA-single",-0.627948816025902,-0.641518051096521
252969334,"YFR008W","FAR7","","dma1517","Vph1_R1_Plate04",14,9,1281,782,"G1 phase",0.522338337272882,0.482137276373245
252969335,"YFR008W","FAR7","","dma1517","Vph1_R1_Plate04",14,9,1281,783,"G1 phase",-0.807160220344191,-0.689650997177206
252969336,"YFR008W","FAR7","","dma1517","Vph1_R1_Plate04",14,9,1281,784,"S/G2 phase",1.47257555086753,1.92961988355462
252969370,"YFR008W","FAR7","","dma1517","Vph1_R1_Plate04",14,9,1281,818,"S/G2 phase",0.301449862182898,0.188360329604931
252969400,"YFR008W","FAR7","","dma1517","Vph1_R1_Plate04",14,9,1282,30,"MA-single",-0.182004158768765,-0.176087312951538
252969433,"YFR008W","FAR7","","dma1517","Vph1_R1_Plate04",14,9,1282,63,"S/G2 phase",1.9685326930507,1.53512190805486
252969511,"YFR008W","FAR7","","dma1517","Vph1_R1_Plate04",14,9,1282,142,"MA-single",-0.998874745893989,-1.07523869953681
252969522,"YFR008W","FAR7","","dma1517","Vph1_R1_Plate04",14,9,1282,153,"G1 phase",0.151412407404796,0.111574740485292
252969568,"YFR008W","FAR7","","dma1517","Vph1_R1_Plate04",14,9,1282,199,"S/G2 phase",1.02663089361039,1.28947790736723
252969569,"YFR008W","FAR7","","dma1517","Vph1_R1_Plate04",14,9,1282,200,"S/G2 phase",0.689046620359663,0.819592032652162
252969584,"YFR008W","FAR7","","dma1517","Vph1_R1_Plate04",14,9,1282,216,"S/G2 phase",1.60177447025979,1.57128713432964
252969613,"YFR008W","FAR7","","dma1517","Vph1_R1_Plate04",14,9,1282,246,"MA-single",-0.398724926781579,-0.355253687564031
252969628,"YFR008W","FAR7","","dma1517","Vph1_R1_Plate04",14,9,1282,262,"G1 phase",-0.257022886157816,-0.285980681680215
252969648,"YFR008W","FAR7","","dma1517","Vph1_R1_Plate04",14,9,1282,282,"T phase",2.66870748201518,2.96452190209883
252969697,"YFR008W","FAR7","","dma1517","Vph1_R1_Plate04",14,9,1282,331,"MA phase",0.301449862182898,0.644880794609751
252969707,"YFR008W","FAR7","","dma1517","Vph1_R1_Plate04",14,9,1282,341,"S/G2 phase",1.99353893551372,2.0531407288506
252969764,"YFR008W","FAR7","","dma1517","Vph1_R1_Plate04",14,9,1282,400,"S/G2 phase",0.147244700327627,0.0740118243061732
252969771,"YFR008W","FAR7","","dma1517","Vph1_R1_Plate04",14,9,1282,407,"T phase",1.86850772319863,2.57727444297783
252969778,"YFR008W","FAR7","","dma1517","Vph1_R1_Plate04",14,9,1282,414,"MA-single",0.359797761263272,0.292400871859187
252969801,"YFR008W","FAR7","","dma1517","Vph1_R1_Plate04",14,9,1282,438,"T phase",1.15582981300265,1.03658339030084
252969885,"YFR008W","FAR7","","dma1517","Vph1_R1_Plate04",14,9,1282,524,"S/G2 phase",0.876593438832291,0.925030264810758
252970143,"YFR008W","FAR7","","dma1517","Vph1_R1_Plate04",14,9,1282,790,"S/G2 phase",2.12690556198314,2.47795110415072
252970267,"YFR008W","FAR7","","dma1517","Vph1_R1_Plate04",14,9,1282,916,"S/G2 phase",1.63511612687714,2.15718127110486
252970298,"YFR008W","FAR7","","dma1517","Vph1_R1_Plate04",14,9,1283,11,"T phase",0.680711206205324,0.988188377363088
252970318,"YFR008W","FAR7","","dma1517","Vph1_R1_Plate04",14,9,1283,32,"S/G2 phase",0.601524771739103,0.771459086571479
252970344,"YFR008W","FAR7","","dma1517","Vph1_R1_Plate04",14,9,1283,58,"S/G2 phase",0.197257185253661,0.0453591812672176
252970393,"YFR008W","FAR7","","dma1517","Vph1_R1_Plate04",14,9,1283,108,"S/G2 phase",0.259772791411203,0.976220657557183
252970411,"YFR008W","FAR7","","dma1517","Vph1_R1_Plate04",14,9,1283,128,"MA-single",-0.169501037537256,-0.212252539226317
252970416,"YFR008W","FAR7","","dma1517","Vph1_R1_Plate04",14,9,1283,133,"S/G2 phase",0.384804003726289,0.384211627450474
252970484,"YFR008W","FAR7","","dma1517","Vph1_R1_Plate04",14,9,1283,204,"G1 phase",0.243101963102525,0.0709543776404307
252970516,"YFR008W","FAR7","","dma1517","Vph1_R1_Plate04",14,9,1283,236,"T phase",1.32253809608943,2.03366042580887
252970616,"YFR008W","FAR7","","dma1517","Vph1_R1_Plate04",14,9,1283,336,"S/G2 phase",1.63928383395431,1.80915648492438
252970673,"YFR008W","FAR7","","dma1517","Vph1_R1_Plate04",14,9,1283,396,"S/G2 phase",0.955779873298512,1.11336897942048
252970828,"YFR008W","FAR7","","dma1517","Vph1_R1_Plate04",14,9,1283,553,"S/G2 phase",0.518170630195713,0.720268693825052
252970843,"YFR008W","FAR7","","dma1517","Vph1_R1_Plate04",14,9,1283,568,"S/G2 phase",0.476493559424018,0.161367443327379
252971023,"YFR008W","FAR7","","dma1517","Vph1_R1_Plate04",14,9,1283,752,"S/G2 phase",-0.0986500172253745,-0.130749746679533
252971055,"YFR008W","FAR7","","dma1517","Vph1_R1_Plate04",14,9,1283,784,"G1 phase",0.297282155105729,0.027276568129828
252971056,"YFR008W","FAR7","","dma1517","Vph1_R1_Plate04",14,9,1283,785,"S/G2 phase",0.497332094809866,0.408409133919348
252971061,"YFR008W","FAR7","","dma1517","Vph1_R1_Plate04",14,9,1283,790,"S/G2 phase",0.0388843163212193,0.114632187151033
252971066,"YFR008W","FAR7","","dma1517","Vph1_R1_Plate04",14,9,1283,795,"S/G2 phase",2.68537831032386,2.80483583052807
252971128,"YFR008W","FAR7","","dma1517","Vph1_R1_Plate04",14,9,1283,861,"S/G2 phase",0.764065347748714,0.732236413630956
252971175,"YFR008W","FAR7","","dma1517","Vph1_R1_Plate04",14,9,1283,909,"S/G2 phase",-0.127823966765561,0.119087323721115
252971177,"YFR008W","FAR7","","dma1517","Vph1_R1_Plate04",14,9,1283,911,"S/G2 phase",0.555679993890239,0.812079449416338
252971261,"YFR008W","FAR7","","dma1517","Vph1_R1_Plate04",14,9,1284,72,"T phase",0.784903883134562,1.22326234814915
252971279,"YFR008W","FAR7","","dma1517","Vph1_R1_Plate04",14,9,1284,91,"T phase",1.23918395454604,1.23688982471646
252971295,"YFR008W","FAR7","","dma1517","Vph1_R1_Plate04",14,9,1284,108,"G1 phase",-0.0444698252221709,-0.311575878053428
252971337,"YFR008W","FAR7","","dma1517","Vph1_R1_Plate04",14,9,1284,152,"S/G2 phase",0.564015408044578,0.426491747056737
252971452,"YFR008W","FAR7","","dma1517","Vph1_R1_Plate04",14,9,1284,270,"MA-single",0.338959225877424,0.310483484996577
252971491,"YFR008W","FAR7","","dma1517","Vph1_R1_Plate04",14,9,1284,309,"S/G2 phase",0.964115287452851,1.37237838981835
252971575,"YFR008W","FAR7","","dma1517","Vph1_R1_Plate04",14,9,1284,396,"S/G2 phase",1.09748191392227,2.02614784257305
252971590,"YFR008W","FAR7","","dma1517","Vph1_R1_Plate04",14,9,1284,411,"S/G2 phase",0.96828299453002,1.16150192550116
252971638,"YFR008W","FAR7","","dma1517","Vph1_R1_Plate04",14,9,1284,459,"MA-single",0.0138780738582023,-0.0088886581449506
252971750,"YFR008W","FAR7","","dma1517","Vph1_R1_Plate04",14,9,1284,573,"MA-single",-1.49899959515433,-1.59491727709396
252971758,"YFR008W","FAR7","","dma1517","Vph1_R1_Plate04",14,9,1284,582,"S/G2 phase",1.27252561116339,1.40854361609313
252971783,"YFR008W","FAR7","","dma1517","Vph1_R1_Plate04",14,9,1284,608,"T phase",0.655704963742307,1.02601336039927
252971887,"YFR008W","FAR7","","dma1517","Vph1_R1_Plate04",14,9,1284,713,"S/G2 phase",0.705717448668341,1.01989846706779
252971919,"YFR008W","FAR7","","dma1517","Vph1_R1_Plate04",14,9,1284,745,"MA-single",-0.544594674482512,-0.635403157765036
252972120,"YFR008W","FAR7","","dma1517","Vph1_R1_Plate04",14,9,1284,948,"S/G2 phase",0.826580953906257,1.05160855677248
253031516,"YEL013W","VAC8","","dma1262","Vph1_R1_Plate04",3,3,201,22,"T phase",0.980786115761529,1.23523006795506
253031564,"YEL013W","VAC8","","dma1262","Vph1_R1_Plate04",3,3,201,70,"MA-single",-1.3114527766817,-1.31782525355869
253031774,"YEL013W","VAC8","","dma1262","Vph1_R1_Plate04",3,3,201,281,"MA-single",-1.39897462530226,-1.48502390836528
253031808,"YEL013W","VAC8","","dma1262","Vph1_R1_Plate04",3,3,201,315,"MA-single",-1.58235373669772,-1.76211593190055
253031831,"YEL013W","VAC8","","dma1262","Vph1_R1_Plate04",3,3,201,338,"S/G2 phase",-0.373718684318562,0.0664992410703497
253031864,"YEL013W","VAC8","","dma1262","Vph1_R1_Plate04",3,3,201,372,"S/G2 phase",0.213928013562339,0.518302502648024
253031973,"YEL013W","VAC8","","dma1262","Vph1_R1_Plate04",3,3,201,481,"MA-single",-1.41981316068811,-1.50450421140701
253032025,"YEL013W","VAC8","","dma1262","Vph1_R1_Plate04",3,3,201,533,"MA-single",-0.853004998193056,-0.874932265121183
253032194,"YEL013W","VAC8","","dma1262","Vph1_R1_Plate04",3,3,202,61,"MA-single",-0.761315442495327,-0.846279622082227
253032222,"YEL013W","VAC8","","dma1262","Vph1_R1_Plate04",3,3,202,89,"S/G2 phase",-0.248687472003477,0.143284830189989
253032274,"YEL013W","VAC8","","dma1262","Vph1_R1_Plate04",3,3,202,141,"G1 phase",-0.744644614186649,-0.816229289138933
253032283,"YEL013W","VAC8","","dma1262","Vph1_R1_Plate04",3,3,202,150,"S/G2 phase",0.151412407404796,0.173335163133284
253032308,"YEL013W","VAC8","","dma1262","Vph1_R1_Plate04",3,3,202,175,"S/G2 phase",1.92268791520184,1.46584890217104
253032344,"YEL013W","VAC8","","dma1262","Vph1_R1_Plate04",3,3,202,211,"MA-single",-1.48232876684565,-1.55123946758336
253032453,"YEL013W","VAC8","","dma1262","Vph1_R1_Plate04",3,3,202,321,"G1 phase",-1.03221640251134,-0.939750134434918
253032499,"YEL013W","VAC8","","dma1262","Vph1_R1_Plate04",3,3,202,367,"S/G2 phase",-0.169501037537256,0.289343425193445
253032584,"YEL013W","VAC8","","dma1262","Vph1_R1_Plate04",3,3,202,452,"MA phase",-0.415395755090257,-0.188055032757443
253032675,"YEL013W","VAC8","","dma1262","Vph1_R1_Plate04",3,3,202,544,"S/G2 phase",1.19750688377434,1.45833631893522
253032722,"YEL013W","VAC8","","dma1262","Vph1_R1_Plate04",3,3,202,593,"T phase",0.251437377256864,0.985392997554412
253032724,"YEL013W","VAC8","","dma1262","Vph1_R1_Plate04",3,3,202,595,"S/G2 phase",-0.373718684318562,-0.133807193345274
253032767,"YEL013W","VAC8","","dma1262","Vph1_R1_Plate04",3,3,203,36,"MA-single",-1.2155955139068,-1.23937990767765
253032769,"YEL013W","VAC8","","dma1262","Vph1_R1_Plate04",3,3,203,38,"MA-single",-1.49899959515433,-1.73040584219585
253032773,"YEL013W","VAC8","","dma1262","Vph1_R1_Plate04",3,3,203,42,"MA-single",-0.686296715106276,-0.682138413941382
253032798,"YEL013W","VAC8","","dma1262","Vph1_R1_Plate04",3,3,203,67,"MA-single",-1.27811112006435,-1.30419777699139
253032833,"YEL013W","VAC8","","dma1262","Vph1_R1_Plate04",3,3,203,102,"MA-single",-1.36146526160774,-1.51201679464283
253033136,"YEL013W","VAC8","","dma1262","Vph1_R1_Plate04",3,3,203,408,"S/G2 phase",-0.0361344110678319,0.467112109901598
253033255,"YEL013W","VAC8","","dma1262","Vph1_R1_Plate04",3,3,203,527,"T phase",1.54759427825658,1.52455187815329
253033256,"YEL013W","VAC8","","dma1262","Vph1_R1_Plate04",3,3,203,528,"S/G2 phase",1.41839535886433,1.8483791578649
253033365,"YEL013W","VAC8","","dma1262","Vph1_R1_Plate04",3,3,203,637,"MA-single",-0.64878735141175,-0.529964925606442
253033387,"YEL013W","VAC8","","dma1262","Vph1_R1_Plate04",3,3,204,3,"MA-single",-0.715470664646462,-0.707733610314595
253033399,"YEL013W","VAC8","","dma1262","Vph1_R1_Plate04",3,3,204,15,"MA-single",-1.39063921114792,-1.50004907483693
253033458,"YEL013W","VAC8","","dma1262","Vph1_R1_Plate04",3,3,204,74,"MA-single",-1.4073100394566,-1.42466117562163
253033481,"YEL013W","VAC8","","dma1262","Vph1_R1_Plate04",3,3,204,97,"MA-single",-0.861340412347395,-0.682138413941382
253033511,"YEL013W","VAC8","","dma1262","Vph1_R1_Plate04",3,3,204,127,"G1 phase",-0.557097795714021,-0.75446886649094
253033547,"YEL013W","VAC8","","dma1262","Vph1_R1_Plate04",3,3,204,164,"S/G2 phase",0.101399922478762,0.434004330292561
253033649,"YEL013W","VAC8","","dma1262","Vph1_R1_Plate04",3,3,204,266,"MA-single",-1.51567042346301,-1.68227289611516
253033687,"YEL013W","VAC8","","dma1262","Vph1_R1_Plate04",3,3,204,304,"T phase",0.793239297288901,1.15398934226534
253033704,"YEL013W","VAC8","","dma1262","Vph1_R1_Plate04",3,3,204,321,"S/G2 phase",0.601524771739103,0.641823347944009
253033765,"YEL013W","VAC8","","dma1262","Vph1_R1_Plate04",3,3,204,382,"S/G2 phase",-0.265358300312155,0.0484166279329601
253033778,"YEL013W","VAC8","","dma1262","Vph1_R1_Plate04",3,3,204,395,"S/G2 phase",-0.615445694794394,-0.435096723349413
253033816,"YEL013W","VAC8","","dma1262","Vph1_R1_Plate04",3,3,204,433,"S/G2 phase",0.451487316961001,0.601202985099148
253033998,"YEL013W","VAC8","","dma1262","Vph1_R1_Plate04",3,3,204,616,"G1 phase",-0.552930088636851,-0.540534955508008
253169009,"YFL036W","RPO41","","dma1490","Vph1_R1_Plate04",10,3,873,107,"MA-single",-1.41981316068811,-1.5106191047385
253169076,"YFL036W","RPO41","","dma1490","Vph1_R1_Plate04",10,3,873,175,"T phase",2.3102846733786,2.37862776532361
253169110,"YFL036W","RPO41","","dma1490","Vph1_R1_Plate04",10,3,873,210,"G1 phase",-0.777986270804005,-0.841824485512146
253169124,"YFL036W","RPO41","","dma1490","Vph1_R1_Plate04",10,3,873,225,"S/G2 phase",-0.640451937257411,-0.376393747367162
253169204,"YFL036W","RPO41","","dma1490","Vph1_R1_Plate04",10,3,873,308,"MA-single",-1.32395589791321,-1.41880834914721
253169219,"YFL036W","RPO41","","dma1490","Vph1_R1_Plate04",10,3,873,323,"MA-single",-1.05722264497436,-0.986485390611262
253169258,"YFL036W","RPO41","","dma1490","Vph1_R1_Plate04",10,3,873,362,"G1 phase",-0.711302957569293,-0.728873670117727
253169363,"YFL036W","RPO41","","dma1490","Vph1_R1_Plate04",10,3,873,468,"T phase",1.14332669177114,1.76853612207952
253169405,"YFL036W","RPO41","","dma1490","Vph1_R1_Plate04",10,3,874,4,"S/G2 phase",0.243101963102525,0.0183662949896653
253169541,"YFL036W","RPO41","","dma1490","Vph1_R1_Plate04",10,3,874,141,"T phase",3.07297506850062,2.96006676552875
253169605,"YFL036W","RPO41","","dma1490","Vph1_R1_Plate04",10,3,874,207,"S/G2 phase",1.12665586346246,1.07860144305004
253169633,"YFL036W","RPO41","","dma1490","Vph1_R1_Plate04",10,3,874,235,"S/G2 phase",0.138909286173288,0.238153032447018
253169672,"YFL036W","RPO41","","dma1490","Vph1_R1_Plate04",10,3,874,275,"G1 phase",-0.73214149295514,-0.670170694135477
253169858,"YFL036W","RPO41","","dma1490","Vph1_R1_Plate04",10,3,875,41,"S/G2 phase",0.168083235713474,0.400896550683524
253169911,"YFL036W","RPO41","","dma1490","Vph1_R1_Plate04",10,3,875,97,"S/G2 phase",1.59760676318262,1.64947041335362
253169981,"YFL036W","RPO41","","dma1490","Vph1_R1_Plate04",10,3,875,167,"S/G2 phase",0.922438216681156,1.15093189559959
253170011,"YFL036W","RPO41","","dma1490","Vph1_R1_Plate04",10,3,875,197,"S/G2 phase",0.514002923118543,0.96870807432136
253170013,"YFL036W","RPO41","","dma1490","Vph1_R1_Plate04",10,3,875,199,"T phase",1.91852020812467,2.7505879911159
253170088,"YFL036W","RPO41","","dma1490","Vph1_R1_Plate04",10,3,875,274,"S/G2 phase",0.418145660343645,0.870782425398589
253170103,"YFL036W","RPO41","","dma1490","Vph1_R1_Plate04",10,3,875,290,"S/G2 phase",3.02713029065176,3.02768001465117
253170148,"YFL036W","RPO41","","dma1490","Vph1_R1_Plate04",10,3,875,335,"T phase",1.51008491456206,1.82418165139602
253170232,"YFL036W","RPO41","","dma1490","Vph1_R1_Plate04",10,3,876,62,"G1 phase",0.234766548948186,-0.0645341874614579
253170253,"YFL036W","RPO41","","dma1490","Vph1_R1_Plate04",10,3,876,84,"MA-single",-1.1197382511319,-1.08580872943837
253170257,"YFL036W","RPO41","","dma1490","Vph1_R1_Plate04",10,3,876,88,"S/G2 phase",2.22693053183521,1.82723909806177
253170269,"YFL036W","RPO41","","dma1490","Vph1_R1_Plate04",10,3,876,101,"S/G2 phase",0.96828299453002,1.07860144305004
253170402,"YFL036W","RPO41","","dma1490","Vph1_R1_Plate04",10,3,876,234,"MA-single",-0.361215563087054,-0.332715937856559
253170451,"YFL036W","RPO41","","dma1490","Vph1_R1_Plate04",10,3,876,283,"T phase",3.80232380700529,2.83654592023277
253170651,"YER111C","SWI4","","dma1394","Vph1_R1_Plate04",10,4,877,46,"S/G2 phase",1.58093593487394,1.45082373569939
253170711,"YER111C","SWI4","","dma1394","Vph1_R1_Plate04",10,4,877,108,"S/G2 phase",2.49783149185123,1.83641143805899
253170739,"YER111C","SWI4","","dma1394","Vph1_R1_Plate04",10,4,877,136,"T phase",3.0354657048061,2.9314141224898
253170841,"YER111C","SWI4","","dma1394","Vph1_R1_Plate04",10,4,877,240,"S/G2 phase",1.12248815638529,1.00793074726188
253171053,"YER111C","SWI4","","dma1394","Vph1_R1_Plate04",10,4,878,97,"T phase",4.12740495902451,3.36207732426433
253171129,"YER111C","SWI4","","dma1394","Vph1_R1_Plate04",10,4,878,175,"T phase",2.67287518909235,2.46904083101056
253171205,"YER111C","SWI4","","dma1394","Vph1_R1_Plate04",10,4,878,251,"S/G2 phase",1.09331420684511,1.89817186070698
253171315,"YER111C","SWI4","","dma1394","Vph1_R1_Plate04",10,4,879,11,"S/G2 phase",1.89351396566165,2.00806522943566
253171474,"YER111C","SWI4","","dma1394","Vph1_R1_Plate04",10,4,879,172,"S/G2 phase",0.876593438832291,1.38294841971992
253171475,"YER111C","SWI4","","dma1394","Vph1_R1_Plate04",10,4,879,173,"S/G2 phase",1.94769415766486,2.05759586542068
253171486,"YER111C","SWI4","","dma1394","Vph1_R1_Plate04",10,4,879,184,"S/G2 phase",1.25168707577755,1.93713246679044
253171496,"YER111C","SWI4","","dma1394","Vph1_R1_Plate04",10,4,879,194,"S/G2 phase",0.984953822838698,0.768401639905736
253171550,"YER111C","SWI4","","dma1394","Vph1_R1_Plate04",10,4,879,249,"S/G2 phase",1.75597963211506,1.99443775286835
253171731,"YER111C","SWI4","","dma1394","Vph1_R1_Plate04",10,4,880,28,"S/G2 phase",2.26860760260691,2.27152977640361
253171795,"YER111C","SWI4","","dma1394","Vph1_R1_Plate04",10,4,880,92,"T phase",2.62703041124349,2.87410883641189
253171841,"YER111C","SWI4","","dma1394","Vph1_R1_Plate04",10,4,880,140,"S/G2 phase",4.33995801996015,4.0264168069206
253171881,"YER111C","SWI4","","dma1394","Vph1_R1_Plate04",10,4,880,180,"S/G2 phase",5.41522644586989,4.64707848006626
253171960,"YER111C","SWI4","","dma1394","Vph1_R1_Plate04",10,4,880,259,"S/G2 phase",1.48507867209904,2.04868559228052
253259683,"YGL124C","MON1","","dma1674","Vph1_R1_Plate05",7,11,617,66,"S/G2 phase",-0.273878036563713,-0.0565661377319608
253259717,"YGL124C","MON1","","dma1674","Vph1_R1_Plate05",7,11,617,104,"G1 phase",-0.114686515260139,0.27235927839948
253260131,"YGL124C","MON1","","dma1674","Vph1_R1_Plate05",7,11,617,545,"S/G2 phase",0.268131190731788,0.505031581358304
253260258,"YGL124C","MON1","","dma1674","Vph1_R1_Plate05",7,11,617,674,"MA-single",-1.00919125401355,-0.941432079064427
253260281,"YGL124C","MON1","","dma1674","Vph1_R1_Plate05",7,11,617,698,"MA-single",-1.11910920919935,-1.04463545901525
253260358,"YGL124C","MON1","","dma1674","Vph1_R1_Plate05",7,11,617,776,"MA-single",-1.1077383862491,-1.04463545901525
253260544,"YGL124C","MON1","","dma1674","Vph1_R1_Plate05",7,11,618,114,"G1 phase",-0.891692750194249,-0.877344154004911
253260744,"YGL124C","MON1","","dma1674","Vph1_R1_Plate05",7,11,618,335,"S/G2 phase",-0.975078785162787,-0.672472918158915
253260790,"YGL124C","MON1","","dma1674","Vph1_R1_Plate05",7,11,618,390,"MA phase",0.666109993990722,0.599749170475268
253260876,"YGL124C","MON1","","dma1674","Vph1_R1_Plate05",7,11,618,483,"S/G2 phase",-0.182911452961671,-0.0761238651776144
253262197,"YGL124C","MON1","","dma1674","Vph1_R1_Plate05",7,11,620,23,"MA-single",-1.09636756329884,-1.14218164507683
253262224,"YGL124C","MON1","","dma1674","Vph1_R1_Plate05",7,11,620,50,"S/G2 phase",-0.952337139262277,-0.701809509327396
253262345,"YGL124C","MON1","","dma1674","Vph1_R1_Plate05",7,11,620,177,"G1 phase",-0.687017937089654,-0.577755329041951
253262384,"YGL124C","MON1","","dma1674","Vph1_R1_Plate05",7,11,620,217,"T phase",-0.129847612527146,0.124625700834793
253262483,"YGL124C","MON1","","dma1674","Vph1_R1_Plate05",7,11,620,316,"S/G2 phase",-0.410327911966776,0.213686096062519
253262834,"YGL124C","MON1","","dma1674","Vph1_R1_Plate05",7,11,620,677,"MA-single",-1.14185085509986,-1.07114345323911
253263000,"YGL124C","MON1","","dma1674","Vph1_R1_Plate05",7,11,620,848,"T phase",4.11904989655157,4.47379554582579
253327110,"YGL236C","MTO1","","dma1757","Vph1_R1_Plate05",6,10,517,1,"S/G2 phase",0.351517225700327,0.460501383744442
253327121,"YGL236C","MTO1","","dma1757","Vph1_R1_Plate05",6,10,517,12,"T phase",1.92827134146906,2.7820521217768
253327151,"YGL236C","MTO1","","dma1757","Vph1_R1_Plate05",6,10,517,44,"MA phase",2.83793717748948,2.79595265533322
253327160,"YGL236C","MTO1","","dma1757","Vph1_R1_Plate05",6,10,517,53,"S/G2 phase",2.25802520702646,2.046212830898
253327184,"YGL236C","MTO1","","dma1757","Vph1_R1_Plate05",6,10,517,77,"S/G2 phase",1.20432894696947,1.45115685080567
253327282,"YGL236C","MTO1","","dma1757","Vph1_R1_Plate05",6,10,517,179,"S/G2 phase",-0.573309707587101,-0.531689607372437
253327326,"YGL236C","MTO1","","dma1757","Vph1_R1_Plate05",6,10,517,226,"S/G2 phase",0.237808996197774,0.192835295727897
253327347,"YGL236C","MTO1","","dma1757","Vph1_R1_Plate05",6,10,517,248,"S/G2 phase",3.64905588127435,3.10249174707438
253327361,"YGL236C","MTO1","","dma1757","Vph1_R1_Plate05",6,10,517,262,"MA-single",-0.0919448693596286,-0.233636306465127
253327393,"YGL236C","MTO1","","dma1757","Vph1_R1_Plate05",6,10,517,294,"S/G2 phase",1.20811922128622,1.00795611811161
253327422,"YGL236C","MTO1","","dma1757","Vph1_R1_Plate05",6,10,517,323,"S/G2 phase",0.594094781972439,0.461794456633409
253327511,"YGL236C","MTO1","","dma1757","Vph1_R1_Plate05",6,10,517,417,"T phase",2.16705862342442,2.56457342526336
253327565,"YGL236C","MTO1","","dma1757","Vph1_R1_Plate05",6,10,518,28,"MA-single",-0.406537637650024,-0.459358342645744
253327596,"YGL236C","MTO1","","dma1757","Vph1_R1_Plate05",6,10,518,59,"T phase",2.87963019497375,2.8322395132799
253327607,"YGL236C","MTO1","","dma1757","Vph1_R1_Plate05",6,10,518,71,"S/G2 phase",0.798769595077034,1.60866929209318
253327665,"YGL236C","MTO1","","dma1757","Vph1_R1_Plate05",6,10,518,129,"S/G2 phase",0.0293439087764275,0.0479303151078307
253327730,"YGL236C","MTO1","","dma1757","Vph1_R1_Plate05",6,10,518,194,"S/G2 phase",-0.345893248581996,-0.102631859401475
253327742,"YGL236C","MTO1","","dma1757","Vph1_R1_Plate05",6,10,518,206,"S/G2 phase",0.889736178679076,0.737703884317128
253327812,"YGL236C","MTO1","","dma1757","Vph1_R1_Plate05",6,10,518,276,"S/G2 phase",4.7141229642816,3.56371468315844
253327833,"YGL236C","MTO1","","dma1757","Vph1_R1_Plate05",6,10,518,299,"T phase",3.02366061901031,2.09357162545648
253327951,"YGL236C","MTO1","","dma1757","Vph1_R1_Plate05",6,10,518,421,"MA-single",-0.762823423424689,-0.79935569538898
253327973,"YGL236C","MTO1","","dma1757","Vph1_R1_Plate05",6,10,519,5,"MA-single",-0.4633917524013,-0.58058392598657
253328010,"YGL236C","MTO1","","dma1757","Vph1_R1_Plate05",6,10,519,42,"S/G2 phase",3.16011049441338,2.80007432516681
253328024,"YGL236C","MTO1","","dma1757","Vph1_R1_Plate05",6,10,519,56,"G1 phase",0.923848647529841,0.734875287372509
253328028,"YGL236C","MTO1","","dma1757","Vph1_R1_Plate05",6,10,519,60,"T phase",3.83856959711194,3.23632479108266
253328130,"YGL236C","MTO1","","dma1757","Vph1_R1_Plate05",6,10,519,165,"T phase",2.74318031957068,2.73881499705191
253328181,"YGL236C","MTO1","","dma1757","Vph1_R1_Plate05",6,10,519,216,"S/G2 phase",0.666109993990722,1.21977762073581
253328238,"YGL236C","MTO1","","dma1757","Vph1_R1_Plate05",6,10,519,276,"MA-single",-1.55499075562581,-1.7218015675571
253328255,"YGL236C","MTO1","","dma1757","Vph1_R1_Plate05",6,10,519,293,"S/G2 phase",0.036924457409931,0.135697637446588
253328293,"YGL236C","MTO1","","dma1757","Vph1_R1_Plate05",6,10,519,333,"S/G2 phase",0.442483809302369,0.371198537350032
253328296,"YGL236C","MTO1","","dma1757","Vph1_R1_Plate05",6,10,519,336,"S/G2 phase",0.218857624614015,0.414435662074926
253328365,"YGL236C","MTO1","","dma1757","Vph1_R1_Plate05",6,10,519,406,"S/G2 phase",1.08683044315017,1.75769594254683
253328414,"YGL236C","MTO1","","dma1757","Vph1_R1_Plate05",6,10,520,38,"S/G2 phase",-0.0199296573413453,0.169155898448656
253328443,"YGL236C","MTO1","","dma1757","Vph1_R1_Plate05",6,10,520,69,"MA-single",-0.762823423424689,-0.66140098154712
253328503,"YGL236C","MTO1","","dma1757","Vph1_R1_Plate05",6,10,520,131,"S/G2 phase",0.35909777433383,0.405949871241069
253328540,"YGL236C","MTO1","","dma1757","Vph1_R1_Plate05",6,10,520,171,"S/G2 phase",2.48923194034832,2.35970218941737
253328550,"YGL236C","MTO1","","dma1757","Vph1_R1_Plate05",6,10,520,181,"S/G2 phase",-0.148798984110905,0.0173006510503817
253328569,"YGL236C","MTO1","","dma1757","Vph1_R1_Plate05",6,10,520,201,"S/G2 phase",2.36036261357876,2.22174747557551
253328588,"YGL236C","MTO1","","dma1757","Vph1_R1_Plate05",6,10,520,221,"S/G2 phase",1.07545962019991,1.33405293729843
253328630,"YGL236C","MTO1","","dma1757","Vph1_R1_Plate05",6,10,520,264,"S/G2 phase",2.11778505730664,2.16743841423882
253328633,"YGL236C","MTO1","","dma1757","Vph1_R1_Plate05",6,10,520,267,"T phase",3.01608007037681,2.64256188387929
253328641,"YGL236C","MTO1","","dma1757","Vph1_R1_Plate05",6,10,520,275,"T phase",3.39889777636874,2.94215070884225
253328658,"YGL236C","MTO1","","dma1757","Vph1_R1_Plate05",6,10,520,292,"S/G2 phase",1.21949004423648,1.72706627848938
253328676,"YGL236C","MTO1","","dma1757","Vph1_R1_Plate05",6,10,520,310,"S/G2 phase",3.38373667910173,2.69557787232701
253328738,"YGL236C","MTO1","","dma1757","Vph1_R1_Plate05",6,10,520,373,"S/G2 phase",-0.0502518518753593,0.233243823508173
253328755,"YGL236C","MTO1","","dma1757","Vph1_R1_Plate05",6,10,520,391,"T phase",2.08367258845588,1.5180733728098
253332316,"YGL235W","","","dma1758","Vph1_R1_Plate05",6,12,525,28,"S/G2 phase",0.753286303276013,0.989933914721606
253332360,"YGL235W","","","dma1758","Vph1_R1_Plate05",6,12,525,72,"T phase",4.76339653039937,3.66126086922002
253332370,"YGL235W","","","dma1758","Vph1_R1_Plate05",6,12,525,82,"S/G2 phase",0.832882063927799,0.730753617538921
253332374,"YGL235W","","","dma1758","Vph1_R1_Plate05",6,12,525,86,"S/G2 phase",0.889736178679076,0.794841542598439
253332392,"YGL235W","","","dma1758","Vph1_R1_Plate05",6,12,525,105,"T phase",2.36036261357876,2.13680875018137
253332415,"YGL235W","","","dma1758","Vph1_R1_Plate05",6,12,525,129,"S/G2 phase",1.64021049339592,1.53043838231056
253332442,"YGL235W","","","dma1758","Vph1_R1_Plate05",6,12,525,158,"S/G2 phase",1.12094291200093,1.15156802584271
253332471,"YGL235W","","","dma1758","Vph1_R1_Plate05",6,12,525,188,"S/G2 phase",2.356572339262,2.08662135867827
253332507,"YGL235W","","","dma1758","Vph1_R1_Plate05",6,12,525,226,"T phase",1.13231373495119,1.45115685080567
253332534,"YGL235W","","","dma1758","Vph1_R1_Plate05",6,12,525,255,"S/G2 phase",3.8651015173292,2.90739937495122
253332585,"YGL235W","","","dma1758","Vph1_R1_Plate05",6,12,525,309,"S/G2 phase",1.07924989451666,1.59194016159214
253332591,"YGL235W","","","dma1758","Vph1_R1_Plate05",6,12,525,315,"S/G2 phase",1.79182146606599,1.41074832302539
253332678,"YGL235W","","","dma1758","Vph1_R1_Plate05",6,12,526,84,"S/G2 phase",2.00786710212084,1.73967373915683
253332688,"YGL235W","","","dma1758","Vph1_R1_Plate05",6,12,526,94,"S/G2 phase",2.87583992065699,2.53523683409489
253332753,"YGL235W","","","dma1758","Vph1_R1_Plate05",6,12,526,162,"MA phase",2.53092495783258,2.51026436392667
253332778,"YGL235W","","","dma1758","Vph1_R1_Plate05",6,12,526,187,"S/G2 phase",1.4772286977756,2.02948370039696
253332779,"YGL235W","","","dma1758","Vph1_R1_Plate05",6,12,526,189,"S/G2 phase",1.29150525625476,1.9919037695613
253332862,"YGL235W","","","dma1758","Vph1_R1_Plate05",6,12,526,273,"S/G2 phase",0.624416976506453,0.737703884317128
253332875,"YGL235W","","","dma1758","Vph1_R1_Plate05",6,12,526,287,"S/G2 phase",0.730544657375502,1.11528116789602
253332992,"YGL235W","","","dma1758","Vph1_R1_Plate05",6,12,527,61,"S/G2 phase",2.91753293814126,3.19438073924673
253333020,"YGL235W","","","dma1758","Vph1_R1_Plate05",6,12,527,89,"S/G2 phase",2.06851149118887,1.93323058722435
253333023,"YGL235W","","","dma1758","Vph1_R1_Plate05",6,12,527,92,"T phase",3.9674389238815,3.31560632258756
253333028,"YGL235W","","","dma1758","Vph1_R1_Plate05",6,12,527,97,"S/G2 phase",1.0451374256659,1.06097210655933
253333043,"YGL235W","","","dma1758","Vph1_R1_Plate05",6,12,527,114,"T phase",5.29403493474461,4.03600955585429
253333053,"YGL235W","","","dma1758","Vph1_R1_Plate05",6,12,527,126,"S/G2 phase",-0.4633917524013,-0.385491553863401
253333055,"YGL235W","","","dma1758","Vph1_R1_Plate05",6,12,527,129,"T phase",2.03818929665486,2.45595530258998
253333064,"YGL235W","","","dma1758","Vph1_R1_Plate05",6,12,527,138,"S/G2 phase",0.72675438305875,0.690345089758645
253333138,"YGL235W","","","dma1758","Vph1_R1_Plate05",6,12,527,216,"MA-single",0.105149395111463,0.0855102459434863
253333200,"YGL235W","","","dma1758","Vph1_R1_Plate05",6,12,527,280,"S/G2 phase",1.87141722671778,1.78420393677069
253333214,"YGL235W","","","dma1758","Vph1_R1_Plate05",6,12,527,296,"T phase",3.04640226491082,3.6584322722754
253333224,"YGL235W","","","dma1758","Vph1_R1_Plate05",6,12,527,306,"S/G2 phase",1.78803119174924,1.50829450908697
253333229,"YGL235W","","","dma1758","Vph1_R1_Plate05",6,12,527,312,"T phase",1.93964216441931,2.45595530258998
253333233,"YGL235W","","","dma1758","Vph1_R1_Plate05",6,12,527,316,"S/G2 phase",2.46270002013105,2.06989222817724
253333260,"YGL235W","","","dma1758","Vph1_R1_Plate05",6,12,527,345,"S/G2 phase",3.44817134248651,2.88371997767198
253333282,"YGL235W","","","dma1758","Vph1_R1_Plate05",6,12,527,367,"S/G2 phase",1.64400076771267,1.29930160340739
253333303,"YGL235W","","","dma1758","Vph1_R1_Plate05",6,12,527,388,"S/G2 phase",0.199906253030256,0.0855102459434863
253333312,"YGL235W","","","dma1758","Vph1_R1_Plate05",6,12,527,397,"S/G2 phase",1.34077882237253,1.15027495295374
253333318,"YGL235W","","","dma1758","Vph1_R1_Plate05",6,12,528,6,"MA-single",-0.213233647495685,-0.261437373577956
253333335,"YGL235W","","","dma1758","Vph1_R1_Plate05",6,12,528,23,"S/G2 phase",0.935219470480097,0.971911711331604
253333340,"YGL235W","","","dma1758","Vph1_R1_Plate05",6,12,528,28,"S/G2 phase",1.30666635352177,0.935624853384917
253333344,"YGL235W","","","dma1758","Vph1_R1_Plate05",6,12,528,32,"T phase",3.47470326270377,3.35472177747886
253333348,"YGL235W","","","dma1758","Vph1_R1_Plate05",6,12,528,37,"S/G2 phase",2.69011647913616,2.26086293046682
253333356,"YGL235W","","","dma1758","Vph1_R1_Plate05",6,12,528,45,"S/G2 phase",3.26623817528242,2.89479191428377
253333376,"YGL235W","","","dma1758","Vph1_R1_Plate05",6,12,528,65,"T phase",2.20875164090869,1.66580695037449
253333385,"YGL235W","","","dma1758","Vph1_R1_Plate05",6,12,528,75,"MA-single",-0.364844620165755,-0.203006642407679
253333423,"YGL235W","","","dma1758","Vph1_R1_Plate05",6,12,528,114,"S/G2 phase",1.23086086718673,1.25194280884891
253333441,"YGL235W","","","dma1758","Vph1_R1_Plate05",6,12,528,133,"MA phase",2.56503742668335,2.58413115270901
253333455,"YGL235W","","","dma1758","Vph1_R1_Plate05",6,12,528,148,"S/G2 phase",-0.391376540383017,-0.318575031859266
253333457,"YGL235W","","","dma1758","Vph1_R1_Plate05",6,12,528,150,"T phase",1.71980625404771,1.30908046713022
253333491,"YGL235W","","","dma1758","Vph1_R1_Plate05",6,12,528,184,"T phase",1.37868156554005,1.02056357877905
253333496,"YGL235W","","","dma1758","Vph1_R1_Plate05",6,12,528,189,"S/G2 phase",1.07166934588316,1.03163551539085
253333500,"YGL235W","","","dma1758","Vph1_R1_Plate05",6,12,528,193,"T phase",1.44311622892483,1.38989752269077
253333520,"YGL235W","","","dma1758","Vph1_R1_Plate05",6,12,528,213,"T phase",1.98133518190358,2.046212830898
253333614,"YGL235W","","","dma1758","Vph1_R1_Plate05",6,12,528,310,"S/G2 phase",2.6711651075524,2.57152369204157
253333663,"YGL235W","","","dma1758","Vph1_R1_Plate05",6,12,528,360,"S/G2 phase",0.70401273715824,1.5682607643129
253408515,"YGL222C","EDC1","","dma1746","Vph1_R1_Plate05",4,12,333,45,"S/G2 phase",2.55745687804985,2.36948105314019
253408516,"YGL222C","EDC1","","dma1746","Vph1_R1_Plate05",4,12,333,46,"S/G2 phase",0.904897275946083,1.75769594254683
253408527,"YGL222C","EDC1","","dma1746","Vph1_R1_Plate05",4,12,333,57,"S/G2 phase",1.45448705187509,1.841341595052
253408622,"YGL222C","EDC1","","dma1746","Vph1_R1_Plate05",4,12,333,154,"S/G2 phase",0.980702762281118,1.46093571452849
253408686,"YGL222C","EDC1","","dma1746","Vph1_R1_Plate05",4,12,333,224,"MA phase",3.34583393593421,3.0551329525159
253408698,"YGL222C","EDC1","","dma1746","Vph1_R1_Plate05",4,12,333,236,"T phase",4.82025064515064,3.81182304372933
253408718,"YGL222C","EDC1","","dma1746","Vph1_R1_Plate05",4,12,333,257,"S/G2 phase",-0.372425168799258,-0.275337907134371
253408731,"YGL222C","EDC1","","dma1746","Vph1_R1_Plate05",4,12,333,271,"T phase",3.19422296326414,2.60086028321005
253408736,"YGL222C","EDC1","","dma1746","Vph1_R1_Plate05",4,12,333,276,"S/G2 phase",0.374258871600837,0.730753617538921
253408793,"YGL222C","EDC1","","dma1746","Vph1_R1_Plate05",4,12,333,335,"T phase",2.77729278842145,2.42791178431047
253408797,"YGL222C","EDC1","","dma1746","Vph1_R1_Plate05",4,12,333,340,"S/G2 phase",3.17906186599714,2.82658231939067
253408920,"YGL222C","EDC1","","dma1746","Vph1_R1_Plate05",4,12,334,38,"S/G2 phase",1.28771498193801,2.18416754473985
253408924,"YGL222C","EDC1","","dma1746","Vph1_R1_Plate05",4,12,334,42,"S/G2 phase",0.381839420234341,0.687516492814027
253409000,"YGL222C","EDC1","","dma1746","Vph1_R1_Plate05",4,12,334,121,"S/G2 phase",1.257392787404,1.49851564536415
253409020,"YGL222C","EDC1","","dma1746","Vph1_R1_Plate05",4,12,334,141,"S/G2 phase",0.901107001629331,0.924552916773122
253409022,"YGL222C","EDC1","","dma1746","Vph1_R1_Plate05",4,12,334,143,"S/G2 phase",1.38626211417356,1.14049608923091
253409024,"YGL222C","EDC1","","dma1746","Vph1_R1_Plate05",4,12,334,146,"S/G2 phase",1.62504939612892,1.58781849175856
253409031,"YGL222C","EDC1","","dma1746","Vph1_R1_Plate05",4,12,334,153,"S/G2 phase",1.60988829886191,1.68253608087552
253409032,"YGL222C","EDC1","","dma1746","Vph1_R1_Plate05",4,12,334,154,"S/G2 phase",1.59093692727815,1.43596324436028
253409036,"YGL222C","EDC1","","dma1746","Vph1_R1_Plate05",4,12,334,158,"T phase",2.81519553158897,2.6495121506575
253409047,"YGL222C","EDC1","","dma1746","Vph1_R1_Plate05",4,12,334,169,"T phase",1.65537159066293,1.33688153424305
253409054,"YGL222C","EDC1","","dma1746","Vph1_R1_Plate05",4,12,334,176,"S/G2 phase",2.53850550646609,2.35275192263916
253409137,"YGL222C","EDC1","","dma1746","Vph1_R1_Plate05",4,12,334,262,"S/G2 phase",-0.849999732709979,-0.790869904555121
253409157,"YGL222C","EDC1","","dma1746","Vph1_R1_Plate05",4,12,334,283,"S/G2 phase",1.83730475786701,1.50546591214235
253409194,"YGL222C","EDC1","","dma1746","Vph1_R1_Plate05",4,12,334,324,"G1 phase",0.578933684705432,0.414435662074926
253409339,"YGL222C","EDC1","","dma1746","Vph1_R1_Plate05",4,12,335,77,"S/G2 phase",1.33319827373903,1.44137798708284
253409347,"YGL222C","EDC1","","dma1746","Vph1_R1_Plate05",4,12,335,85,"T phase",3.83477932279519,3.45509656048506
253409384,"YGL222C","EDC1","","dma1746","Vph1_R1_Plate05",4,12,335,124,"S/G2 phase",1.51513144094312,1.50829450908698
253409385,"YGL222C","EDC1","","dma1746","Vph1_R1_Plate05",4,12,335,125,"S/G2 phase",1.46585787482534,1.18502628684477
253409425,"YGL222C","EDC1","","dma1746","Vph1_R1_Plate05",4,12,335,165,"MA phase",0.772237674859771,0.637329101310925
253409467,"YGL222C","EDC1","","dma1746","Vph1_R1_Plate05",4,12,335,211,"S/G2 phase",1.70085488246395,2.13680875018137
253409583,"YGL222C","EDC1","","dma1746","Vph1_R1_Plate05",4,12,335,333,"S/G2 phase",0.931429196163345,1.11115949806243
253409613,"YGL222C","EDC1","","dma1746","Vph1_R1_Plate05",4,12,336,21,"S/G2 phase",1.45827732619184,1.33275986440946
253409659,"YGL222C","EDC1","","dma1746","Vph1_R1_Plate05",4,12,336,67,"S/G2 phase",1.51513144094312,1.80659026116096
253409661,"YGL222C","EDC1","","dma1746","Vph1_R1_Plate05",4,12,336,69,"MA-single",-0.410327911966776,-0.513667403982434
253409681,"YGL222C","EDC1","","dma1746","Vph1_R1_Plate05",4,12,336,90,"S/G2 phase",0.654739171040467,0.595627500641681
253409720,"YGL222C","EDC1","","dma1746","Vph1_R1_Plate05",4,12,336,130,"T phase",5.63136934893552,4.20895805475387
253409793,"YGL222C","EDC1","","dma1746","Vph1_R1_Plate05",4,12,336,206,"S/G2 phase",3.89921398617997,3.29758411919755
253409867,"YGL222C","EDC1","","dma1746","Vph1_R1_Plate05",4,12,336,280,"S/G2 phase",-0.0692032234591181,-0.11370379601327
253409868,"YGL222C","EDC1","","dma1746","Vph1_R1_Plate05",4,12,336,281,"T phase",1.9169005185188,1.80788333404993
253409870,"YGL222C","EDC1","","dma1746","Vph1_R1_Plate05",4,12,336,283,"S/G2 phase",3.36478530751797,3.1163922806308
253409890,"YGL222C","EDC1","","dma1746","Vph1_R1_Plate05",4,12,336,303,"MA phase",0.461435180886127,0.966254517442365
253409895,"YGL222C","EDC1","","dma1746","Vph1_R1_Plate05",4,12,336,308,"T phase",1.77287009448223,2.12702988645854
253409897,"YGL222C","EDC1","","dma1746","Vph1_R1_Plate05",4,12,336,310,"T phase",2.80761498295546,2.5813025557644
253409903,"YGL222C","EDC1","","dma1746","Vph1_R1_Plate05",4,12,336,316,"S/G2 phase",-0.524036141469329,-0.463480012479332
253409910,"YGL222C","EDC1","","dma1746","Vph1_R1_Plate05",4,12,336,323,"G1 phase",1.00344440818163,0.583020039974235
253409959,"YGL222C","EDC1","","dma1746","Vph1_R1_Plate05",4,12,336,373,"S/G2 phase",0.298453385265802,0.652765158922991
253418076,"YGL219C","MDM34","mdm34-supp1","dma1748","Vph1_R1_Plate05",4,16,349,35,"S/G2 phase",1.39384266280706,1.58216129786932
253418087,"YGL219C","MDM34","mdm34-supp1","dma1748","Vph1_R1_Plate05",4,16,349,46,"S/G2 phase",0.378049145917589,0.233243823508173
253418152,"YGL219C","MDM34","mdm34-supp1","dma1748","Vph1_R1_Plate05",4,16,349,116,"S/G2 phase",0.169584058496242,0.445065326132375
253418172,"YGL219C","MDM34","mdm34-supp1","dma1748","Vph1_R1_Plate05",4,16,350,20,"S/G2 phase",1.50376061799286,1.73684514221221
253418262,"YGL219C","MDM34","mdm34-supp1","dma1748","Vph1_R1_Plate05",4,16,351,36,"S/G2 phase",2.20875164090869,1.70621547815476
253418301,"YGL219C","MDM34","mdm34-supp1","dma1748","Vph1_R1_Plate05",4,16,351,84,"S/G2 phase",3.2055937862144,2.84460452278067
253418312,"YGL219C","MDM34","mdm34-supp1","dma1748","Vph1_R1_Plate05",4,16,351,97,"S/G2 phase",0.624416976506453,1.44008491419387
253418377,"YGL219C","MDM34","mdm34-supp1","dma1748","Vph1_R1_Plate05",4,16,352,16,"G1 phase",-0.429279283550535,-0.574926732097331
253418434,"YGL219C","MDM34","mdm34-supp1","dma1748","Vph1_R1_Plate05",4,16,352,79,"S/G2 phase",0.533450392904411,0.333618606514376
253418444,"YGL219C","MDM34","mdm34-supp1","dma1748","Vph1_R1_Plate05",4,16,352,89,"T phase",2.57640824963361,2.38338158669661
253418455,"YGL219C","MDM34","mdm34-supp1","dma1748","Vph1_R1_Plate05",4,16,352,100,"S/G2 phase",-0.326941876998237,0.0451017181632111
253426570,"YGL216W","KIP3","","dma1751","Vph1_R1_Plate05",4,22,373,14,"S/G2 phase",0.021763360142924,0.378148804128239
253426578,"YGL216W","KIP3","","dma1751","Vph1_R1_Plate05",4,22,373,22,"MA-single",0.313614482532809,0.479816660023411
253426585,"YGL216W","KIP3","","dma1751","Vph1_R1_Plate05",4,22,373,29,"S/G2 phase",1.09441099178367,1.14178916211988
253426609,"YGL216W","KIP3","","dma1751","Vph1_R1_Plate05",4,22,373,55,"S/G2 phase",-0.251136390663202,-0.287945367801817
253426629,"YGL216W","KIP3","","dma1751","Vph1_R1_Plate05",4,22,373,75,"S/G2 phase",0.669900268307474,0.953647056774919
253426645,"YGL216W","KIP3","","dma1751","Vph1_R1_Plate05",4,22,373,92,"S/G2 phase",0.946590293430352,1.17112575328836
253426646,"YGL216W","KIP3","","dma1751","Vph1_R1_Plate05",4,22,373,93,"S/G2 phase",1.10199154041717,1.0944303675614
253426680,"YGL216W","KIP3","","dma1751","Vph1_R1_Plate05",4,22,373,127,"T phase",3.37236585615147,3.46333990015224
253426733,"YGL216W","KIP3","","dma1751","Vph1_R1_Plate05",4,22,373,183,"T phase",1.51892171525987,1.57521103109111
253426781,"YGL216W","KIP3","","dma1751","Vph1_R1_Plate05",4,22,373,238,"S/G2 phase",-0.277668310880465,-0.283823697968229
253426797,"YGL216W","KIP3","","dma1751","Vph1_R1_Plate05",4,22,373,255,"S/G2 phase",0.503128198370397,0.393584861740305
253426844,"YGL216W","KIP3","","dma1751","Vph1_R1_Plate05",4,22,373,303,"S/G2 phase",2.42479727696354,2.01841176378517
253426888,"YGL216W","KIP3","","dma1751","Vph1_R1_Plate05",4,22,374,23,"T phase",0.222647898930767,0.347519140070791
253426928,"YGL216W","KIP3","","dma1751","Vph1_R1_Plate05",4,22,374,64,"T phase",2.11399478298989,1.93193751433538
253426949,"YGL216W","KIP3","","dma1751","Vph1_R1_Plate05",4,22,374,85,"S/G2 phase",0.14305213827898,0.408778468185688
253426979,"YGL216W","KIP3","","dma1751","Vph1_R1_Plate05",4,22,374,115,"T phase",2.91753293814126,2.92129990850763
253427035,"YGL216W","KIP3","","dma1751","Vph1_R1_Plate05",4,22,374,171,"S/G2 phase",1.5947272015949,1.52631671247698
253427058,"YGL216W","KIP3","","dma1751","Vph1_R1_Plate05",4,22,374,194,"S/G2 phase",-0.0616226748256146,0.0409800483296229
253427079,"YGL216W","KIP3","","dma1751","Vph1_R1_Plate05",4,22,374,217,"S/G2 phase",-0.16016980706116,-0.031593667563751
253427134,"YGL216W","KIP3","","dma1751","Vph1_R1_Plate05",4,22,374,274,"S/G2 phase",0.415951889085106,0.475694990189824
253427271,"YGL216W","KIP3","","dma1751","Vph1_R1_Plate05",4,22,375,86,"S/G2 phase",1.01481523113188,1.43725631724925
253427328,"YGL216W","KIP3","","dma1751","Vph1_R1_Plate05",4,22,375,146,"S/G2 phase",2.79624416000521,2.28866399757965
253427351,"YGL216W","KIP3","","dma1751","Vph1_R1_Plate05",4,22,375,169,"S/G2 phase",-0.398957089016521,0.00752178732755553
253427426,"YGL216W","KIP3","","dma1751","Vph1_R1_Plate05",4,22,375,244,"G1 phase",-0.0957351436763803,-0.102631859401475
253427429,"YGL216W","KIP3","","dma1751","Vph1_R1_Plate05",4,22,375,249,"S/G2 phase",0.923848647529841,1.82178386760635
253427443,"YGL216W","KIP3","","dma1751","Vph1_R1_Plate05",4,22,375,263,"S/G2 phase",0.378049145917589,0.934089329329265
253427486,"YGL216W","KIP3","","dma1751","Vph1_R1_Plate05",4,22,375,308,"S/G2 phase",-0.561938884636846,-0.696152315438157
253427548,"YGL216W","KIP3","","dma1751","Vph1_R1_Plate05",4,22,376,56,"S/G2 phase",5.35467932381264,3.95802109723836
253427555,"YGL216W","KIP3","","dma1751","Vph1_R1_Plate05",4,22,376,63,"S/G2 phase",2.4437486485473,2.36535938330661
253427590,"YGL216W","KIP3","","dma1751","Vph1_R1_Plate05",4,22,376,98,"G1 phase",-0.235975293396195,-0.299017304413612
253427609,"YGL216W","KIP3","","dma1751","Vph1_R1_Plate05",4,22,376,117,"S/G2 phase",2.84930800043973,2.60781054998826
253427610,"YGL216W","KIP3","","dma1751","Vph1_R1_Plate05",4,22,376,118,"S/G2 phase",0.154422961229235,0.202614159450724
253427614,"YGL216W","KIP3","","dma1751","Vph1_R1_Plate05",4,22,376,122,"S/G2 phase",1.20432894696947,1.15156802584271
253427654,"YGL216W","KIP3","","dma1751","Vph1_R1_Plate05",4,22,376,162,"S/G2 phase",1.99649627917059,2.60215335609902
253427685,"YGL216W","KIP3","","dma1751","Vph1_R1_Plate05",4,22,376,195,"T phase",5.15758505934155,3.74749266750314
253427724,"YGL216W","KIP3","","dma1751","Vph1_R1_Plate05",4,22,376,235,"S/G2 phase",-0.118476789576891,-0.0133290130070667
253427729,"YGL216W","KIP3","","dma1751","Vph1_R1_Plate05",4,22,376,240,"S/G2 phase",1.43174540597458,1.2882296667956
253427735,"YGL216W","KIP3","","dma1751","Vph1_R1_Plate05",4,22,376,246,"T phase",-0.31178077973123,-0.130432926514304
253572858,"YGL215W","CLG1","","dma1729","Vph1_R1_Plate05",2,2,101,25,"S/G2 phase",-0.038881028925104,0.0813885761098981
253572878,"YGL215W","CLG1","","dma1729","Vph1_R1_Plate05",2,2,101,47,"S/G2 phase",1.39763293712381,1.3744614650787
253572887,"YGL215W","CLG1","","dma1729","Vph1_R1_Plate05",2,2,101,56,"S/G2 phase",1.64021049339592,2.02948370039696
253572928,"YGL215W","CLG1","","dma1729","Vph1_R1_Plate05",2,2,101,98,"S/G2 phase",0.586514233338935,0.427043122742373
253572939,"YGL215W","CLG1","","dma1729","Vph1_R1_Plate05",2,2,101,110,"S/G2 phase",2.48923194034832,2.05033450073158
253572971,"YGL215W","CLG1","","dma1729","Vph1_R1_Plate05",2,2,101,142,"S/G2 phase",0.681271091257729,0.613649704031684
253572998,"YGL215W","CLG1","","dma1729","Vph1_R1_Plate05",2,2,101,172,"S/G2 phase",0.0861980235277039,0.201321086561756
253573012,"YGL215W","CLG1","","dma1729","Vph1_R1_Plate05",2,2,101,186,"S/G2 phase",0.226438173247519,0.506324654247272
253573048,"YGL215W","CLG1","","dma1729","Vph1_R1_Plate05",2,2,101,222,"S/G2 phase",0.27192146504854,0.173277568282244
253573076,"YGL215W","CLG1","","dma1729","Vph1_R1_Plate05",2,2,101,251,"S/G2 phase",0.101359120794711,0.251266026898175
253573109,"YGL215W","CLG1","","dma1729","Vph1_R1_Plate05",2,2,101,285,"S/G2 phase",-0.641534645288633,-0.618163856822226
253573154,"YGL215W","CLG1","","dma1729","Vph1_R1_Plate05",2,2,101,331,"S/G2 phase",2.00786710212084,1.63647035920601
253573158,"YGL215W","CLG1","","dma1729","Vph1_R1_Plate05",2,2,101,335,"S/G2 phase",1.03755687703239,1.29364440951815
253573164,"YGL215W","CLG1","","dma1729","Vph1_R1_Plate05",2,2,101,341,"S/G2 phase",0.866994532778565,0.576069773196027
253573169,"YGL215W","CLG1","","dma1729","Vph1_R1_Plate05",2,2,101,346,"S/G2 phase",0.783608497810027,0.960597323553126
253573170,"YGL215W","CLG1","","dma1729","Vph1_R1_Plate05",2,2,101,347,"S/G2 phase",1.17021647811871,1.31885933085304
253573227,"YGL215W","CLG1","","dma1729","Vph1_R1_Plate05",2,2,102,44,"S/G2 phase",0.48796710110339,0.62059997080989
253573236,"YGL215W","CLG1","","dma1729","Vph1_R1_Plate05",2,2,102,53,"S/G2 phase",1.77666036879899,1.89847925333331
253573258,"YGL215W","CLG1","","dma1729","Vph1_R1_Plate05",2,2,102,75,"S/G2 phase",3.64905588127435,3.3784011747581
253573262,"YGL215W","CLG1","","dma1729","Vph1_R1_Plate05",2,2,102,79,"S/G2 phase",1.46964814914209,1.27974387596174
253573270,"YGL215W","CLG1","","dma1729","Vph1_R1_Plate05",2,2,102,87,"G1 phase",-0.205653098862181,-0.358983559639541
253573325,"YGL215W","CLG1","","dma1729","Vph1_R1_Plate05",2,2,102,147,"S/G2 phase",1.17021647811871,1.28952273968457
253573334,"YGL215W","CLG1","","dma1729","Vph1_R1_Plate05",2,2,102,157,"S/G2 phase",0.590304507655687,0.821349536822298
253573396,"YGL215W","CLG1","","dma1729","Vph1_R1_Plate05",2,2,102,220,"S/G2 phase",0.544821215854666,1.1013806343396
253573467,"YGL215W","CLG1","","dma1729","Vph1_R1_Plate05",2,2,102,295,"S/G2 phase",1.02997632839889,1.49156537858594
253573478,"YGL215W","CLG1","","dma1729","Vph1_R1_Plate05",2,2,102,306,"S/G2 phase",1.73496735131472,1.43159912336001
253573491,"YGL215W","CLG1","","dma1729","Vph1_R1_Plate05",2,2,102,319,"S/G2 phase",1.272553884671,1.6616852805409
253573498,"YGL215W","CLG1","","dma1729","Vph1_R1_Plate05",2,2,102,326,"S/G2 phase",1.55682445842738,1.17524742312195
253573509,"YGL215W","CLG1","","dma1729","Vph1_R1_Plate05",2,2,103,6,"S/G2 phase",3.12978829987936,2.96865870306611
253573525,"YGL215W","CLG1","","dma1729","Vph1_R1_Plate05",2,2,103,22,"S/G2 phase",0.87836535572882,1.45115685080567
253573542,"YGL215W","CLG1","","dma1729","Vph1_R1_Plate05",2,2,103,39,"S/G2 phase",0.446274083619121,0.223464959785346
253573625,"YGL215W","CLG1","","dma1729","Vph1_R1_Plate05",2,2,103,124,"S/G2 phase",1.96238381031982,1.76335313643607
253573630,"YGL215W","CLG1","","dma1729","Vph1_R1_Plate05",2,2,103,129,"G1 phase",-0.122267063893643,-0.177791721072786
253573640,"YGL215W","CLG1","","dma1729","Vph1_R1_Plate05",2,2,103,139,"S/G2 phase",5.54419303965023,5.05341546830606
253573667,"YGL215W","CLG1","","dma1729","Vph1_R1_Plate05",2,2,103,168,"S/G2 phase",1.95101298736957,1.47766484502953
253573697,"YGL215W","CLG1","","dma1729","Vph1_R1_Plate05",2,2,103,202,"T phase",3.19801323758089,2.95451571834302
253573730,"YGL215W","CLG1","","dma1729","Vph1_R1_Plate05",2,2,103,235,"S/G2 phase",-0.023719931658097,-0.144333460070719
253573748,"YGL215W","CLG1","","dma1729","Vph1_R1_Plate05",2,2,103,254,"S/G2 phase",1.2649733360375,1.59606183142573
253573769,"YGL215W","CLG1","","dma1729","Vph1_R1_Plate05",2,2,103,275,"S/G2 phase",1.10578181473393,1.12635310450781
253573772,"YGL215W","CLG1","","dma1729","Vph1_R1_Plate05",2,2,103,279,"S/G2 phase",1.94343243873606,2.28995707046861
253573782,"YGL215W","CLG1","","dma1729","Vph1_R1_Plate05",2,2,103,289,"S/G2 phase",1.67053268792994,1.55436023075649
253573786,"YGL215W","CLG1","","dma1729","Vph1_R1_Plate05",2,2,103,293,"MA-single",0.0899882978444556,0.18588502894969
253573809,"YGL215W","CLG1","","dma1729","Vph1_R1_Plate05",2,2,104,21,"T phase",2.25802520702646,1.87067818622048
253573861,"YGL215W","CLG1","","dma1729","Vph1_R1_Plate05",2,2,104,73,"S/G2 phase",1.74633817426497,1.40379805624718
253573883,"YGL215W","CLG1","","dma1729","Vph1_R1_Plate05",2,2,104,95,"S/G2 phase",-0.380005717432762,-0.265559043411545
253573891,"YGL215W","CLG1","","dma1729","Vph1_R1_Plate05",2,2,104,104,"MA phase",1.30666635352177,1.30908046713022
253573933,"YGL215W","CLG1","","dma1729","Vph1_R1_Plate05",2,2,104,147,"S/G2 phase",0.465225455202879,0.599749170475268
253573935,"YGL215W","CLG1","","dma1729","Vph1_R1_Plate05",2,2,104,149,"S/G2 phase",2.91753293814126,2.56045175542977
253573947,"YGL215W","CLG1","","dma1729","Vph1_R1_Plate05",2,2,104,161,"S/G2 phase",-0.190492001595174,0.383805998017479
253573991,"YGL215W","CLG1","","dma1729","Vph1_R1_Plate05",2,2,104,206,"S/G2 phase",1.05650824861615,1.14178916211988
253576322,"YGL214W","","","dma1730","Vph1_R1_Plate05",2,4,109,8,"T phase",2.58777907258386,1.84699878894124
253576432,"YGL214W","","","dma1730","Vph1_R1_Plate05",2,4,109,119,"S/G2 phase",0.260550642098284,0.249972954009207
253576440,"YGL214W","","","dma1730","Vph1_R1_Plate05",2,4,110,9,"S/G2 phase",-0.0123491087078417,-0.0900243987340288
253576456,"YGL214W","","","dma1730","Vph1_R1_Plate05",2,4,110,26,"S/G2 phase",1.58335637864465,1.07075097028216
253576640,"YGL214W","","","dma1730","Vph1_R1_Plate05",2,4,112,9,"S/G2 phase",0.995863859548125,1.54175277008904
253576642,"YGL214W","","","dma1730","Vph1_R1_Plate05",2,4,112,11,"S/G2 phase",0.969331939330862,1.12376695872988
253576656,"YGL214W","","","dma1730","Vph1_R1_Plate05",2,4,112,25,"T phase",2.06851149118887,2.20089667524089
253576660,"YGL214W","","","dma1730","Vph1_R1_Plate05",2,4,112,29,"S/G2 phase",0.533450392904411,0.945403717107744
253579747,"YGL213C","SKI8","","dma1731","Vph1_R1_Plate05",2,6,117,1,"S/G2 phase",3.40268805068549,2.99104502745638
253579759,"YGL213C","SKI8","","dma1731","Vph1_R1_Plate05",2,6,117,15,"T phase",3.05019253922758,2.99233810034536
253579807,"YGL213C","SKI8","","dma1731","Vph1_R1_Plate05",2,6,117,64,"S/G2 phase",0.389419968867844,0.589970306752442
253579808,"YGL213C","SKI8","","dma1731","Vph1_R1_Plate05",2,6,117,65,"S/G2 phase",1.03376660271564,1.17936909295554
253579909,"YGL213C","SKI8","","dma1731","Vph1_R1_Plate05",2,6,117,172,"S/G2 phase",1.15884565516845,1.53350943042187
253579985,"YGL213C","SKI8","","dma1731","Vph1_R1_Plate05",2,6,118,41,"S/G2 phase",1.90173942125179,1.87067818622048
253579987,"YGL213C","SKI8","","dma1731","Vph1_R1_Plate05",2,6,118,43,"T phase",4.54356062002777,3.36450064120169
253580021,"YGL213C","SKI8","","dma1731","Vph1_R1_Plate05",2,6,118,77,"S/G2 phase",0.400790791818099,0.599749170475268
253580022,"YGL213C","SKI8","","dma1731","Vph1_R1_Plate05",2,6,118,78,"S/G2 phase",2.00028655348734,1.67558581409731
253580071,"YGL213C","SKI8","","dma1731","Vph1_R1_Plate05",2,6,118,128,"S/G2 phase",1.57577583001114,1.53197390636622
253580177,"YGL213C","SKI8","","dma1731","Vph1_R1_Plate05",2,6,119,90,"G1 phase",-0.357264071532251,-0.423071484699057
253580181,"YGL213C","SKI8","","dma1731","Vph1_R1_Plate05",2,6,119,94,"T phase",2.15568780047416,2.37230965008481
253580186,"YGL213C","SKI8","","dma1731","Vph1_R1_Plate05",2,6,119,99,"T phase",2.84551772612298,3.46487542420789
253580251,"YGL213C","SKI8","","dma1731","Vph1_R1_Plate05",2,6,119,170,"S/G2 phase",2.31487932177773,2.87264804106018
253580256,"YGL213C","SKI8","","dma1731","Vph1_R1_Plate05",2,6,119,175,"S/G2 phase",0.503128198370397,1.22826341156967
253580258,"YGL213C","SKI8","","dma1731","Vph1_R1_Plate05",2,6,119,177,"S/G2 phase",5.55177358828373,4.62411526916842
253580323,"YGL213C","SKI8","","dma1731","Vph1_R1_Plate05",2,6,120,40,"G1 phase",-0.122267063893643,-0.180620318017406
253583926,"YGL212W","VAM7","","dma1732","Vph1_R1_Plate05",2,8,125,19,"S/G2 phase",2.79624416000521,2.08379276173365
253583957,"YGL212W","VAM7","","dma1732","Vph1_R1_Plate05",2,8,125,50,"T phase",1.71222570541421,1.71728741476656
253583964,"YGL212W","VAM7","","dma1732","Vph1_R1_Plate05",2,8,125,57,"S/G2 phase",0.624416976506453,0.730753617538921
253583992,"YGL212W","VAM7","","dma1732","Vph1_R1_Plate05",2,8,125,88,"S/G2 phase",0.0141828115094205,0.445065326132375
253584067,"YGL212W","VAM7","","dma1732","Vph1_R1_Plate05",2,8,125,166,"S/G2 phase",1.06787907156641,1.30908046713022
253584099,"YGL212W","VAM7","","dma1732","Vph1_R1_Plate05",2,8,126,34,"S/G2 phase",1.86383667808428,1.77442507304787
253584102,"YGL212W","VAM7","","dma1732","Vph1_R1_Plate05",2,8,126,39,"S/G2 phase",0.63957807377346,0.505031581358304
253584138,"YGL212W","VAM7","","dma1732","Vph1_R1_Plate05",2,8,126,76,"MA-single",-1.36547703978822,-1.41809107276055
253584180,"YGL212W","VAM7","","dma1732","Vph1_R1_Plate05",2,8,126,118,"G1 phase",-0.474762575351556,-0.494109676536781
253584190,"YGL212W","VAM7","","dma1732","Vph1_R1_Plate05",2,8,126,128,"T phase",1.94722271305281,2.3764313199184
253584197,"YGL212W","VAM7","","dma1732","Vph1_R1_Plate05",2,8,126,136,"S/G2 phase",0.658529445357219,0.733582214483541
253584234,"YGL212W","VAM7","","dma1732","Vph1_R1_Plate05",2,8,126,175,"S/G2 phase",-0.342102974265244,-0.200178045463059
253584287,"YGL212W","VAM7","","dma1732","Vph1_R1_Plate05",2,8,127,11,"G1 phase",-0.307990505414478,-0.434143421310852
253584288,"YGL212W","VAM7","","dma1732","Vph1_R1_Plate05",2,8,127,12,"T phase",0.806350143710537,1.32710267052022
253584293,"YGL212W","VAM7","","dma1732","Vph1_R1_Plate05",2,8,127,17,"T phase",2.5688277010001,2.4698558361464
253584295,"YGL212W","VAM7","","dma1732","Vph1_R1_Plate05",2,8,127,20,"T phase",3.93332645503073,3.12204947452004
253584316,"YGL212W","VAM7","","dma1732","Vph1_R1_Plate05",2,8,127,41,"MA-single",-0.963707962212532,-1.07114345323911
253584426,"YGL212W","VAM7","","dma1732","Vph1_R1_Plate05",2,8,127,153,"T phase",1.60609802454516,1.91803698077897
253584436,"YGL212W","VAM7","","dma1732","Vph1_R1_Plate05",2,8,127,163,"S/G2 phase",0.472806003836383,0.546733182027547
253584447,"YGL212W","VAM7","","dma1732","Vph1_R1_Plate05",2,8,127,174,"S/G2 phase",3.17906186599714,2.48658496664743
253584482,"YGL212W","VAM7","","dma1732","Vph1_R1_Plate05",2,8,128,34,"G1 phase",-0.72113040594042,-0.785455161832566
253584495,"YGL212W","VAM7","","dma1732","Vph1_R1_Plate05",2,8,128,47,"T phase",4.92258805170294,3.27802639175189
253584501,"YGL212W","VAM7","","dma1732","Vph1_R1_Plate05",2,8,128,53,"MA-single",-0.668066565505895,-0.576462256152983
253584513,"YGL212W","VAM7","","dma1732","Vph1_R1_Plate05",2,8,128,65,"S/G2 phase",1.40900376007407,1.58781849175856
253584534,"YGL212W","VAM7","","dma1732","Vph1_R1_Plate05",2,8,128,87,"S/G2 phase",1.40900376007407,1.49439397553056
253584558,"YGL212W","VAM7","","dma1732","Vph1_R1_Plate05",2,8,128,115,"S/G2 phase",1.66674241361319,1.76052453949145
253584573,"YGL212W","VAM7","","dma1732","Vph1_R1_Plate05",2,8,128,131,"S/G2 phase",3.07672445944484,2.36948105314019
253584589,"YGL212W","VAM7","","dma1732","Vph1_R1_Plate05",2,8,128,149,"S/G2 phase",3.02366061901031,2.47397750597999
253584598,"YGL212W","VAM7","","dma1732","Vph1_R1_Plate05",2,8,128,158,"S/G2 phase",0.673690542624226,0.824178133766918
253584624,"YGL212W","VAM7","","dma1732","Vph1_R1_Plate05",2,8,128,185,"S/G2 phase",0.537240667221163,0.447893923076994
253588372,"YGL211W","NCS6","","dma1733","Vph1_R1_Plate05",2,10,134,40,"S/G2 phase",1.80319228901625,1.59889042837035
253588380,"YGL211W","NCS6","","dma1733","Vph1_R1_Plate05",2,10,134,48,"G1 phase",-0.152589258427657,-0.109582126179682
253588430,"YGL211W","NCS6","","dma1733","Vph1_R1_Plate05",2,10,135,5,"S/G2 phase",-0.319361328364734,-0.311624765081058
253588504,"YGL211W","NCS6","","dma1733","Vph1_R1_Plate05",2,10,135,81,"MA-single",-0.690808211406406,-0.671179845269947
253588549,"YGL211W","NCS6","","dma1733","Vph1_R1_Plate05",2,10,136,42,"S/G2 phase",0.275711739365292,0.592798903697061
253588560,"YGL211W","NCS6","","dma1733","Vph1_R1_Plate05",2,10,136,53,"S/G2 phase",0.12031049237847,0.125918773723762
253588574,"YGL211W","NCS6","","dma1733","Vph1_R1_Plate05",2,10,136,70,"S/G2 phase",1.12852346063444,1.02468524861264
253593977,"YGL209W","MIG2","","dma1735","Vph1_R1_Plate05",2,14,149,30,"S/G2 phase",1.18158730106896,1.10833090111781
253593988,"YGL209W","MIG2","","dma1735","Vph1_R1_Plate05",2,14,149,41,"S/G2 phase",4.24791922332113,3.78814364645009
253594062,"YGL209W","MIG2","","dma1735","Vph1_R1_Plate05",2,14,149,116,"MA phase",1.51892171525987,1.80093306727173
253594063,"YGL209W","MIG2","","dma1735","Vph1_R1_Plate05",2,14,149,117,"S/G2 phase",0.518289295637404,0.428336195631341
253594136,"YGL209W","MIG2","","dma1735","Vph1_R1_Plate05",2,14,149,193,"T phase",1.2649733360375,1.13483889534167
253594142,"YGL209W","MIG2","","dma1735","Vph1_R1_Plate05",2,14,149,199,"S/G2 phase",0.476596278153134,0.640157698255543
253594234,"YGL209W","MIG2","","dma1735","Vph1_R1_Plate05",2,14,149,297,"S/G2 phase",0.605465604922694,0.757261611762782
253594277,"YGL209W","MIG2","","dma1735","Vph1_R1_Plate05",2,14,149,341,"S/G2 phase",-0.28903913383072,-0.0496158709537536
253594280,"YGL209W","MIG2","","dma1735","Vph1_R1_Plate05",2,14,149,344,"S/G2 phase",2.09504341140613,1.90979364111179
253594285,"YGL209W","MIG2","","dma1735","Vph1_R1_Plate05",2,14,149,349,"S/G2 phase",1.55303418411063,1.74379540899042
253594302,"YGL209W","MIG2","","dma1735","Vph1_R1_Plate05",2,14,149,366,"S/G2 phase",0.0331341830931793,0.400535128518512
253594318,"YGL209W","MIG2","","dma1735","Vph1_R1_Plate05",2,14,150,1,"S/G2 phase",-0.0350907546083523,-0.00508567333989081
253594324,"YGL209W","MIG2","","dma1735","Vph1_R1_Plate05",2,14,150,7,"S/G2 phase",0.946590293430352,0.836543143267681
253594325,"YGL209W","MIG2","","dma1735","Vph1_R1_Plate05",2,14,150,8,"S/G2 phase",2.71664839935342,3.09966315012976
253594364,"YGL209W","MIG2","","dma1735","Vph1_R1_Plate05",2,14,150,47,"S/G2 phase",0.965541665014111,1.31473766101946
253594399,"YGL209W","MIG2","","dma1735","Vph1_R1_Plate05",2,14,150,83,"S/G2 phase",1.28771498193801,1.33558846135408
253594404,"YGL209W","MIG2","","dma1735","Vph1_R1_Plate05",2,14,150,89,"S/G2 phase",1.35973019395629,1.22414174173608
253594573,"YGL209W","MIG2","","dma1735","Vph1_R1_Plate05",2,14,150,265,"T phase",3.12978829987936,3.01755302168025
253594577,"YGL209W","MIG2","","dma1735","Vph1_R1_Plate05",2,14,150,269,"MA phase",3.02366061901031,3.0160174976246
253594598,"YGL209W","MIG2","","dma1735","Vph1_R1_Plate05",2,14,151,1,"T phase",0.20748680166376,0.535661245415752
253594609,"YGL209W","MIG2","","dma1735","Vph1_R1_Plate05",2,14,151,13,"S/G2 phase",2.03818929665486,1.33275986440946
253594631,"YGL209W","MIG2","","dma1735","Vph1_R1_Plate05",2,14,151,35,"T phase",-0.0350907546083523,0.471573320356236
253594653,"YGL209W","MIG2","","dma1735","Vph1_R1_Plate05",2,14,151,59,"T phase",2.5688277010001,2.72620753638446
253594676,"YGL209W","MIG2","","dma1735","Vph1_R1_Plate05",2,14,151,83,"S/G2 phase",1.18537757538571,1.32710267052022
253594704,"YGL209W","MIG2","","dma1735","Vph1_R1_Plate05",2,14,151,112,"T phase",3.61115313810683,2.76378746722012
253594745,"YGL209W","MIG2","","dma1735","Vph1_R1_Plate05",2,14,151,154,"T phase",1.806982563333,1.87479985605407
253594752,"YGL209W","MIG2","","dma1735","Vph1_R1_Plate05",2,14,151,161,"S/G2 phase",1.64779104202943,1.66710002326346
253594856,"YGL209W","MIG2","","dma1735","Vph1_R1_Plate05",2,14,151,270,"MA phase",2.75455114252094,2.52699349442771
253594877,"YGL209W","MIG2","","dma1735","Vph1_R1_Plate05",2,14,151,291,"S/G2 phase",3.40268805068549,3.46204682726327
253594906,"YGL209W","MIG2","","dma1735","Vph1_R1_Plate05",2,14,152,5,"S/G2 phase",3.33825338730071,4.0571028073556
253594909,"YGL209W","MIG2","","dma1735","Vph1_R1_Plate05",2,14,152,8,"S/G2 phase",0.821511240977544,0.946696789996711
253594910,"YGL209W","MIG2","","dma1735","Vph1_R1_Plate05",2,14,152,9,"S/G2 phase",0.586514233338935,0.767040475485609
253594944,"YGL209W","MIG2","","dma1735","Vph1_R1_Plate05",2,14,152,44,"S/G2 phase",1.21569976991973,1.33122434035381
253594949,"YGL209W","MIG2","","dma1735","Vph1_R1_Plate05",2,14,152,49,"S/G2 phase",1.09820126610042,1.47354317519594
253594971,"YGL209W","MIG2","","dma1735","Vph1_R1_Plate05",2,14,152,73,"T phase",1.03755687703239,1.18502628684477
253595103,"YGL209W","MIG2","","dma1735","Vph1_R1_Plate05",2,14,152,209,"S/G2 phase",0.840462612561303,1.00949164216726
253595116,"YGL209W","MIG2","","dma1735","Vph1_R1_Plate05",2,14,152,222,"S/G2 phase",1.21569976991973,1.91237978688973
253595154,"YGL209W","MIG2","","dma1735","Vph1_R1_Plate05",2,14,152,260,"S/G2 phase",0.776027949176523,1.05685043672574
253595156,"YGL209W","MIG2","","dma1735","Vph1_R1_Plate05",2,14,152,262,"S/G2 phase",1.3824718398568,1.22260621768043
253595177,"YGL209W","MIG2","","dma1735","Vph1_R1_Plate05",2,14,152,284,"S/G2 phase",0.180954881446498,0.461794456633409
253610714,"YGL202W","ARO8","","dma1739","Vph1_R1_Plate05",2,22,181,15,"MA-single",-0.171540630011415,-0.16801285734996
253610738,"YGL202W","ARO8","","dma1739","Vph1_R1_Plate05",2,22,181,39,"T phase",3.58841149220632,3.17070134196749
253610790,"YGL202W","ARO8","","dma1739","Vph1_R1_Plate05",2,22,181,92,"MA-single",-0.398957089016521,-0.363105229473129
253610827,"YGL202W","ARO8","","dma1739","Vph1_R1_Plate05",2,22,181,130,"T phase",3.27381872391593,2.70252813910522
253610845,"YGL202W","ARO8","","dma1739","Vph1_R1_Plate05",2,22,181,149,"S/G2 phase",2.20875164090869,2.51309296087129
253610892,"YGL202W","ARO8","","dma1739","Vph1_R1_Plate05",2,22,181,200,"S/G2 phase",3.92574590639723,3.00906723084639
253610910,"YGL202W","ARO8","","dma1739","Vph1_R1_Plate05",2,22,181,219,"T phase",3.37236585615147,2.7318647302737
253610929,"YGL202W","ARO8","","dma1739","Vph1_R1_Plate05",2,22,181,239,"S/G2 phase",2.84551772612298,2.05033450073158
253610974,"YGL202W","ARO8","","dma1739","Vph1_R1_Plate05",2,22,181,287,"MA-single",-1.18354387258413,-1.27447916502946
253610988,"YGL202W","ARO8","","dma1739","Vph1_R1_Plate05",2,22,182,7,"S/G2 phase",1.81077283764975,1.68536467782014
253611035,"YGL202W","ARO8","","dma1739","Vph1_R1_Plate05",2,22,182,55,"G1 phase",-0.345893248581996,-0.418949814865469
253611093,"YGL202W","ARO8","","dma1739","Vph1_R1_Plate05",2,22,182,113,"S/G2 phase",0.0861980235277039,0.301453418401277
253611105,"YGL202W","ARO8","","dma1739","Vph1_R1_Plate05",2,22,182,126,"T phase",2.47407084308131,2.61758941371108
253611123,"YGL202W","ARO8","","dma1739","Vph1_R1_Plate05",2,22,182,146,"S/G2 phase",0.0672466519439451,0.266702084510241
253611146,"YGL202W","ARO8","","dma1739","Vph1_R1_Plate05",2,22,182,170,"S/G2 phase",0.328775579799816,0.418557331908515
253611191,"YGL202W","ARO8","","dma1739","Vph1_R1_Plate05",2,22,182,215,"S/G2 phase",2.46270002013105,2.48375636970281
253611247,"YGL202W","ARO8","","dma1739","Vph1_R1_Plate05",2,22,183,12,"S/G2 phase",1.98133518190358,1.43725631724925
253611248,"YGL202W","ARO8","","dma1739","Vph1_R1_Plate05",2,22,183,13,"S/G2 phase",1.72359652836446,1.38989752269077
253611267,"YGL202W","ARO8","","dma1739","Vph1_R1_Plate05",2,22,183,32,"G1 phase",0.332565854116568,0.231950750619205
253611283,"YGL202W","ARO8","","dma1739","Vph1_R1_Plate05",2,22,183,48,"S/G2 phase",3.38373667910173,2.7931240583886
253611299,"YGL202W","ARO8","","dma1739","Vph1_R1_Plate05",2,22,183,65,"S/G2 phase",1.04134715134915,1.19197655362298
253611305,"YGL202W","ARO8","","dma1739","Vph1_R1_Plate05",2,22,183,71,"S/G2 phase",3.70590999602563,3.00906723084639
253611338,"YGL202W","ARO8","","dma1739","Vph1_R1_Plate05",2,22,183,110,"S/G2 phase",2.95543568130878,2.4587838995346
253611340,"YGL202W","ARO8","","dma1739","Vph1_R1_Plate05",2,22,183,112,"MA phase",3.3155117414002,2.12290821662496
253611344,"YGL202W","ARO8","","dma1739","Vph1_R1_Plate05",2,22,183,116,"S/G2 phase",3.68316835012512,2.5200432276495
253611379,"YGL202W","ARO8","","dma1739","Vph1_R1_Plate05",2,22,183,154,"S/G2 phase",4.8316214681009,4.51961881632862
253611425,"YGL202W","ARO8","","dma1739","Vph1_R1_Plate05",2,22,183,200,"MA-single",0.0558758289936898,0.0283725876621772
253611470,"YGL202W","ARO8","","dma1739","Vph1_R1_Plate05",2,22,184,31,"S/G2 phase",2.2314932868092,1.92215865061255
253611547,"YGL202W","ARO8","","dma1739","Vph1_R1_Plate05",2,22,184,109,"S/G2 phase",3.51260600587129,2.8724055898935
253611608,"YGL202W","ARO8","","dma1739","Vph1_R1_Plate05",2,22,184,176,"S/G2 phase",1.28013443330451,1.96822437228206
253611612,"YGL202W","ARO8","","dma1739","Vph1_R1_Plate05",2,22,184,181,"S/G2 phase",-0.793145617958703,-0.536053728372707
253611664,"YGL202W","ARO8","","dma1739","Vph1_R1_Plate05",2,22,184,234,"S/G2 phase",3.17148131736363,2.16048814746061
253664825,"YGL252C","RTG2","","dma1770","Vph1_R1_Plate05",8,12,717,32,"S/G2 phase",1.11336236336743,1.43030605047104
253664845,"YGL252C","RTG2","","dma1770","Vph1_R1_Plate05",8,12,717,52,"S/G2 phase",1.48101897209235,1.82049079471738
253664935,"YGL252C","RTG2","","dma1770","Vph1_R1_Plate05",8,12,717,144,"S/G2 phase",0.184745155763249,0.354469406848998
253664981,"YGL252C","RTG2","","dma1770","Vph1_R1_Plate05",8,12,717,191,"S/G2 phase",1.11336236336743,1.00666304522264
253665034,"YGL252C","RTG2","","dma1770","Vph1_R1_Plate05",8,12,717,245,"T phase",2.47407084308131,2.42661871142151
253665035,"YGL252C","RTG2","","dma1770","Vph1_R1_Plate05",8,12,717,246,"S/G2 phase",1.63642021907917,1.38989752269077
253665093,"YGL252C","RTG2","","dma1770","Vph1_R1_Plate05",8,12,717,304,"S/G2 phase",0.870784807095317,0.581726967085267
253665202,"YGL252C","RTG2","","dma1770","Vph1_R1_Plate05",8,12,718,87,"S/G2 phase",1.41279403439082,1.57803962803573
253665268,"YGL252C","RTG2","","dma1770","Vph1_R1_Plate05",8,12,718,160,"S/G2 phase",-0.163960081377912,-0.0900243987340288
253665283,"YGL252C","RTG2","","dma1770","Vph1_R1_Plate05",8,12,718,177,"S/G2 phase",2.08367258845588,1.54870303686725
253665299,"YGL252C","RTG2","","dma1770","Vph1_R1_Plate05",8,12,718,193,"S/G2 phase",2.44753892286405,2.72903613332908
253665331,"YGL252C","RTG2","","dma1770","Vph1_R1_Plate05",8,12,718,226,"T phase",2.83035662885597,2.49919242731488
253665347,"YGL252C","RTG2","","dma1770","Vph1_R1_Plate05",8,12,718,243,"G1 phase",-0.823467812492717,-0.827156762501808
253665357,"YGL252C","RTG2","","dma1770","Vph1_R1_Plate05",8,12,719,9,"S/G2 phase",0.92005837321309,1.01361331200085
253665380,"YGL252C","RTG2","","dma1770","Vph1_R1_Plate05",8,12,719,32,"S/G2 phase",5.13863368775779,4.14899179952795
253665389,"YGL252C","RTG2","","dma1770","Vph1_R1_Plate05",8,12,719,42,"S/G2 phase",0.321195031166313,0.382270473961828
253665434,"YGL252C","RTG2","","dma1770","Vph1_R1_Plate05",8,12,719,91,"S/G2 phase",1.3824718398568,1.24216394512608
253665501,"YGL252C","RTG2","","dma1770","Vph1_R1_Plate05",8,12,719,159,"MA phase",1.64021049339592,1.53480250331084
253665600,"YGL252C","RTG2","","dma1770","Vph1_R1_Plate05",8,12,720,1,"S/G2 phase",3.61115313810683,3.31560632258755
253665637,"YGL252C","RTG2","","dma1770","Vph1_R1_Plate05",8,12,720,39,"T phase",4.22896785173737,3.13724308096542
253665656,"YGL252C","RTG2","","dma1770","Vph1_R1_Plate05",8,12,720,58,"S/G2 phase",3.27760899823268,3.13595000807645
253665690,"YGL252C","RTG2","","dma1770","Vph1_R1_Plate05",8,12,720,93,"T phase",2.06093094255537,1.81766219777276
253665707,"YGL252C","RTG2","","dma1770","Vph1_R1_Plate05",8,12,720,110,"S/G2 phase",2.28834740156047,2.00863290006234
253665780,"YGL252C","RTG2","","dma1770","Vph1_R1_Plate05",8,12,720,188,"S/G2 phase",2.23528356112595,2.43639757514433
253665812,"YGL252C","RTG2","","dma1770","Vph1_R1_Plate05",8,12,720,221,"S/G2 phase",1.04134715134915,1.0331710394465
253730853,"YGL263W","COS12","","dma1782","Vph1_R1_Plate05",10,12,909,14,"S/G2 phase",2.90995238950776,2.13680875018137
253730855,"YGL263W","COS12","","dma1782","Vph1_R1_Plate05",10,12,909,16,"S/G2 phase",1.28013443330451,0.991226987610574
253730856,"YGL263W","COS12","","dma1782","Vph1_R1_Plate05",10,12,909,17,"S/G2 phase",0.514499021320652,0.751604417873543
253730863,"YGL263W","COS12","","dma1782","Vph1_R1_Plate05",10,12,909,24,"S/G2 phase",0.328775579799816,0.35034773701541
253730870,"YGL263W","COS12","","dma1782","Vph1_R1_Plate05",10,12,909,31,"S/G2 phase",2.21633218954219,1.79398280049352
253730874,"YGL263W","COS12","","dma1782","Vph1_R1_Plate05",10,12,909,35,"S/G2 phase",3.34962421025096,2.92412850545225
253730877,"YGL263W","COS12","","dma1782","Vph1_R1_Plate05",10,12,909,38,"S/G2 phase",2.07609203982237,1.729894875434
253730879,"YGL263W","COS12","","dma1782","Vph1_R1_Plate05",10,12,909,40,"S/G2 phase",0.923848647529841,1.19892682040119
253730883,"YGL263W","COS12","","dma1782","Vph1_R1_Plate05",10,12,909,44,"S/G2 phase",1.85625612945077,1.56955383720187
253730893,"YGL263W","COS12","","dma1782","Vph1_R1_Plate05",10,12,909,55,"S/G2 phase",2.43237782559704,2.74576526383011
253730919,"YGL263W","COS12","","dma1782","Vph1_R1_Plate05",10,12,909,82,"T phase",2.81140525727221,2.6314899472675
253730935,"YGL263W","COS12","","dma1782","Vph1_R1_Plate05",10,12,909,98,"T phase",2.87583992065699,2.49353523342564
253730936,"YGL263W","COS12","","dma1782","Vph1_R1_Plate05",10,12,909,99,"T phase",4.22517757742062,3.03145355523666
253730973,"YGL263W","COS12","","dma1782","Vph1_R1_Plate05",10,12,909,137,"S/G2 phase",1.24602196445374,0.92301739271747
253730985,"YGL263W","COS12","","dma1782","Vph1_R1_Plate05",10,12,909,149,"S/G2 phase",1.67811323656344,1.88457871977689
253731011,"YGL263W","COS12","","dma1782","Vph1_R1_Plate05",10,12,909,175,"S/G2 phase",3.54671847472206,2.8934988413948
253731060,"YGL263W","COS12","","dma1782","Vph1_R1_Plate05",10,12,909,226,"S/G2 phase",0.541030941537914,0.904995189327469
253731074,"YGL263W","COS12","","dma1782","Vph1_R1_Plate05",10,12,909,240,"S/G2 phase",2.69011647913616,2.62995442321185
253731079,"YGL263W","COS12","","dma1782","Vph1_R1_Plate05",10,12,909,245,"MA phase",2.1291558802569,2.4266187114215
253731081,"YGL263W","COS12","","dma1782","Vph1_R1_Plate05",10,12,909,248,"S/G2 phase",2.46270002013105,1.85112045877483
253731130,"YGL263W","COS12","","dma1782","Vph1_R1_Plate05",10,12,909,299,"S/G2 phase",0.275711739365292,0.276480948233067
253731194,"YGL263W","COS12","","dma1782","Vph1_R1_Plate05",10,12,909,364,"T phase",2.70148730208641,2.53677235815053
253731204,"YGL263W","COS12","","dma1782","Vph1_R1_Plate05",10,12,909,374,"S/G2 phase",2.11778505730664,2.175681753906
253731256,"YGL263W","COS12","","dma1782","Vph1_R1_Plate05",10,12,910,29,"S/G2 phase",1.98512545622033,1.52785223653263
253731274,"YGL263W","COS12","","dma1782","Vph1_R1_Plate05",10,12,910,47,"S/G2 phase",1.55682445842738,2.05882029156544
253731284,"YGL263W","COS12","","dma1782","Vph1_R1_Plate05",10,12,910,57,"MA phase",2.48923194034832,2.83636118311349
253731292,"YGL263W","COS12","","dma1782","Vph1_R1_Plate05",10,12,910,65,"S/G2 phase",1.29529553057151,1.24628561495967
253731339,"YGL263W","COS12","","dma1782","Vph1_R1_Plate05",10,12,910,112,"T phase",2.37552371084576,2.24130520302116
253731388,"YGL263W","COS12","","dma1782","Vph1_R1_Plate05",10,12,910,161,"S/G2 phase",-0.148798984110905,-0.218200248853061
253731490,"YGL263W","COS12","","dma1782","Vph1_R1_Plate05",10,12,910,266,"T phase",2.7810830627382,2.30951479791427
253731563,"YGL263W","COS12","","dma1782","Vph1_R1_Plate05",10,12,910,340,"S/G2 phase",-0.0426713032418558,0.0981177066109321
253731610,"YGL263W","COS12","","dma1782","Vph1_R1_Plate05",10,12,910,387,"G1 phase",0.268131190731788,0.0618308486642451
253731686,"YGL263W","COS12","","dma1782","Vph1_R1_Plate05",10,12,911,20,"S/G2 phase",1.38626211417356,1.39814086235794
253731712,"YGL263W","COS12","","dma1782","Vph1_R1_Plate05",10,12,911,47,"S/G2 phase",0.753286303276013,0.737703884317128
253731726,"YGL263W","COS12","","dma1782","Vph1_R1_Plate05",10,12,911,61,"S/G2 phase",-0.3534737972155,-0.241879646132302
253731730,"YGL263W","COS12","","dma1782","Vph1_R1_Plate05",10,12,911,65,"S/G2 phase",4.89605613148568,4.35669163231855
253731740,"YGL263W","COS12","","dma1782","Vph1_R1_Plate05",10,12,911,75,"S/G2 phase",0.438693534985617,0.747482748039955
253731844,"YGL263W","COS12","","dma1782","Vph1_R1_Plate05",10,12,911,179,"S/G2 phase",3.01608007037681,2.7318647302737
253731863,"YGL263W","COS12","","dma1782","Vph1_R1_Plate05",10,12,911,198,"S/G2 phase",0.158213235545987,0.109189643222728
253731904,"YGL263W","COS12","","dma1782","Vph1_R1_Plate05",10,12,911,241,"G1 phase",-0.65669574255564,-0.556904528707328
253732020,"YGL263W","COS12","","dma1782","Vph1_R1_Plate05",10,12,911,359,"S/G2 phase",-0.198072550228678,0.0813885761098981
253732029,"YGL263W","COS12","","dma1782","Vph1_R1_Plate05",10,12,911,369,"S/G2 phase",-0.326941876998237,-0.0650519285658195
253732099,"YGL263W","COS12","","dma1782","Vph1_R1_Plate05",10,12,911,441,"S/G2 phase",-0.038881028925104,-0.11370379601327
253732127,"YGL263W","COS12","","dma1782","Vph1_R1_Plate05",10,12,911,469,"S/G2 phase",0.912477824579586,0.889559131715403
253732165,"YGL263W","COS12","","dma1782","Vph1_R1_Plate05",10,12,912,12,"S/G2 phase",2.73559977093718,2.27476346402323
253732166,"YGL263W","COS12","","dma1782","Vph1_R1_Plate05",10,12,912,13,"S/G2 phase",2.341411241995,2.42096151753226
253732172,"YGL263W","COS12","","dma1782","Vph1_R1_Plate05",10,12,912,19,"G1 phase",0.57514341038868,0.327961412625137
253732176,"YGL263W","COS12","","dma1782","Vph1_R1_Plate05",10,12,912,23,"S/G2 phase",1.95859353600307,1.9960254393949
253732225,"YGL263W","COS12","","dma1782","Vph1_R1_Plate05",10,12,912,74,"S/G2 phase",0.76844740054302,1.22543481462505
253732255,"YGL263W","COS12","","dma1782","Vph1_R1_Plate05",10,12,912,106,"S/G2 phase",1.81077283764975,1.66580695037449
253732268,"YGL263W","COS12","","dma1782","Vph1_R1_Plate05",10,12,912,119,"S/G2 phase",2.33004041904474,2.43639757514433
253732275,"YGL263W","COS12","","dma1782","Vph1_R1_Plate05",10,12,912,126,"T phase",2.74318031957068,2.29149259452427
253732283,"YGL263W","COS12","","dma1782","Vph1_R1_Plate05",10,12,912,134,"S/G2 phase",5.65411099483603,4.15311346936153
253732288,"YGL263W","COS12","","dma1782","Vph1_R1_Plate05",10,12,912,139,"S/G2 phase",2.356572339262,1.77725366999248
253732360,"YGL263W","COS12","","dma1782","Vph1_R1_Plate05",10,12,912,214,"S/G2 phase",1.53029253821012,2.25391266368861
253732362,"YGL263W","COS12","","dma1782","Vph1_R1_Plate05",10,12,912,216,"S/G2 phase",1.01860550544864,1.15722521973195
253732384,"YGL263W","COS12","","dma1782","Vph1_R1_Plate05",10,12,912,240,"S/G2 phase",2.57261797531685,2.24542687285475
253732424,"YGL263W","COS12","","dma1782","Vph1_R1_Plate05",10,12,912,281,"S/G2 phase",2.00786710212084,1.52373056669904
253732463,"YGL263W","COS12","","dma1782","Vph1_R1_Plate05",10,12,912,322,"S/G2 phase",1.87899777535128,1.87067818622048
253732472,"YGL263W","COS12","","dma1782","Vph1_R1_Plate05",10,12,912,332,"T phase",2.47407084308131,1.95973858144821
253732478,"YGL263W","COS12","","dma1782","Vph1_R1_Plate05",10,12,912,338,"T phase",5.22580999704308,3.62214541432872
253732512,"YGL263W","COS12","","dma1782","Vph1_R1_Plate05",10,12,912,373,"S/G2 phase",0.427322712035362,0.380977401072858
253732542,"YGL263W","COS12","","dma1782","Vph1_R1_Plate05",10,12,912,403,"S/G2 phase",3.17527159168038,2.33319419519351
253732556,"YGL263W","COS12","","dma1782","Vph1_R1_Plate05",10,12,912,417,"S/G2 phase",3.61873368674034,2.80290292211142
253732566,"YGL263W","COS12","","dma1782","Vph1_R1_Plate05",10,12,912,427,"S/G2 phase",0.351517225700327,0.396171007518242
253732588,"YGL263W","COS12","","dma1782","Vph1_R1_Plate05",10,12,912,449,"S/G2 phase",0.184745155763249,0.138526234391208
253740432,"YGL261C","PAU11","","dma1784","Vph1_R1_Plate05",10,16,925,7,"S/G2 phase",3.41026859931899,3.10944201385259
253740434,"YGL261C","PAU11","","dma1784","Vph1_R1_Plate05",10,16,925,9,"S/G2 phase",1.21190949560297,0.8715369283254
253740437,"YGL261C","PAU11","","dma1784","Vph1_R1_Plate05",10,16,925,12,"S/G2 phase",2.72043867367017,2.88371997767197
253740455,"YGL261C","PAU11","","dma1784","Vph1_R1_Plate05",10,16,925,30,"S/G2 phase",1.4848092464091,1.47354317519594
253740481,"YGL261C","PAU11","","dma1784","Vph1_R1_Plate05",10,16,925,57,"MA phase",2.08367258845588,1.58911156464752
253740511,"YGL261C","PAU11","","dma1784","Vph1_R1_Plate05",10,16,925,90,"T phase",3.01608007037681,2.20372527218551
253740520,"YGL261C","PAU11","","dma1784","Vph1_R1_Plate05",10,16,925,100,"S/G2 phase",2.50439303761532,2.52699349442771
253740544,"YGL261C","PAU11","","dma1784","Vph1_R1_Plate05",10,16,925,126,"S/G2 phase",1.53029253821012,1.26584334240532
253740554,"YGL261C","PAU11","","dma1784","Vph1_R1_Plate05",10,16,925,136,"S/G2 phase",3.73244191624289,2.82787539227963
253740593,"YGL261C","PAU11","","dma1784","Vph1_R1_Plate05",10,16,926,41,"S/G2 phase",0.150632686912484,0.633207431477338
253740605,"YGL261C","PAU11","","dma1784","Vph1_R1_Plate05",10,16,926,55,"S/G2 phase",3.05398281354433,2.57718088593081
253740638,"YGL261C","PAU11","","dma1784","Vph1_R1_Plate05",10,16,926,90,"S/G2 phase",0.215067350297263,0.24019409028638
253740722,"YGL261C","PAU11","","dma1784","Vph1_R1_Plate05",10,16,926,175,"T phase",3.33446311298396,2.82658231939067
253740748,"YGL261C","PAU11","","dma1784","Vph1_R1_Plate05",10,16,926,202,"S/G2 phase",0.0520855546769381,0.596920573530649
253740792,"YGL261C","PAU11","","dma1784","Vph1_R1_Plate05",10,16,927,10,"T phase",5.32814740359538,3.80616584984009
253740803,"YGL261C","PAU11","","dma1784","Vph1_R1_Plate05",10,16,927,21,"S/G2 phase",0.923848647529841,1.50546591214235
253740809,"YGL261C","PAU11","","dma1784","Vph1_R1_Plate05",10,16,927,28,"S/G2 phase",1.77666036879899,2.25391266368861
253740820,"YGL261C","PAU11","","dma1784","Vph1_R1_Plate05",10,16,927,40,"MA phase",2.95164540699203,3.63063120516258
253740823,"YGL261C","PAU11","","dma1784","Vph1_R1_Plate05",10,16,927,43,"S/G2 phase",3.07672445944484,2.70252813910522
253740830,"YGL261C","PAU11","","dma1784","Vph1_R1_Plate05",10,16,927,50,"S/G2 phase",3.50123518292103,3.23632479108265
253740832,"YGL261C","PAU11","","dma1784","Vph1_R1_Plate05",10,16,927,52,"S/G2 phase",2.91753293814126,2.17026701118344
253740836,"YGL261C","PAU11","","dma1784","Vph1_R1_Plate05",10,16,927,56,"S/G2 phase",1.54545363547713,1.27562220612815
253740894,"YGL261C","PAU11","","dma1784","Vph1_R1_Plate05",10,16,927,115,"S/G2 phase",-0.596051353487612,-0.614042186988638
253740904,"YGL261C","PAU11","","dma1784","Vph1_R1_Plate05",10,16,927,125,"S/G2 phase",1.46206760050859,1.49439397553056
253740929,"YGL261C","PAU11","","dma1784","Vph1_R1_Plate05",10,16,927,152,"S/G2 phase",3.33825338730071,2.38903878058585
253740931,"YGL261C","PAU11","","dma1784","Vph1_R1_Plate05",10,16,927,154,"T phase",3.87268206596271,3.52047755843355
253740936,"YGL261C","PAU11","","dma1784","Vph1_R1_Plate05",10,16,927,159,"MA phase",2.95922595562553,2.58000948287543
253740983,"YGL261C","PAU11","","dma1784","Vph1_R1_Plate05",10,16,927,207,"MA-single",0.0824077492109521,-0.0593947346765804
253741048,"YGL261C","PAU11","","dma1784","Vph1_R1_Plate05",10,16,928,44,"S/G2 phase",2.29213767587722,2.84743311972529
253741084,"YGL261C","PAU11","","dma1784","Vph1_R1_Plate05",10,16,928,81,"S/G2 phase",2.13294615457365,2.30692865213633
253780245,"YGR022C","","","dma1789","Vph1_R1_Plate05",12,2,1061,14,"MA-single",-1.07741619171508,-1.19366210946891
253780295,"YGR022C","","","dma1789","Vph1_R1_Plate05",12,2,1061,65,"S/G2 phase",2.25044465839296,2.33319419519351
253780300,"YGR022C","","","dma1789","Vph1_R1_Plate05",12,2,1061,70,"S/G2 phase",0.63957807377346,1.0511932428365
253780333,"YGR022C","","","dma1789","Vph1_R1_Plate05",12,2,1061,105,"S/G2 phase",4.61557583204605,4.21307972458746
253780349,"YGR022C","","","dma1789","Vph1_R1_Plate05",12,2,1061,122,"S/G2 phase",1.17779702675221,1.73684514221221
253780380,"YGR022C","","","dma1789","Vph1_R1_Plate05",12,2,1061,156,"T phase",1.46585787482534,1.50829450908697
253780451,"YGR022C","","","dma1789","Vph1_R1_Plate05",12,2,1061,228,"S/G2 phase",4.33509553260642,3.53720668893458
253780483,"YGR022C","","","dma1789","Vph1_R1_Plate05",12,2,1061,262,"S/G2 phase",0.465225455202879,0.449186995965963
253780623,"YGR022C","","","dma1789","Vph1_R1_Plate05",12,2,1062,16,"S/G2 phase",4.6269466549963,3.32255658936576
253780643,"YGR022C","","","dma1789","Vph1_R1_Plate05",12,2,1062,39,"MA-single",-0.345893248581996,-0.208421385130235
253780694,"YGR022C","","","dma1789","Vph1_R1_Plate05",12,2,1062,92,"T phase",2.97817732720929,2.4266187114215
253780770,"YGR022C","","","dma1789","Vph1_R1_Plate05",12,2,1062,170,"MA phase",2.40584590537978,2.93107877223046
253780875,"YGR022C","","","dma1789","Vph1_R1_Plate05",12,2,1062,285,"S/G2 phase",1.32940799942228,1.41640551691463
253780899,"YGR022C","","","dma1789","Vph1_R1_Plate05",12,2,1062,310,"T phase",5.98386486039343,4.46401668210297
253780974,"YGR022C","","","dma1789","Vph1_R1_Plate05",12,2,1062,388,"S/G2 phase",0.745705754642509,1.32015240374201
253781027,"YGR022C","","","dma1789","Vph1_R1_Plate05",12,2,1063,7,"S/G2 phase",1.20811922128622,1.37033979524512
253781036,"YGR022C","","","dma1789","Vph1_R1_Plate05",12,2,1063,16,"T phase",3.6376850583241,2.71230700282805
253781047,"YGR022C","","","dma1789","Vph1_R1_Plate05",12,2,1063,27,"T phase",2.24286410975945,3.05230435557128
253781050,"YGR022C","","","dma1789","Vph1_R1_Plate05",12,2,1063,30,"S/G2 phase",2.356572339262,2.75966579738653
253781106,"YGR022C","","","dma1789","Vph1_R1_Plate05",12,2,1063,89,"S/G2 phase",0.169584058496242,0.000571520549347742
253781111,"YGR022C","","","dma1789","Vph1_R1_Plate05",12,2,1063,94,"S/G2 phase",0.279502013682043,0.166327301504037
253781141,"YGR022C","","","dma1789","Vph1_R1_Plate05",12,2,1063,125,"S/G2 phase",0.514499021320652,0.70707422025968
253781170,"YGR022C","","","dma1789","Vph1_R1_Plate05",12,2,1063,154,"T phase",1.61746884749541,1.50829450908697
253781201,"YGR022C","","","dma1789","Vph1_R1_Plate05",12,2,1063,187,"T phase",3.2207548834814,2.5059002429264
253781208,"YGR022C","","","dma1789","Vph1_R1_Plate05",12,2,1063,195,"S/G2 phase",1.21949004423648,0.989933914721606
253781232,"YGR022C","","","dma1789","Vph1_R1_Plate05",12,2,1063,223,"S/G2 phase",1.87899777535128,2.26910627013399
253781247,"YGR022C","","","dma1789","Vph1_R1_Plate05",12,2,1063,239,"S/G2 phase",1.73117707699797,1.53197390636622
253781248,"YGR022C","","","dma1789","Vph1_R1_Plate05",12,2,1063,240,"S/G2 phase",2.01544765075435,2.35404499552813
253781273,"YGR022C","","","dma1789","Vph1_R1_Plate05",12,2,1063,266,"S/G2 phase",1.01860550544864,1.23933534818146
253781293,"YGR022C","","","dma1789","Vph1_R1_Plate05",12,2,1063,287,"S/G2 phase",0.249179819148029,0.4046567983521
253781298,"YGR022C","","","dma1789","Vph1_R1_Plate05",12,2,1063,292,"S/G2 phase",2.00786710212084,1.98907517261669
253781319,"YGR022C","","","dma1789","Vph1_R1_Plate05",12,2,1063,313,"S/G2 phase",-0.110896240943387,0.259751817732033
253781330,"YGR022C","","","dma1789","Vph1_R1_Plate05",12,2,1063,325,"S/G2 phase",2.1215753316234,1.87067818622048
253781338,"YGR022C","","","dma1789","Vph1_R1_Plate05",12,2,1063,334,"T phase",3.24349652938191,3.4967981611543
253781496,"YGR022C","","","dma1789","Vph1_R1_Plate05",12,2,1064,151,"T phase",1.77666036879899,1.45115685080567
253781614,"YGR022C","","","dma1789","Vph1_R1_Plate05",12,2,1064,273,"MA-single",-0.054042126192111,-0.00637874622885947
253781615,"YGR022C","","","dma1789","Vph1_R1_Plate05",12,2,1064,274,"MA phase",0.582723959022184,0.780941009042023
253781636,"YGR022C","","","dma1789","Vph1_R1_Plate05",12,2,1064,296,"S/G2 phase",1.00723468249838,1.88457871977689
253781659,"YGR022C","","","dma1789","Vph1_R1_Plate05",12,2,1064,319,"MA phase",-0.59226107917086,-0.365933826417748
253824781,"YGL256W","ADH4","","dma1766","Vph1_R1_Plate05",8,4,685,51,"S/G2 phase",2.61810126711787,1.70904407509938
253824782,"YGL256W","ADH4","","dma1766","Vph1_R1_Plate05",8,4,685,52,"S/G2 phase",2.70148730208641,2.06989222817723
253824788,"YGL256W","ADH4","","dma1766","Vph1_R1_Plate05",8,4,685,59,"S/G2 phase",3.76655438509366,3.26412585819548
253824789,"YGL256W","ADH4","","dma1766","Vph1_R1_Plate05",8,4,685,60,"S/G2 phase",0.813930692344041,0.584313112863204
253824835,"YGL256W","ADH4","","dma1766","Vph1_R1_Plate05",8,4,685,108,"S/G2 phase",1.16642620380195,0.921724319828503
253824854,"YGL256W","ADH4","","dma1766","Vph1_R1_Plate05",8,4,685,129,"S/G2 phase",1.69327433383045,1.80376166421634
253824871,"YGL256W","ADH4","","dma1766","Vph1_R1_Plate05",8,4,685,146,"G1 phase",-0.887902475877497,-0.9316532153416
253824889,"YGL256W","ADH4","","dma1766","Vph1_R1_Plate05",8,4,685,168,"S/G2 phase",-0.190492001595174,-0.227979112575888
253824891,"YGL256W","ADH4","","dma1766","Vph1_R1_Plate05",8,4,685,170,"S/G2 phase",1.79182146606599,1.28669414273995
253824919,"YGL256W","ADH4","","dma1766","Vph1_R1_Plate05",8,4,685,198,"S/G2 phase",1.34835937100604,1.84546326488559
253824967,"YGL256W","ADH4","","dma1766","Vph1_R1_Plate05",8,4,685,249,"S/G2 phase",2.90616211519101,2.53523683409488
253824976,"YGL256W","ADH4","","dma1766","Vph1_R1_Plate05",8,4,685,258,"S/G2 phase",2.68253593050266,2.26627767318937
253825036,"YGL256W","ADH4","","dma1766","Vph1_R1_Plate05",8,4,685,321,"MA phase",3.60736286379008,3.01189582779101
253825045,"YGL256W","ADH4","","dma1766","Vph1_R1_Plate05",8,4,685,330,"T phase",3.37615613046823,2.8433114498917
253825059,"YGL256W","ADH4","","dma1766","Vph1_R1_Plate05",8,4,686,8,"S/G2 phase",0.832882063927799,0.932796256440296
253825098,"YGL256W","ADH4","","dma1766","Vph1_R1_Plate05",8,4,686,49,"S/G2 phase",3.36857558183472,3.3894731113699
253825170,"YGL256W","ADH4","","dma1766","Vph1_R1_Plate05",8,4,686,126,"S/G2 phase",2.63705263870163,1.94583804789179
253825321,"YGL256W","ADH4","","dma1766","Vph1_R1_Plate05",8,4,686,288,"T phase",3.54671847472206,3.29346244936396
253825336,"YGL256W","ADH4","","dma1766","Vph1_R1_Plate05",8,4,686,304,"T phase",2.65221373596864,2.59108141948722
253825445,"YGL256W","ADH4","","dma1766","Vph1_R1_Plate05",8,4,687,46,"MA phase",0.484176826786638,0.524589308803958
253825476,"YGL256W","ADH4","","dma1766","Vph1_R1_Plate05",8,4,687,78,"S/G2 phase",2.43237782559704,1.92215865061255
253825499,"YGL256W","ADH4","","dma1766","Vph1_R1_Plate05",8,4,687,101,"S/G2 phase",0.578933684705432,0.889559131715403
253825538,"YGL256W","ADH4","","dma1766","Vph1_R1_Plate05",8,4,687,142,"S/G2 phase",0.362888048650582,1.07357956722678
253825601,"YGL256W","ADH4","","dma1766","Vph1_R1_Plate05",8,4,687,205,"S/G2 phase",3.88026261459621,3.88286123556705
253825630,"YGL256W","ADH4","","dma1766","Vph1_R1_Plate05",8,4,687,236,"S/G2 phase",3.09188555671184,3.04381856473743
253825673,"YGL256W","ADH4","","dma1766","Vph1_R1_Plate05",8,4,687,280,"T phase",3.39510750205198,2.81268178583425
253825704,"YGL256W","ADH4","","dma1766","Vph1_R1_Plate05",8,4,687,311,"S/G2 phase",1.93964216441931,2.60498195304364
253825791,"YGL256W","ADH4","","dma1766","Vph1_R1_Plate05",8,4,688,49,"S/G2 phase",3.17148131736363,2.41271817786509
253825797,"YGL256W","ADH4","","dma1766","Vph1_R1_Plate05",8,4,688,55,"S/G2 phase",2.43995837423054,2.94627237867584
253825846,"YGL256W","ADH4","","dma1766","Vph1_R1_Plate05",8,4,688,105,"S/G2 phase",1.7994020146995,1.49027230569697
253825872,"YGL256W","ADH4","","dma1766","Vph1_R1_Plate05",8,4,688,131,"S/G2 phase",1.10578181473393,0.960597323553126
253825902,"YGL256W","ADH4","","dma1766","Vph1_R1_Plate05",8,4,688,161,"T phase",3.07672445944484,2.6996995421606
253825992,"YGL256W","ADH4","","dma1766","Vph1_R1_Plate05",8,4,688,259,"S/G2 phase",-0.0919448693596286,0.408778468185688
253826022,"YGL256W","ADH4","","dma1766","Vph1_R1_Plate05",8,4,688,289,"G1 phase",0.101359120794711,-0.0202792797852733
253826086,"YGL256W","ADH4","","dma1766","Vph1_R1_Plate05",8,4,688,355,"S/G2 phase",2.30350849882748,2.63561161710109
253826147,"YGL256W","ADH4","","dma1766","Vph1_R1_Plate05",8,4,688,416,"S/G2 phase",0.450064357935872,0.48547385391265
253892680,"YGL024W","","","dma1619","Vph1_R1_Plate05",13,22,1237,146,"S/G2 phase",1.272553884671,1.16959022923271
253892712,"YGL024W","","","dma1619","Vph1_R1_Plate05",13,22,1237,184,"S/G2 phase",-0.038881028925104,-0.0761238651776144
253892729,"YGL024W","","","dma1619","Vph1_R1_Plate05",13,22,1237,204,"S/G2 phase",-0.622583273704874,-0.106753529235063
253892770,"YGL024W","","","dma1619","Vph1_R1_Plate05",13,22,1238,8,"S/G2 phase",1.02997632839889,1.39684778946898
253893013,"YGL024W","","","dma1619","Vph1_R1_Plate05",13,22,1239,135,"S/G2 phase",0.309824208216057,1.10008756145064
253905355,"YGR034W","RPL26B","","dma1803","Vph1_R1_Plate05",14,6,1269,36,"S/G2 phase",0.980702762281118,1.04294990316933
253905451,"YGR034W","RPL26B","","dma1803","Vph1_R1_Plate05",14,6,1269,138,"S/G2 phase",3.73244191624289,3.08988428640694
253905512,"YGR034W","RPL26B","","dma1803","Vph1_R1_Plate05",14,6,1269,200,"S/G2 phase",2.37931398516251,2.26910627013399
253905562,"YGR034W","RPL26B","","dma1803","Vph1_R1_Plate05",14,6,1269,252,"S/G2 phase",0.370468597284085,0.780941009042023
253905704,"YGR034W","RPL26B","","dma1803","Vph1_R1_Plate05",14,6,1269,401,"S/G2 phase",3.16011049441338,2.51309296087129
253905722,"YGR034W","RPL26B","","dma1803","Vph1_R1_Plate05",14,6,1269,419,"S/G2 phase",0.249179819148029,0.315353951957691
253905755,"YGR034W","RPL26B","","dma1803","Vph1_R1_Plate05",14,6,1270,10,"T phase",3.02745089332706,2.5813025557644
253905783,"YGR034W","RPL26B","","dma1803","Vph1_R1_Plate05",14,6,1270,40,"T phase",2.92132321245802,2.46856276325743
253905799,"YGR034W","RPL26B","","dma1803","Vph1_R1_Plate05",14,6,1270,58,"T phase",1.60988829886191,2.6816773387706
253905811,"YGR034W","RPL26B","","dma1803","Vph1_R1_Plate05",14,6,1270,71,"S/G2 phase",-0.372425168799258,-0.265559043411545
253905851,"YGR034W","RPL26B","","dma1803","Vph1_R1_Plate05",14,6,1270,114,"MA-single",-0.736291503207427,-0.813256228945394
253905889,"YGR034W","RPL26B","","dma1803","Vph1_R1_Plate05",14,6,1270,154,"T phase",4.31993443533941,3.43836742998403
253905963,"YGR034W","RPL26B","","dma1803","Vph1_R1_Plate05",14,6,1270,233,"S/G2 phase",2.4589097458143,3.19155214230211
253906153,"YGR034W","RPL26B","","dma1803","Vph1_R1_Plate05",14,6,1270,436,"G1 phase",0.0937785721612074,0.173277568282244
253906200,"YGR034W","RPL26B","","dma1803","Vph1_R1_Plate05",14,6,1271,3,"S/G2 phase",-0.277668310880465,0.02142232088397
253906287,"YGR034W","RPL26B","","dma1803","Vph1_R1_Plate05",14,6,1271,90,"S/G2 phase",3.04640226491082,3.32126351647679
253906354,"YGR034W","RPL26B","","dma1803","Vph1_R1_Plate05",14,6,1271,162,"S/G2 phase",2.04197957097161,1.9417163780582
253906439,"YGR034W","RPL26B","","dma1803","Vph1_R1_Plate05",14,6,1271,248,"S/G2 phase",0.491757375420141,0.407485395296719
253906538,"YGR034W","RPL26B","","dma1803","Vph1_R1_Plate05",14,6,1271,355,"S/G2 phase",0.412161614768355,0.694466759592234
253906548,"YGR034W","RPL26B","","dma1803","Vph1_R1_Plate05",14,6,1271,365,"T phase",0.556192038804921,1.39401919252436
253906753,"YGR034W","RPL26B","","dma1803","Vph1_R1_Plate05",14,6,1272,149,"S/G2 phase",0.12031049237847,0.714024487037887
253906821,"YGR034W","RPL26B","","dma1803","Vph1_R1_Plate05",14,6,1272,220,"S/G2 phase",1.22707059286998,1.71033714798835
253906956,"YGR034W","RPL26B","","dma1803","Vph1_R1_Plate05",14,6,1272,363,"MA phase",2.82656635453922,2.4878780395364
253907045,"YGR034W","RPL26B","","dma1803","Vph1_R1_Plate05",14,6,1272,453,"S/G2 phase",1.01481523113188,1.44703518097208
253907059,"YGR034W","RPL26B","","dma1803","Vph1_R1_Plate05",14,6,1272,467,"S/G2 phase",0.685061365574481,0.810277600210503
253935874,"YGL243W","TAD1","","dma1753","Vph1_R1_Plate05",6,2,485,2,"MA-single",-1.23281743870191,-1.34139568703359
253935925,"YGL243W","TAD1","","dma1753","Vph1_R1_Plate05",6,2,485,54,"S/G2 phase",2.59156934690061,2.44051924497792
253935980,"YGL243W","TAD1","","dma1753","Vph1_R1_Plate05",6,2,485,110,"S/G2 phase",0.734334931692254,1.69643661443193
253936037,"YGL243W","TAD1","","dma1753","Vph1_R1_Plate05",6,2,485,167,"S/G2 phase",0.848043161194806,0.800256285320993
253936043,"YGL243W","TAD1","","dma1753","Vph1_R1_Plate05",6,2,485,173,"S/G2 phase",3.16011049441338,2.64256188387929
253936104,"YGL243W","TAD1","","dma1753","Vph1_R1_Plate05",6,2,485,238,"S/G2 phase",0.0899882978444556,0.627550237588098
253936128,"YGL243W","TAD1","","dma1753","Vph1_R1_Plate05",6,2,485,264,"S/G2 phase",2.74318031957068,2.65929101438033
253936137,"YGL243W","TAD1","","dma1753","Vph1_R1_Plate05",6,2,485,273,"S/G2 phase",4.90363668011918,3.47311876387507
253936177,"YGL243W","TAD1","","dma1753","Vph1_R1_Plate05",6,2,485,315,"G1 phase",0.658529445357219,0.371198537350032
253936206,"YGL243W","TAD1","","dma1753","Vph1_R1_Plate05",6,2,485,346,"S/G2 phase",0.0407147317266828,0.424214525797754
253936221,"YGL243W","TAD1","","dma1753","Vph1_R1_Plate05",6,2,485,364,"S/G2 phase",0.0786174748942003,0.511981848136511
253936332,"YGL243W","TAD1","","dma1753","Vph1_R1_Plate05",6,2,486,33,"MA-single",-0.383795991749514,-0.372884093195955
253936417,"YGL243W","TAD1","","dma1753","Vph1_R1_Plate05",6,2,486,125,"S/G2 phase",-0.474762575351556,-0.0300581435081007
253936567,"YGL243W","TAD1","","dma1753","Vph1_R1_Plate05",6,2,486,283,"S/G2 phase",0.127891041011973,0.223464959785346
253936659,"YGL243W","TAD1","","dma1753","Vph1_R1_Plate05",6,2,486,380,"S/G2 phase",1.86004640376752,1.99190376956131
253936781,"YGL243W","TAD1","","dma1753","Vph1_R1_Plate05",6,2,487,92,"S/G2 phase",3.42921997090275,2.94215070884226
253936828,"YGL243W","TAD1","","dma1753","Vph1_R1_Plate05",6,2,487,141,"S/G2 phase",1.09820126610042,1.55153163381187
253936862,"YGL243W","TAD1","","dma1753","Vph1_R1_Plate05",6,2,487,178,"G1 phase",0.105149395111463,0.0744383093316909
253936914,"YGL243W","TAD1","","dma1753","Vph1_R1_Plate05",6,2,487,232,"S/G2 phase",0.264340916415036,0.385099070906447
253936948,"YGL243W","TAD1","","dma1753","Vph1_R1_Plate05",6,2,487,269,"S/G2 phase",2.31108904746098,1.92498724755717
253936966,"YGL243W","TAD1","","dma1753","Vph1_R1_Plate05",6,2,487,288,"MA phase",1.53408281252687,1.6797074839309
253937025,"YGL243W","TAD1","","dma1753","Vph1_R1_Plate05",6,2,487,349,"G1 phase",-0.433069557867286,-0.477380546035747
253937070,"YGL243W","TAD1","","dma1753","Vph1_R1_Plate05",6,2,487,396,"T phase",4.6193661063628,3.80333725289548
253937153,"YGL243W","TAD1","","dma1753","Vph1_R1_Plate05",6,2,488,68,"S/G2 phase",-0.228394744762692,-0.187570584795613
253937178,"YGL243W","TAD1","","dma1753","Vph1_R1_Plate05",6,2,488,94,"S/G2 phase",0.48796710110339,0.832421473434093
253937204,"YGL243W","TAD1","","dma1753","Vph1_R1_Plate05",6,2,488,121,"S/G2 phase",0.893526452995827,0.858929467657953
253937344,"YGL243W","TAD1","","dma1753","Vph1_R1_Plate05",6,2,488,265,"MA phase",0.954170842063856,1.07075097028216
253937382,"YGL243W","TAD1","","dma1753","Vph1_R1_Plate05",6,2,488,303,"G1 phase",0.412161614768355,0.118968506945554
253937482,"YGL243W","TAD1","","dma1753","Vph1_R1_Plate05",6,2,488,404,"T phase",3.86889179164595,2.96453703323252
253938887,"YGL242C","","","dma1754","Vph1_R1_Plate05",6,4,493,12,"S/G2 phase",1.54545363547713,1.48461511180773
253938916,"YGL242C","","","dma1754","Vph1_R1_Plate05",6,4,493,42,"S/G2 phase",0.863204258461813,0.941039596107472
253938933,"YGL242C","","","dma1754","Vph1_R1_Plate05",6,4,493,60,"T phase",2.64084291301839,3.00211696406818
253938939,"YGL242C","","","dma1754","Vph1_R1_Plate05",6,4,493,66,"S/G2 phase",1.26876361035425,1.13766749228629
253938941,"YGL242C","","","dma1754","Vph1_R1_Plate05",6,4,493,68,"S/G2 phase",0.787398772126778,1.05531491267009
253938956,"YGL242C","","","dma1754","Vph1_R1_Plate05",6,4,493,84,"S/G2 phase",0.79118904644353,1.21848454784684
253938965,"YGL242C","","","dma1754","Vph1_R1_Plate05",6,4,493,93,"S/G2 phase",0.021763360142924,0.0981177066109321
253938978,"YGL242C","","","dma1754","Vph1_R1_Plate05",6,4,493,106,"S/G2 phase",1.68190351088019,1.38989752269077
253939028,"YGL242C","","","dma1754","Vph1_R1_Plate05",6,4,493,161,"T phase",3.28139927254943,2.96865870306611
253939038,"YGL242C","","","dma1754","Vph1_R1_Plate05",6,4,493,171,"S/G2 phase",2.28455712724372,2.55067289170695
253939104,"YGL242C","","","dma1754","Vph1_R1_Plate05",6,4,493,242,"S/G2 phase",1.32561772510553,1.8735067831651
253939133,"YGL242C","","","dma1754","Vph1_R1_Plate05",6,4,493,272,"S/G2 phase",3.98260002114851,3.6404100688854
253939156,"YGL242C","","","dma1754","Vph1_R1_Plate05",6,4,493,295,"S/G2 phase",4.05082495885004,2.91717823867404
253939211,"YGL242C","","","dma1754","Vph1_R1_Plate05",6,4,493,355,"T phase",1.96617408463657,1.72706627848939
253939244,"YGL242C","","","dma1754","Vph1_R1_Plate05",6,4,494,31,"T phase",2.71664839935342,3.05925462234949
253939334,"YGL242C","","","dma1754","Vph1_R1_Plate05",6,4,494,125,"S/G2 phase",3.61873368674034,2.27888513385682
253939362,"YGL242C","","","dma1754","Vph1_R1_Plate05",6,4,494,153,"S/G2 phase",2.43616809991379,2.63844021404571
253939413,"YGL242C","","","dma1754","Vph1_R1_Plate05",6,4,494,206,"T phase",3.28518954686618,2.9115210447848
253939439,"YGL242C","","","dma1754","Vph1_R1_Plate05",6,4,494,233,"S/G2 phase",0.597885056289191,0.719681680927127
253939440,"YGL242C","","","dma1754","Vph1_R1_Plate05",6,4,494,234,"T phase",1.18537757538571,1.12918170145243
253939517,"YGL242C","","","dma1754","Vph1_R1_Plate05",6,4,494,315,"S/G2 phase",0.783608497810027,1.6616852805409
253939532,"YGL242C","","","dma1754","Vph1_R1_Plate05",6,4,494,330,"S/G2 phase",1.97375463327008,2.89632743833942
253939580,"YGL242C","","","dma1754","Vph1_R1_Plate05",6,4,495,42,"S/G2 phase",2.10262396003964,1.9417163780582
253939626,"YGL242C","","","dma1754","Vph1_R1_Plate05",6,4,495,88,"S/G2 phase",1.60988829886191,2.11725102273572
253939663,"YGL242C","","","dma1754","Vph1_R1_Plate05",6,4,495,129,"S/G2 phase",1.56061473274414,1.99885403633951
253939682,"YGL242C","","","dma1754","Vph1_R1_Plate05",6,4,495,152,"MA-single",0.321195031166313,0.0813885761098981
253939684,"YGL242C","","","dma1754","Vph1_R1_Plate05",6,4,495,155,"T phase",4.6042050090958,3.85352464439857
253939687,"YGL242C","","","dma1754","Vph1_R1_Plate05",6,4,495,158,"T phase",2.73180949662043,2.40988958092047
253939754,"YGL242C","","","dma1754","Vph1_R1_Plate05",6,4,495,232,"T phase",4.05840550748354,3.98735768840684
253939956,"YGL242C","","","dma1754","Vph1_R1_Plate05",6,4,496,139,"T phase",1.35214964532279,1.6797074839309
253940073,"YGL242C","","","dma1754","Vph1_R1_Plate05",6,4,496,260,"S/G2 phase",0.450064357935872,0.599749170475268
253940091,"YGL242C","","","dma1754","Vph1_R1_Plate05",6,4,496,278,"S/G2 phase",1.75391872289848,1.88870038961048
253940117,"YGL242C","","","dma1754","Vph1_R1_Plate05",6,4,496,306,"S/G2 phase",0.635787799456708,1.42747745352642
253940119,"YGL242C","","","dma1754","Vph1_R1_Plate05",6,4,496,308,"S/G2 phase",1.7994020146995,1.56543216736828
253996175,"YFR021W","ATG18","","dma1550","Vph1_R1_Plate05",3,4,205,154,"MA-single",-1.06225509444808,-1.13935304813222
253996450,"YFR021W","ATG18","","dma1550","Vph1_R1_Plate05",3,4,205,436,"S/G2 phase",0.620626702189701,0.871536928325401
253996451,"YFR021W","ATG18","","dma1550","Vph1_R1_Plate05",3,4,205,437,"MA-single",-1.44128252612325,-1.68834330655503
253996715,"YFR021W","ATG18","","dma1550","Vph1_R1_Plate05",3,4,206,65,"G1 phase",-0.800726166592207,-0.877344154004911
253996721,"YFR021W","ATG18","","dma1550","Vph1_R1_Plate05",3,4,206,71,"T phase",0.779818223493275,0.780941009042023
253997070,"YFR021W","ATG18","","dma1550","Vph1_R1_Plate05",3,4,206,429,"S/G2 phase",1.09062071746692,1.26584334240533
253997086,"YFR021W","ATG18","","dma1550","Vph1_R1_Plate05",3,4,207,12,"G1 phase",-0.903063573144504,-0.806305962167187
253997104,"YFR021W","ATG18","","dma1550","Vph1_R1_Plate05",3,4,207,31,"S/G2 phase",-0.0957351436763803,0.254094623842794
253997202,"YFR021W","ATG18","","dma1550","Vph1_R1_Plate05",3,4,207,140,"S/G2 phase",0.427322712035362,0.532832648471133
253997263,"YFR021W","ATG18","","dma1550","Vph1_R1_Plate05",3,4,207,204,"G1 phase",-0.956127413579028,-1.05158572579346
253997314,"YFR021W","ATG18","","dma1550","Vph1_R1_Plate05",3,4,207,261,"G1 phase",-1.14185085509986,-1.25775003452842
253997362,"YFR021W","ATG18","","dma1550","Vph1_R1_Plate05",3,4,207,317,"MA-single",-1.44128252612325,-1.49325093443187
253997393,"YFR021W","ATG18","","dma1550","Vph1_R1_Plate05",3,4,207,349,"MA-single",-1.49434636655778,-1.68139303977683
253997487,"YFR021W","ATG18","","dma1550","Vph1_R1_Plate05",3,4,207,453,"S/G2 phase",-0.554358336003343,-0.473258876202159
253997825,"YFR021W","ATG18","","dma1550","Vph1_R1_Plate05",3,4,208,146,"S/G2 phase",-0.584680530537357,-0.436972018255471
253997828,"YFR021W","ATG18","","dma1550","Vph1_R1_Plate05",3,4,208,149,"S/G2 phase",0.594094781972439,0.716853083982507
253997912,"YFR021W","ATG18","","dma1550","Vph1_R1_Plate05",3,4,208,235,"G1 phase",-0.524036141469329,-0.543003995150914
253997918,"YFR021W","ATG18","","dma1550","Vph1_R1_Plate05",3,4,208,241,"T phase",1.56819528137764,1.6907794205427
253997987,"YFR021W","ATG18","","dma1550","Vph1_R1_Plate05",3,4,208,312,"S/G2 phase",0.461435180886127,0.357298003793617
253998019,"YFR021W","ATG18","","dma1550","Vph1_R1_Plate05",3,4,208,345,"MA-single",-0.645324919605385,-0.779797967943326
253998145,"YFR021W","ATG18","","dma1550","Vph1_R1_Plate05",3,4,208,472,"S/G2 phase",1.59093692727815,2.19394640846268
253998147,"YFR021W","ATG18","","dma1550","Vph1_R1_Plate05",3,4,208,474,"T phase",0.825301515294296,1.14744635600912
254008019,"YFR019W","FAB1","fab1-supp1","dma1552","Vph1_R1_Plate05",3,8,221,75,"MA-single",-0.868951104293738,-0.951210942787254
254008022,"YFR019W","FAB1","fab1-supp1","dma1552","Vph1_R1_Plate05",3,8,221,78,"S/G2 phase",-0.0426713032418558,0.0757313822206596
254008046,"YFR019W","FAB1","fab1-supp1","dma1552","Vph1_R1_Plate05",3,8,221,104,"T phase",1.20811922128622,1.6797074839309
254008054,"YFR019W","FAB1","fab1-supp1","dma1552","Vph1_R1_Plate05",3,8,221,112,"MA-single",-1.34652566820446,-1.33161682331076
254008111,"YFR019W","FAB1","fab1-supp1","dma1552","Vph1_R1_Plate05",3,8,221,179,"MA-single",-1.16459250100037,-1.11284505390836
254008121,"YFR019W","FAB1","fab1-supp1","dma1552","Vph1_R1_Plate05",3,8,221,189,"G1 phase",-0.660486016872392,-0.63489298732326
254008131,"YFR019W","FAB1","fab1-supp1","dma1552","Vph1_R1_Plate05",3,8,221,200,"T phase",3.1032563796621,2.89632743833942
254008148,"YFR019W","FAB1","fab1-supp1","dma1552","Vph1_R1_Plate05",3,8,221,222,"MA-single",-0.93717604199527,-0.974890340066495
254008196,"YFR019W","FAB1","fab1-supp1","dma1552","Vph1_R1_Plate05",3,8,221,288,"MA-single",-1.15322167805012,-1.10589478713015
254008241,"YFR019W","FAB1","fab1-supp1","dma1552","Vph1_R1_Plate05",3,8,222,4,"MA-single",-1.00919125401355,-1.01117719801318
254008246,"YFR019W","FAB1","fab1-supp1","dma1552","Vph1_R1_Plate05",3,8,222,10,"S/G2 phase",1.32561772510553,1.22260621768043
254008248,"YFR019W","FAB1","fab1-supp1","dma1552","Vph1_R1_Plate05",3,8,222,12,"G1 phase",-0.00855883439108999,-0.232100782409477
254008279,"YFR019W","FAB1","fab1-supp1","dma1552","Vph1_R1_Plate05",3,8,222,46,"S/G2 phase",-0.152589258427657,0.0242509178285895
254008296,"YFR019W","FAB1","fab1-supp1","dma1552","Vph1_R1_Plate05",3,8,222,63,"S/G2 phase",1.46585787482534,1.43725631724925
254008317,"YFR019W","FAB1","fab1-supp1","dma1552","Vph1_R1_Plate05",3,8,222,87,"T phase",10.4412274568935,6.14444571837349
254008357,"YFR019W","FAB1","fab1-supp1","dma1552","Vph1_R1_Plate05",3,8,222,140,"MA-single",-0.664276291189143,-0.827156762501808
254008389,"YFR019W","FAB1","fab1-supp1","dma1552","Vph1_R1_Plate05",3,8,222,175,"S/G2 phase",0.351517225700327,0.505031581358304
254008503,"YFR019W","FAB1","fab1-supp1","dma1552","Vph1_R1_Plate05",3,8,223,63,"S/G2 phase",0.415951889085106,0.415728734963895
254008566,"YFR019W","FAB1","fab1-supp1","dma1552","Vph1_R1_Plate05",3,8,223,136,"S/G2 phase",-0.387586266066265,-0.311624765081058
254008567,"YFR019W","FAB1","fab1-supp1","dma1552","Vph1_R1_Plate05",3,8,223,137,"S/G2 phase",-0.175330904328167,-0.0720021953440262
254008569,"YFR019W","FAB1","fab1-supp1","dma1552","Vph1_R1_Plate05",3,8,223,139,"G1 phase",-1.02435235128056,-1.07243652612808
254008578,"YFR019W","FAB1","fab1-supp1","dma1552","Vph1_R1_Plate05",3,8,223,148,"S/G2 phase",0.0861980235277039,0.24019409028638
254008582,"YFR019W","FAB1","fab1-supp1","dma1552","Vph1_R1_Plate05",3,8,223,152,"G1 phase",-1.11910920919935,-1.1365244511876
254008614,"YFR019W","FAB1","fab1-supp1","dma1552","Vph1_R1_Plate05",3,8,223,195,"S/G2 phase",5.9080593740584,4.13355574191588
254008750,"YFR019W","FAB1","fab1-supp1","dma1552","Vph1_R1_Plate05",3,8,224,72,"MA-single",-0.880321927243993,-0.93731040923084
254008775,"YFR019W","FAB1","fab1-supp1","dma1552","Vph1_R1_Plate05",3,8,224,101,"S/G2 phase",0.264340916415036,0.630378834532717
254008835,"YFR019W","FAB1","fab1-supp1","dma1552","Vph1_R1_Plate05",3,8,224,171,"S/G2 phase",0.669900268307474,0.636036028421956
254232572,"YIL001W","","","dma2237","Vph1_R1_Plate06",6,9,513,21,"T phase",2.09883870716013,1.81665057964248
254232605,"YIL001W","","","dma2237","Vph1_R1_Plate06",6,9,513,55,"S/G2 phase",0.491867114022615,0.885321939393702
254232632,"YIL001W","","","dma2237","Vph1_R1_Plate06",6,9,513,83,"S/G2 phase",0.905727547522067,1.59694273687402
254232635,"YIL001W","","","dma2237","Vph1_R1_Plate06",6,9,513,86,"T phase",0.145119183252804,0.430690808617907
254232730,"YIL001W","","","dma2237","Vph1_R1_Plate06",6,9,514,36,"S/G2 phase",4.32100824198601,3.43474546808088
254232787,"YIL001W","","","dma2237","Vph1_R1_Plate06",6,9,514,93,"S/G2 phase",1.10333658333712,1.69715755420641
254232812,"YIL001W","","","dma2237","Vph1_R1_Plate06",6,9,514,118,"G1 phase",-0.223999581760221,-0.120092376625452
254232843,"YIL001W","","","dma2237","Vph1_R1_Plate06",6,9,515,7,"T phase",2.59845400525856,2.41284111455155
254232855,"YIL001W","","","dma2237","Vph1_R1_Plate06",6,9,515,19,"S/G2 phase",0.517966420639697,0.447180846128087
254232856,"YIL001W","","","dma2237","Vph1_R1_Plate06",6,9,515,20,"S/G2 phase",0.853528934287902,1.24380101570193
254232857,"YIL001W","","","dma2237","Vph1_R1_Plate06",6,9,515,21,"S/G2 phase",1.28976020203057,1.44980699155373
254232869,"YIL001W","","","dma2237","Vph1_R1_Plate06",6,9,515,33,"S/G2 phase",0.268158771590479,0.496650958658622
254232887,"YIL001W","","","dma2237","Vph1_R1_Plate06",6,9,515,51,"S/G2 phase",0.607449757612552,0.344177858202187
254232911,"YIL001W","","","dma2237","Vph1_R1_Plate06",6,9,515,75,"S/G2 phase",2.09138176241239,1.93893177567207
254232922,"YIL001W","","","dma2237","Vph1_R1_Plate06",6,9,515,86,"S/G2 phase",2.30390468772292,1.89631259659987
254232958,"YIL001W","","","dma2237","Vph1_R1_Plate06",6,9,515,123,"MA-single",-1.4506669927631,-1.71484629409534
254233008,"YIL001W","","","dma2237","Vph1_R1_Plate06",6,9,516,50,"S/G2 phase",3.32550611816301,2.52269503593578
254233016,"YIL001W","","","dma2237","Vph1_R1_Plate06",6,9,516,58,"S/G2 phase",3.3143207010414,2.73555194524592
254233032,"YIL001W","","","dma2237","Vph1_R1_Plate06",6,9,516,74,"T phase",2.99367207688867,2.57216514846632
254233098,"YIL001W","","","dma2237","Vph1_R1_Plate06",6,9,516,140,"S/G2 phase",1.67752132891294,2.07340126029614
254235533,"YHR210C","","","dma2238","Vph1_R1_Plate06",6,11,521,1,"S/G2 phase",-0.175529440899925,-0.232734468603194
254235538,"YHR210C","","","dma2238","Vph1_R1_Plate06",6,11,521,6,"S/G2 phase",0.12274834900959,0.0887017698198536
254235539,"YHR210C","","","dma2238","Vph1_R1_Plate06",6,11,521,7,"S/G2 phase",1.87885883710186,3.07069005058563
254235564,"YHR210C","","","dma2238","Vph1_R1_Plate06",6,11,521,32,"S/G2 phase",-0.309754446359206,-0.308333722695753
254235689,"YHR210C","","","dma2238","Vph1_R1_Plate06",6,11,521,159,"S/G2 phase",1.22637617167479,1.95263364258874
254235757,"YHR210C","","","dma2238","Vph1_R1_Plate06",6,11,521,228,"S/G2 phase",0.599992812864814,0.341389687608679
254235923,"YHR210C","","","dma2238","Vph1_R1_Plate06",6,11,523,3,"S/G2 phase",1.34941576001247,1.29605929882598
254235960,"YHR210C","","","dma2238","Vph1_R1_Plate06",6,11,523,40,"S/G2 phase",1.75954772113805,1.28642019477413
254235993,"YHR210C","","","dma2238","Vph1_R1_Plate06",6,11,523,76,"S/G2 phase",-0.220271109386352,-0.126943310083787
254236048,"YHR210C","","","dma2238","Vph1_R1_Plate06",6,11,523,131,"S/G2 phase",-0.350767642471765,-0.425038577538321
254236110,"YHR210C","","","dma2238","Vph1_R1_Plate06",6,11,523,193,"S/G2 phase",0.152576128000542,0.341389687608679
254236163,"YHR210C","","","dma2238","Vph1_R1_Plate06",6,11,524,36,"S/G2 phase",0.435940028414581,1.20675817781675
254236175,"YHR210C","","","dma2238","Vph1_R1_Plate06",6,11,524,48,"S/G2 phase",3.78783669252275,3.33859341361331
254236177,"YHR210C","","","dma2238","Vph1_R1_Plate06",6,11,524,50,"S/G2 phase",0.398655304675891,0.178002890829082
254236190,"YHR210C","","","dma2238","Vph1_R1_Plate06",6,11,524,63,"S/G2 phase",0.644734481351241,1.12988433145288
254236240,"YHR210C","","","dma2238","Vph1_R1_Plate06",6,11,524,114,"S/G2 phase",0.1935893241131,0.172426549642065
254236280,"YHR210C","","","dma2238","Vph1_R1_Plate06",6,11,524,154,"S/G2 phase",1.58803799194008,1.91686539697488
254239708,"YHR209W","CRG1","","dma2239","Vph1_R1_Plate06",6,13,529,33,"S/G2 phase",2.66183803561433,2.46637398994691
254239720,"YHR209W","CRG1","","dma2239","Vph1_R1_Plate06",6,13,529,45,"S/G2 phase",1.8863157818496,1.70807125052957
254239752,"YHR209W","CRG1","","dma2239","Vph1_R1_Plate06",6,13,529,78,"S/G2 phase",3.52684362635193,2.74646564156908
254239754,"YHR209W","CRG1","","dma2239","Vph1_R1_Plate06",6,13,529,80,"G1 phase",0.283072661085955,0.286343233891126
254239767,"YHR209W","CRG1","","dma2239","Vph1_R1_Plate06",6,13,529,93,"S/G2 phase",4.59691519765231,3.64202603620399
254239770,"YHR209W","CRG1","","dma2239","Vph1_R1_Plate06",6,13,529,96,"T phase",2.17713662701137,1.76566688878976
254239803,"YHR209W","CRG1","","dma2239","Vph1_R1_Plate06",6,13,529,131,"S/G2 phase",2.32627552196613,1.76718046711195
254239817,"YHR209W","CRG1","","dma2239","Vph1_R1_Plate06",6,13,529,147,"S/G2 phase",0.939283798886887,1.42367784999171
254239830,"YHR209W","CRG1","","dma2239","Vph1_R1_Plate06",6,13,529,160,"S/G2 phase",0.846071989540164,0.962195785757579
254239890,"YHR209W","CRG1","","dma2239","Vph1_R1_Plate06",6,13,530,9,"S/G2 phase",1.46499840360241,1.31254933633616
254239892,"YHR209W","CRG1","","dma2239","Vph1_R1_Plate06",6,13,530,11,"S/G2 phase",1.12570741758033,0.782318951467804
254239935,"YHR209W","CRG1","","dma2239","Vph1_R1_Plate06",6,13,530,55,"T phase",2.50897066828571,2.60514522348668
254239947,"YHR209W","CRG1","","dma2239","Vph1_R1_Plate06",6,13,530,67,"S/G2 phase",3.55294293296901,3.66409241490119
254239953,"YHR209W","CRG1","","dma2239","Vph1_R1_Plate06",6,13,530,73,"S/G2 phase",1.97207064644858,1.49521434121944
254239978,"YHR209W","CRG1","","dma2239","Vph1_R1_Plate06",6,13,530,98,"S/G2 phase",0.0295365396628669,0.040506249560636
254240031,"YHR209W","CRG1","","dma2239","Vph1_R1_Plate06",6,13,530,154,"S/G2 phase",0.00343723304578432,0.0488707613411612
254240066,"YHR209W","CRG1","","dma2239","Vph1_R1_Plate06",6,13,530,190,"MA-single",-1.32017045967769,-1.47992300608801
254240135,"YHR209W","CRG1","","dma2239","Vph1_R1_Plate06",6,13,531,54,"T phase",4.01527350732876,3.6874333858697
254240138,"YHR209W","CRG1","","dma2239","Vph1_R1_Plate06",6,13,531,57,"T phase",4.41422005133273,3.17090486791802
254240140,"YHR209W","CRG1","","dma2239","Vph1_R1_Plate06",6,13,531,59,"S/G2 phase",0.96538310550397,0.620206746959526
254240214,"YHR209W","CRG1","","dma2239","Vph1_R1_Plate06",6,13,531,133,"MA-single",-0.656502377129017,-0.723133844992856
254240275,"YHR209W","CRG1","","dma2239","Vph1_R1_Plate06",6,13,532,37,"S/G2 phase",4.41422005133273,3.35229528052999
254240281,"YHR209W","CRG1","","dma2239","Vph1_R1_Plate06",6,13,532,44,"S/G2 phase",3.24720819831176,2.59399254111265
254240297,"YHR209W","CRG1","","dma2239","Vph1_R1_Plate06",6,13,532,60,"T phase",3.3739762590233,2.94713426228473
254240308,"YHR209W","CRG1","","dma2239","Vph1_R1_Plate06",6,13,532,71,"T phase",0.995210884494921,0.658763163166901
254240354,"YHR209W","CRG1","","dma2239","Vph1_R1_Plate06",6,13,532,118,"S/G2 phase",1.1294358899542,1.43610512463706
254240374,"YHR209W","CRG1","","dma2239","Vph1_R1_Plate06",6,13,532,139,"S/G2 phase",2.86690401617713,2.80151209528663
254240394,"YHR209W","CRG1","","dma2239","Vph1_R1_Plate06",6,13,532,159,"MA phase",1.7297199421471,2.02265655549428
254242358,"YHR207C","SET5","","dma2240","Vph1_R1_Plate06",6,15,537,46,"S/G2 phase",0.812515738175343,1.0103913060168
254242376,"YHR207C","SET5","","dma2240","Vph1_R1_Plate06",6,15,537,64,"S/G2 phase",1.45754145885467,1.70400848766474
254242403,"YHR207C","SET5","","dma2240","Vph1_R1_Plate06",6,15,537,91,"T phase",1.76700466588579,2.48286402745709
254242517,"YHR207C","SET5","","dma2240","Vph1_R1_Plate06",6,15,537,206,"MA-single",-0.544648205912949,-0.55695887761975
254242541,"YHR207C","SET5","","dma2240","Vph1_R1_Plate06",6,15,537,230,"S/G2 phase",2.52761303015505,2.84540586663015
254242546,"YHR207C","SET5","","dma2240","Vph1_R1_Plate06",6,15,537,236,"S/G2 phase",2.13612343089882,2.42502940314603
254242627,"YHR207C","SET5","","dma2240","Vph1_R1_Plate06",6,15,537,318,"S/G2 phase",-0.108416938170284,0.242449462547606
254242677,"YHR207C","SET5","","dma2240","Vph1_R1_Plate06",6,15,537,369,"G1 phase",-0.197900275143138,-0.219032601686524
254242758,"YHR207C","SET5","","dma2240","Vph1_R1_Plate06",6,15,538,76,"S/G2 phase",0.700661566959275,0.997964031371446
254242781,"YHR207C","SET5","","dma2240","Vph1_R1_Plate06",6,15,538,100,"S/G2 phase",1.50974007208883,2.00895468857761
254242822,"YHR207C","SET5","","dma2240","Vph1_R1_Plate06",6,15,538,142,"MA phase",3.638697797568,2.9856906784921
254242832,"YHR207C","SET5","","dma2240","Vph1_R1_Plate06",6,15,538,155,"S/G2 phase",0.215960158356314,0.971834889809422
254242878,"YHR207C","SET5","","dma2240","Vph1_R1_Plate06",6,15,538,203,"T phase",3.02349985587962,2.05006028932762
254242899,"YHR207C","SET5","","dma2240","Vph1_R1_Plate06",6,15,538,224,"S/G2 phase",1.92732897796215,1.40870139080372
254242922,"YHR207C","SET5","","dma2240","Vph1_R1_Plate06",6,15,538,247,"S/G2 phase",-0.1904433303954,0.122956437111529
254242966,"YHR207C","SET5","","dma2240","Vph1_R1_Plate06",6,15,538,291,"S/G2 phase",-0.388052366210454,-0.392058502517964
254243096,"YHR207C","SET5","","dma2240","Vph1_R1_Plate06",6,15,539,30,"S/G2 phase",1.31585950864765,1.19305631090008
254243103,"YHR207C","SET5","","dma2240","Vph1_R1_Plate06",6,15,539,37,"S/G2 phase",0.215960158356314,0.371581592035527
254243206,"YHR207C","SET5","","dma2240","Vph1_R1_Plate06",6,15,539,142,"S/G2 phase",2.08019634529078,1.60506826260367
254243281,"YHR207C","SET5","","dma2240","Vph1_R1_Plate06",6,15,539,218,"S/G2 phase",-0.0226620735712982,0.662825926031726
254243287,"YHR207C","SET5","","dma2240","Vph1_R1_Plate06",6,15,539,224,"MA-single",-0.429065562323012,-0.51433969854755
254243288,"YHR207C","SET5","","dma2240","Vph1_R1_Plate06",6,15,539,225,"MA phase",1.50601159971497,1.570813595312
254243294,"YHR207C","SET5","","dma2240","Vph1_R1_Plate06",6,15,539,231,"S/G2 phase",1.8863157818496,1.87018345503785
254243315,"YHR207C","SET5","","dma2240","Vph1_R1_Plate06",6,15,539,252,"T phase",3.46718806837003,2.89081321629586
254243316,"YHR207C","SET5","","dma2240","Vph1_R1_Plate06",6,15,539,253,"T phase",3.26212208780723,2.80557485815146
254243319,"YHR207C","SET5","","dma2240","Vph1_R1_Plate06",6,15,539,256,"S/G2 phase",-0.0599467973099876,0.159999274996713
254243346,"YHR207C","SET5","","dma2240","Vph1_R1_Plate06",6,15,539,284,"S/G2 phase",-0.0114766564496914,0.682104134135414
254243424,"YHR207C","SET5","","dma2240","Vph1_R1_Plate06",6,15,540,8,"T phase",1.93105745033602,2.18476876000256
254243434,"YHR207C","SET5","","dma2240","Vph1_R1_Plate06",6,15,540,18,"S/G2 phase",0.327814329572382,0.583163909074342
254243437,"YHR207C","SET5","","dma2240","Vph1_R1_Plate06",6,15,540,21,"S/G2 phase",-0.0524898525622497,-0.106390509708782
254243563,"YHR207C","SET5","","dma2240","Vph1_R1_Plate06",6,15,540,150,"T phase",1.47991229309788,1.55153538720831
254243577,"YHR207C","SET5","","dma2240","Vph1_R1_Plate06",6,15,540,164,"MA-single",-0.533462788791342,-0.434677681590165
254243579,"YHR207C","SET5","","dma2240","Vph1_R1_Plate06",6,15,540,167,"S/G2 phase",0.782687959184392,0.690229659865067
254243607,"YHR207C","SET5","","dma2240","Vph1_R1_Plate06",6,15,540,197,"S/G2 phase",-0.649045432381279,-0.647534590900297
254243614,"YHR207C","SET5","","dma2240","Vph1_R1_Plate06",6,15,540,204,"T phase",1.25620395066575,1.04185780271496
254243616,"YHR207C","SET5","","dma2240","Vph1_R1_Plate06",6,15,540,206,"T phase",3.53430057109967,3.29191147167629
254243628,"YHR207C","SET5","","dma2240","Vph1_R1_Plate06",6,15,540,218,"S/G2 phase",0.0854636252709009,-0.18047618547915
254243672,"YHR207C","SET5","","dma2240","Vph1_R1_Plate06",6,15,540,263,"S/G2 phase",0.12274834900959,0.315260546046656
254243684,"YHR207C","SET5","","dma2240","Vph1_R1_Plate06",6,15,540,275,"S/G2 phase",1.31958798102152,1.10781795275568
254243717,"YHR207C","SET5","","dma2240","Vph1_R1_Plate06",6,15,540,308,"T phase",1.84157411336317,1.55432355780182
254243722,"YHR207C","SET5","","dma2240","Vph1_R1_Plate06",6,15,540,314,"S/G2 phase",0.558979616752256,0.552972004647494
254243788,"YHR207C","SET5","","dma2240","Vph1_R1_Plate06",6,15,540,381,"T phase",0.674562260342193,1.38536041983521
254250337,"YHR204W","MNL1","","dma2242","Vph1_R1_Plate06",6,19,553,98,"S/G2 phase",0.532880310135173,0.609293050636365
254250349,"YHR204W","MNL1","","dma2242","Vph1_R1_Plate06",6,19,553,111,"S/G2 phase",-0.0897745763009391,0.353816962254031
254250391,"YHR204W","MNL1","","dma2242","Vph1_R1_Plate06",6,19,553,153,"T phase",1.98325606357019,1.87297162563135
254250454,"YHR204W","MNL1","","dma2242","Vph1_R1_Plate06",6,19,553,216,"MA-single",-0.186714858021531,-0.0254539004800789
254250455,"YHR204W","MNL1","","dma2242","Vph1_R1_Plate06",6,19,553,217,"T phase",2.20696440600233,1.92929267162023
254250485,"YHR204W","MNL1","","dma2242","Vph1_R1_Plate06",6,19,553,248,"S/G2 phase",0.260701826842741,0.592803013126186
254250512,"YHR204W","MNL1","","dma2242","Vph1_R1_Plate06",6,19,553,275,"S/G2 phase",0.0146226501673911,0.0859135992263454
254250557,"YHR204W","MNL1","","dma2242","Vph1_R1_Plate06",6,19,553,320,"S/G2 phase",2.89300332279421,2.88117411224402
254250576,"YHR204W","MNL1","","dma2242","Vph1_R1_Plate06",6,19,553,339,"S/G2 phase",4.23152490501316,3.57757946448547
254250577,"YHR204W","MNL1","","dma2242","Vph1_R1_Plate06",6,19,553,340,"S/G2 phase",0.253244882095003,0.155936512131887
254250598,"YHR204W","MNL1","","dma2242","Vph1_R1_Plate06",6,19,553,361,"S/G2 phase",1.21146228217932,1.17784086566122
254250686,"YHR204W","MNL1","","dma2242","Vph1_R1_Plate06",6,19,554,73,"T phase",1.68124980128681,1.85926975871468
254250699,"YHR204W","MNL1","","dma2242","Vph1_R1_Plate06",6,19,554,86,"S/G2 phase",-0.0785891591793322,0.263002262922612
254250742,"YHR204W","MNL1","","dma2242","Vph1_R1_Plate06",6,19,554,131,"S/G2 phase",1.90122967134507,2.37986103953119
254250822,"YHR204W","MNL1","","dma2242","Vph1_R1_Plate06",6,19,554,213,"S/G2 phase",0.417297666545236,0.29749591626516
254250836,"YHR204W","MNL1","","dma2242","Vph1_R1_Plate06",6,19,554,227,"S/G2 phase",0.365099053311071,0.944431155976083
254250851,"YHR204W","MNL1","","dma2242","Vph1_R1_Plate06",6,19,554,242,"S/G2 phase",0.585078923369338,1.073563285464
254250892,"YHR204W","MNL1","","dma2242","Vph1_R1_Plate06",6,19,554,284,"S/G2 phase",2.102567179534,2.34536738618865
254250901,"YHR204W","MNL1","","dma2242","Vph1_R1_Plate06",6,19,554,293,"S/G2 phase",3.62751238044639,2.92785605418104
254250914,"YHR204W","MNL1","","dma2242","Vph1_R1_Plate06",6,19,555,2,"S/G2 phase",0.301715022955299,0.541819322273459
254250922,"YHR204W","MNL1","","dma2242","Vph1_R1_Plate06",6,19,555,10,"T phase",4.60437214240005,3.04049814615878
254250929,"YHR204W","MNL1","","dma2242","Vph1_R1_Plate06",6,19,555,17,"S/G2 phase",4.38439227234178,3.76303263996226
254250945,"YHR204W","MNL1","","dma2242","Vph1_R1_Plate06",6,19,555,33,"T phase",4.63792839376487,3.70392342337988
254250959,"YHR204W","MNL1","","dma2242","Vph1_R1_Plate06",6,19,555,47,"S/G2 phase",0.89454213040046,1.06113601081865
254250967,"YHR204W","MNL1","","dma2242","Vph1_R1_Plate06",6,19,555,56,"T phase",3.33669153528461,2.90172691261902
254251008,"YHR204W","MNL1","","dma2242","Vph1_R1_Plate06",6,19,555,97,"T phase",1.15180672419742,1.65732654572772
254251009,"YHR204W","MNL1","","dma2242","Vph1_R1_Plate06",6,19,555,98,"T phase",4.50370338830559,3.66966875608821
254251020,"YHR204W","MNL1","","dma2242","Vph1_R1_Plate06",6,19,555,109,"S/G2 phase",2.13985190327268,2.00210375511928
254251028,"YHR204W","MNL1","","dma2242","Vph1_R1_Plate06",6,19,555,117,"S/G2 phase",0.849800461914033,1.67509117550921
254251036,"YHR204W","MNL1","","dma2242","Vph1_R1_Plate06",6,19,555,127,"S/G2 phase",3.87359155712174,3.21479863926154
254251050,"YHR204W","MNL1","","dma2242","Vph1_R1_Plate06",6,19,555,141,"S/G2 phase",0.562708089126125,1.16692716933806
254251056,"YHR204W","MNL1","","dma2242","Vph1_R1_Plate06",6,19,555,147,"S/G2 phase",4.81316659533671,3.34823251766516
254251079,"YHR204W","MNL1","","dma2242","Vph1_R1_Plate06",6,19,555,171,"S/G2 phase",2.13612343089882,1.81107423845547
254251098,"YHR204W","MNL1","","dma2242","Vph1_R1_Plate06",6,19,555,190,"MA phase",1.81920327911996,1.51576714159444
254251128,"YHR204W","MNL1","","dma2242","Vph1_R1_Plate06",6,19,555,221,"MA-single",-1.20085934371388,-1.27112885964271
254251151,"YHR204W","MNL1","","dma2242","Vph1_R1_Plate06",6,19,556,10,"S/G2 phase",1.87140189235412,1.83314061715266
254251228,"YHR204W","MNL1","","dma2242","Vph1_R1_Plate06",6,19,556,87,"S/G2 phase",-0.134516244787366,0.1792774831004
254251233,"YHR204W","MNL1","","dma2242","Vph1_R1_Plate06",6,19,556,92,"S/G2 phase",0.551522672004518,0.633908613876196
254251249,"YHR204W","MNL1","","dma2242","Vph1_R1_Plate06",6,19,556,108,"S/G2 phase",-0.0226620735712982,0.274154945296646
254251314,"YHR204W","MNL1","","dma2242","Vph1_R1_Plate06",6,19,556,175,"G1 phase",-0.637860015259673,-0.599578056691952
254251324,"YHR204W","MNL1","","dma2242","Vph1_R1_Plate06",6,19,556,185,"T phase",2.73267901071784,2.24794073944976
254251351,"YHR204W","MNL1","","dma2242","Vph1_R1_Plate06",6,19,556,213,"S/G2 phase",2.91537415703742,2.48971496091542
254251365,"YHR204W","MNL1","","dma2242","Vph1_R1_Plate06",6,19,556,227,"T phase",1.93478592270989,1.73141222149808
254251401,"YHR204W","MNL1","","dma2242","Vph1_R1_Plate06",6,19,556,263,"T phase",0.879628240904984,1.85090524693416
254253333,"YHR203C","RPS4B","","dma2243","Vph1_R1_Plate06",6,21,561,15,"MA-single",-0.328396808228551,-0.113241443167117
254253360,"YHR203C","RPS4B","","dma2243","Vph1_R1_Plate06",6,21,561,42,"S/G2 phase",0.286801133459823,0.31119778318183
254253381,"YHR203C","RPS4B","","dma2243","Vph1_R1_Plate06",6,21,561,63,"S/G2 phase",1.55821021294913,1.11745705680752
254253383,"YHR203C","RPS4B","","dma2243","Vph1_R1_Plate06",6,21,561,65,"S/G2 phase",1.36805812188181,1.39906228675188
254253397,"YHR203C","RPS4B","","dma2243","Vph1_R1_Plate06",6,21,561,80,"MA-single",-1.04799197638526,-0.982672696240015
254253475,"YHR203C","RPS4B","","dma2243","Vph1_R1_Plate06",6,21,562,6,"MA-single",-0.209085692264745,-0.183264356072658
254253507,"YHR203C","RPS4B","","dma2243","Vph1_R1_Plate06",6,21,562,40,"S/G2 phase",1.1294358899542,0.938854814789066
254253645,"YHR203C","RPS4B","","dma2243","Vph1_R1_Plate06",6,21,562,179,"MA phase",1.96461370170084,2.43618208552007
254253662,"YHR203C","RPS4B","","dma2243","Vph1_R1_Plate06",6,21,562,196,"T phase",1.08842269384164,1.15043713182788
254253689,"YHR203C","RPS4B","","dma2243","Vph1_R1_Plate06",6,21,563,27,"S/G2 phase",0.469496279779401,1.05149690676681
254253752,"YHR203C","RPS4B","","dma2243","Vph1_R1_Plate06",6,21,563,92,"S/G2 phase",0.476953224527139,0.765828913957625
254253764,"YHR203C","RPS4B","","dma2243","Vph1_R1_Plate06",6,21,563,105,"T phase",1.73344841452097,1.94578270913041
254253766,"YHR203C","RPS4B","","dma2243","Vph1_R1_Plate06",6,21,563,107,"S/G2 phase",1.91987203321442,1.73292579982028
254253790,"YHR203C","RPS4B","","dma2243","Vph1_R1_Plate06",6,21,563,132,"S/G2 phase",0.969111577877838,0.713570630833581
254253805,"YHR203C","RPS4B","","dma2243","Vph1_R1_Plate06",6,21,564,2,"MA-single",-0.749714186475741,-0.898947916417804
254256627,"YHR202W","","","dma2244","Vph1_R1_Plate06",6,23,569,9,"G1 phase",0.36882752568494,0.216320320985584
254256669,"YHR202W","","","dma2244","Vph1_R1_Plate06",6,23,569,52,"S/G2 phase",1.15180672419742,1.42240325772039
254256707,"YHR202W","","","dma2244","Vph1_R1_Plate06",6,23,569,90,"T phase",1.03249560823361,1.90595170065171
254256766,"YHR202W","","","dma2244","Vph1_R1_Plate06",6,23,571,1,"S/G2 phase",0.0891920976447698,-0.00338752178288319
254256841,"YHR202W","","","dma2244","Vph1_R1_Plate06",6,23,571,79,"T phase",4.1420415680403,3.94976040771037
254256887,"YHR202W","","","dma2244","Vph1_R1_Plate06",6,23,572,36,"T phase",2.91164568466355,3.57757946448547
254256901,"YHR202W","","","dma2244","Vph1_R1_Plate06",6,23,572,50,"T phase",3.04214221774897,2.59550611943484
254290682,"YHR195W","NVJ1","","dma2225","Vph1_R1_Plate06",4,9,321,110,"S/G2 phase",1.6215942433049,1.83592878774617
254290685,"YHR195W","NVJ1","","dma2225","Vph1_R1_Plate06",4,9,321,113,"S/G2 phase",-0.179257913273794,-0.0472812931264024
254290686,"YHR195W","NVJ1","","dma2225","Vph1_R1_Plate06",4,9,321,114,"MA-single",-1.03307808688978,-1.21759598424734
254290762,"YHR195W","NVJ1","","dma2225","Vph1_R1_Plate06",4,9,321,193,"S/G2 phase",-0.0599467973099876,0.199830283475406
254291001,"YHR195W","NVJ1","","dma2225","Vph1_R1_Plate06",4,9,322,169,"S/G2 phase",3.57904223958609,2.50747959069692
254291017,"YHR195W","NVJ1","","dma2225","Vph1_R1_Plate06",4,9,322,185,"S/G2 phase",1.09215116621551,1.27271832785746
254291061,"YHR195W","NVJ1","","dma2225","Vph1_R1_Plate06",4,9,323,44,"T phase",2.07273940054304,1.96633550950541
254291155,"YHR195W","NVJ1","","dma2225","Vph1_R1_Plate06",4,9,323,147,"MA-single",-0.71615793511092,-0.567872573942912
254291173,"YHR195W","NVJ1","","dma2225","Vph1_R1_Plate06",4,9,323,165,"T phase",2.31881857721839,2.32075182294881
254291187,"YHR195W","NVJ1","","dma2225","Vph1_R1_Plate06",4,9,323,179,"S/G2 phase",1.56566715769687,1.55280997947963
254291193,"YHR195W","NVJ1","","dma2225","Vph1_R1_Plate06",4,9,323,185,"T phase",0.503052531144222,0.934792051924238
254291211,"YHR195W","NVJ1","","dma2225","Vph1_R1_Plate06",4,9,323,203,"S/G2 phase",1.60668035380943,1.3399530701695
254291214,"YHR195W","NVJ1","","dma2225","Vph1_R1_Plate06",4,9,323,206,"S/G2 phase",0.585078923369338,0.798808988977984
254291253,"YHR195W","NVJ1","","dma2225","Vph1_R1_Plate06",4,9,324,37,"S/G2 phase",0.514237948265828,0.587226671939168
254291255,"YHR195W","NVJ1","","dma2225","Vph1_R1_Plate06",4,9,324,39,"T phase",1.95715675695311,1.65326378286289
254291275,"YHR195W","NVJ1","","dma2225","Vph1_R1_Plate06",4,9,324,59,"S/G2 phase",2.59099706051083,2.44709578184323
254291319,"YHR195W","NVJ1","","dma2225","Vph1_R1_Plate06",4,9,324,104,"T phase",3.27330750492884,3.08160374690879
254291336,"YHR195W","NVJ1","","dma2225","Vph1_R1_Plate06",4,9,324,122,"S/G2 phase",1.32331645339539,1.26865556499264
254291372,"YHR195W","NVJ1","","dma2225","Vph1_R1_Plate06",4,9,324,159,"S/G2 phase",0.819972682923081,0.480160921148445
254291434,"YHR195W","NVJ1","","dma2225","Vph1_R1_Plate06",4,9,324,221,"S/G2 phase",0.0481789015322115,0.162787445590222
254291437,"YHR195W","NVJ1","","dma2225","Vph1_R1_Plate06",4,9,324,224,"T phase",4.71249784124225,3.55702666411046
254296664,"YHR191C","CTF8","","dma2228","Vph1_R1_Plate06",4,15,345,27,"S/G2 phase",0.156304600374411,-0.0267284927513969
254296797,"YHR191C","CTF8","","dma2228","Vph1_R1_Plate06",4,15,346,7,"S/G2 phase",1.561938685323,1.48278706657409
254296808,"YHR191C","CTF8","","dma2228","Vph1_R1_Plate06",4,15,346,19,"S/G2 phase",0.383741415180416,0.606504880042855
254296832,"YHR191C","CTF8","","dma2228","Vph1_R1_Plate06",4,15,346,43,"S/G2 phase",0.320357384824644,0.33860151701517
254296928,"YHR191C","CTF8","","dma2228","Vph1_R1_Plate06",4,15,346,146,"MA phase",1.31958798102152,1.93614360507856
254297086,"YHR191C","CTF8","","dma2228","Vph1_R1_Plate06",4,15,348,41,"T phase",0.838615044792426,1.591366395687
254297156,"YHR191C","CTF8","","dma2228","Vph1_R1_Plate06",4,15,348,112,"MA phase",1.94224286745763,2.20532156037756
254297221,"YHR191C","CTF8","","dma2228","Vph1_R1_Plate06",4,15,348,177,"S/G2 phase",0.331542801946251,0.506290062710466
254299820,"YHR189W","PTH1","","dma2229","Vph1_R1_Plate06",4,17,354,104,"S/G2 phase",1.40907131799437,1.71364759171659
254299865,"YHR189W","PTH1","","dma2229","Vph1_R1_Plate06",4,17,354,151,"MA-single",-0.585661402025507,-0.64625999862898
254300004,"YHR189W","PTH1","","dma2229","Vph1_R1_Plate06",4,17,355,48,"T phase",1.59922340906169,1.48430064489628
254300021,"YHR189W","PTH1","","dma2229","Vph1_R1_Plate06",4,17,355,66,"S/G2 phase",3.44854570650068,3.30967610145779
254300049,"YHR189W","PTH1","","dma2229","Vph1_R1_Plate06",4,17,355,97,"MA phase",2.79979151344749,2.44582118957191
254300052,"YHR189W","PTH1","","dma2229","Vph1_R1_Plate06",4,17,355,100,"S/G2 phase",3.27703597730271,2.24515256885626
254300135,"YHR189W","PTH1","","dma2229","Vph1_R1_Plate06",4,17,356,28,"MA phase",0.860985879035639,0.97741123099644
254300142,"YHR189W","PTH1","","dma2229","Vph1_R1_Plate06",4,17,356,35,"S/G2 phase",0.775231014436654,0.625783088146543
254300143,"YHR189W","PTH1","","dma2229","Vph1_R1_Plate06",4,17,356,36,"MA phase",2.4977852511641,2.05157386764981
254300145,"YHR189W","PTH1","","dma2229","Vph1_R1_Plate06",4,17,356,38,"T phase",0.417297666545236,1.07483787773532
254300170,"YHR189W","PTH1","","dma2229","Vph1_R1_Plate06",4,17,356,65,"S/G2 phase",1.6104088261833,1.17377810279639
254300173,"YHR189W","PTH1","","dma2229","Vph1_R1_Plate06",4,17,356,68,"T phase",3.78783669252275,3.3977026301957
254300186,"YHR189W","PTH1","","dma2229","Vph1_R1_Plate06",4,17,356,82,"T phase",1.85648800285865,1.6943693836129
254300238,"YHR189W","PTH1","","dma2229","Vph1_R1_Plate06",4,17,356,135,"S/G2 phase",0.532880310135173,1.00354037255846
254301369,"YHR185C","PFS1","","dma2230","Vph1_R1_Plate06",4,19,361,90,"T phase",3.04587069012284,2.54731059917562
254301456,"YHR185C","PFS1","","dma2230","Vph1_R1_Plate06",4,19,362,11,"S/G2 phase",2.34864635620934,1.37978407864819
254301469,"YHR185C","PFS1","","dma2230","Vph1_R1_Plate06",4,19,362,24,"G1 phase",0.0891920976447698,-0.06377133063658
254301483,"YHR185C","PFS1","","dma2230","Vph1_R1_Plate06",4,19,362,38,"S/G2 phase",3.1465394442173,3.31246427205129
254301510,"YHR185C","PFS1","","dma2230","Vph1_R1_Plate06",4,19,362,65,"S/G2 phase",-0.119602355291891,-0.256075439571708
254301531,"YHR185C","PFS1","","dma2230","Vph1_R1_Plate06",4,19,362,86,"S/G2 phase",1.05859491485069,1.03500686925663
254301547,"YHR185C","PFS1","","dma2230","Vph1_R1_Plate06",4,19,362,102,"MA phase",1.84530258573704,1.69030662074808
254301557,"YHR185C","PFS1","","dma2230","Vph1_R1_Plate06",4,19,362,112,"S/G2 phase",2.12493801377721,1.78088233402862
254301579,"YHR185C","PFS1","","dma2230","Vph1_R1_Plate06",4,19,362,134,"S/G2 phase",0.0481789015322115,-0.0404303596680669
254301593,"YHR185C","PFS1","","dma2230","Vph1_R1_Plate06",4,19,362,149,"S/G2 phase",0.00716570541965325,0.368793421442019
254301618,"YHR185C","PFS1","","dma2230","Vph1_R1_Plate06",4,19,363,15,"T phase",3.57158529483836,3.63668868106785
254301655,"YHR185C","PFS1","","dma2230","Vph1_R1_Plate06",4,19,363,52,"T phase",2.72895053834398,2.0061665179841
254301706,"YHR185C","PFS1","","dma2230","Vph1_R1_Plate06",4,19,363,105,"S/G2 phase",-0.104688465796415,-0.228671705738368
254301710,"YHR185C","PFS1","","dma2230","Vph1_R1_Plate06",4,19,363,109,"S/G2 phase",1.30467409152604,1.25065194916027
254301718,"YHR185C","PFS1","","dma2230","Vph1_R1_Plate06",4,19,363,117,"S/G2 phase",2.47914288929476,2.22459976848125
254301772,"YHR185C","PFS1","","dma2230","Vph1_R1_Plate06",4,19,363,172,"S/G2 phase",4.07865753768453,3.15999117159486
254301840,"YHR185C","PFS1","","dma2230","Vph1_R1_Plate06",4,19,364,33,"S/G2 phase",0.256973354468872,0.313985953775339
254304324,"YHR184W","SSP1","","dma2231","Vph1_R1_Plate06",4,21,369,14,"S/G2 phase",1.08096574909391,0.894961043445546
254304327,"YHR184W","SSP1","","dma2231","Vph1_R1_Plate06",4,21,369,17,"S/G2 phase",1.33823034289086,1.40870139080372
254304333,"YHR184W","SSP1","","dma2231","Vph1_R1_Plate06",4,21,369,23,"S/G2 phase",2.75877831733493,2.24794073944976
254304338,"YHR184W","SSP1","","dma2231","Vph1_R1_Plate06",4,21,369,28,"S/G2 phase",1.80056091725061,2.44988395243674
254304355,"YHR184W","SSP1","","dma2231","Vph1_R1_Plate06",4,21,369,45,"S/G2 phase",1.79683244487674,2.40320201049971
254304393,"YHR184W","SSP1","","dma2231","Vph1_R1_Plate06",4,21,369,83,"S/G2 phase",3.98171725596394,3.29876240513463
254304400,"YHR184W","SSP1","","dma2231","Vph1_R1_Plate06",4,21,369,90,"S/G2 phase",-0.358224587219502,-0.12288054721896
254304402,"YHR184W","SSP1","","dma2231","Vph1_R1_Plate06",4,21,369,92,"S/G2 phase",0.976568522625576,1.00760313542329
254304421,"YHR184W","SSP1","","dma2231","Vph1_R1_Plate06",4,21,369,111,"S/G2 phase",1.37178659425568,1.25065194916027
254304422,"YHR184W","SSP1","","dma2231","Vph1_R1_Plate06",4,21,369,112,"S/G2 phase",4.90264993230957,3.33453065074849
254304483,"YHR184W","SSP1","","dma2231","Vph1_R1_Plate06",4,21,369,175,"S/G2 phase",2.35983177333095,2.47043675281174
254304533,"YHR184W","SSP1","","dma2231","Vph1_R1_Plate06",4,21,369,226,"S/G2 phase",0.607449757612552,0.621481339230844
254304559,"YHR184W","SSP1","","dma2231","Vph1_R1_Plate06",4,21,369,253,"S/G2 phase",1.46126993122854,1.45259516214724
254304594,"YHR184W","SSP1","","dma2231","Vph1_R1_Plate06",4,21,369,289,"T phase",3.94443253222525,3.09403102155414
254304601,"YHR184W","SSP1","","dma2231","Vph1_R1_Plate06",4,21,369,296,"S/G2 phase",1.69989216315615,1.23009914878526
254304621,"YHR184W","SSP1","","dma2231","Vph1_R1_Plate06",4,21,369,316,"S/G2 phase",0.846071989540164,0.885321939393702
254304626,"YHR184W","SSP1","","dma2231","Vph1_R1_Plate06",4,21,369,321,"S/G2 phase",0.82370115529695,0.962195785757579
254304629,"YHR184W","SSP1","","dma2231","Vph1_R1_Plate06",4,21,369,324,"S/G2 phase",2.79979151344749,2.73555194524592
254304636,"YHR184W","SSP1","","dma2231","Vph1_R1_Plate06",4,21,369,331,"T phase",3.77665127540115,3.44565916440404
254304683,"YHR184W","SSP1","","dma2231","Vph1_R1_Plate06",4,21,370,5,"S/G2 phase",0.126476821383459,0.0722117323096749
254304686,"YHR184W","SSP1","","dma2231","Vph1_R1_Plate06",4,21,370,8,"S/G2 phase",0.424754611292974,0.948493918840908
254304697,"YHR184W","SSP1","","dma2231","Vph1_R1_Plate06",4,21,370,19,"T phase",4.86163673619701,3.67373151895303
254304703,"YHR184W","SSP1","","dma2231","Vph1_R1_Plate06",4,21,370,26,"T phase",3.15399638896503,2.98696527076342
254304724,"YHR184W","SSP1","","dma2231","Vph1_R1_Plate06",4,21,370,47,"T phase",1.2375615887964,1.54062169088515
254304742,"YHR184W","SSP1","","dma2231","Vph1_R1_Plate06",4,21,370,67,"S/G2 phase",2.90046026754195,2.75076739048478
254304762,"YHR184W","SSP1","","dma2231","Vph1_R1_Plate06",4,21,370,87,"S/G2 phase",0.536608782509042,1.17935444398341
254304778,"YHR184W","SSP1","","dma2231","Vph1_R1_Plate06",4,21,370,103,"S/G2 phase",1.07723727672004,1.47872430370926
254304798,"YHR184W","SSP1","","dma2231","Vph1_R1_Plate06",4,21,370,126,"S/G2 phase",2.95265888077611,2.44024484838489
254304830,"YHR184W","SSP1","","dma2231","Vph1_R1_Plate06",4,21,370,160,"S/G2 phase",3.96307489409459,3.59128133140214
254304833,"YHR184W","SSP1","","dma2231","Vph1_R1_Plate06",4,21,370,163,"S/G2 phase",3.07569846911379,3.61741047296416
254304895,"YHR184W","SSP1","","dma2231","Vph1_R1_Plate06",4,21,370,225,"S/G2 phase",0.883356713278853,0.827726301133515
254304903,"YHR184W","SSP1","","dma2231","Vph1_R1_Plate06",4,21,370,234,"S/G2 phase",2.27407690873197,3.04049814615878
254304921,"YHR184W","SSP1","","dma2231","Vph1_R1_Plate06",4,21,370,253,"S/G2 phase",2.0540970386737,2.12008320223316
254304934,"YHR184W","SSP1","","dma2231","Vph1_R1_Plate06",4,21,370,266,"S/G2 phase",3.21365194694694,2.69293276617372
254305010,"YHR184W","SSP1","","dma2231","Vph1_R1_Plate06",4,21,370,344,"MA phase",1.42771367986372,1.60506826260367
254305012,"YHR184W","SSP1","","dma2231","Vph1_R1_Plate06",4,21,370,346,"MA phase",2.76996373445653,2.85504497068199
254305019,"YHR184W","SSP1","","dma2231","Vph1_R1_Plate06",4,21,370,353,"T phase",4.59318672527844,4.19583637809173
254305020,"YHR184W","SSP1","","dma2231","Vph1_R1_Plate06",4,21,370,354,"S/G2 phase",2.20696440600233,2.30019902257381
254305025,"YHR184W","SSP1","","dma2231","Vph1_R1_Plate06",4,21,370,359,"S/G2 phase",0.924369909391411,1.31661209920098
254305035,"YHR184W","SSP1","","dma2231","Vph1_R1_Plate06",4,21,370,369,"T phase",1.6215942433049,1.59542915855183
254305054,"YHR184W","SSP1","","dma2231","Vph1_R1_Plate06",4,21,370,388,"S/G2 phase",0.145119183252804,0.3248996500985
254305063,"YHR184W","SSP1","","dma2231","Vph1_R1_Plate06",4,21,370,397,"T phase",2.14730884802042,3.0638391171273
254305065,"YHR184W","SSP1","","dma2231","Vph1_R1_Plate06",4,21,370,399,"S/G2 phase",1.30840256389991,0.967772126944597
254305114,"YHR184W","SSP1","","dma2231","Vph1_R1_Plate06",4,21,371,37,"S/G2 phase",1.36805812188181,0.827726301133515
254305126,"YHR184W","SSP1","","dma2231","Vph1_R1_Plate06",4,21,371,49,"S/G2 phase",1.16672061369289,1.82756427596565
254305148,"YHR184W","SSP1","","dma2231","Vph1_R1_Plate06",4,21,371,71,"S/G2 phase",-0.43652250707075,0.0295925532374743
254305177,"YHR184W","SSP1","","dma2231","Vph1_R1_Plate06",4,21,371,100,"S/G2 phase",1.96834217407471,1.72328669576843
254305198,"YHR184W","SSP1","","dma2231","Vph1_R1_Plate06",4,21,371,121,"S/G2 phase",0.991482412121052,1.42240325772039
254305210,"YHR184W","SSP1","","dma2231","Vph1_R1_Plate06",4,21,371,133,"T phase",2.99740054926254,2.82079030339032
254305224,"YHR184W","SSP1","","dma2231","Vph1_R1_Plate06",4,21,371,149,"S/G2 phase",1.75581924876418,1.85648158812118
254305265,"YHR184W","SSP1","","dma2231","Vph1_R1_Plate06",4,21,371,191,"S/G2 phase",0.54406572725678,0.822149959946498
254305267,"YHR184W","SSP1","","dma2231","Vph1_R1_Plate06",4,21,371,193,"T phase",2.33746093908774,2.27534447328311
254305280,"YHR184W","SSP1","","dma2231","Vph1_R1_Plate06",4,21,371,206,"T phase",2.41948733131285,2.48286402745709
254305284,"YHR184W","SSP1","","dma2231","Vph1_R1_Plate06",4,21,371,211,"S/G2 phase",0.853528934287902,1.44016788750189
254305285,"YHR184W","SSP1","","dma2231","Vph1_R1_Plate06",4,21,371,212,"S/G2 phase",0.271887243964348,0.188916587152244
254305299,"YHR184W","SSP1","","dma2231","Vph1_R1_Plate06",4,21,371,227,"S/G2 phase",2.03172620443048,2.1312358846072
254305303,"YHR184W","SSP1","","dma2231","Vph1_R1_Plate06",4,21,371,232,"S/G2 phase",1.03995255298135,1.08726515238067
254305353,"YHR184W","SSP1","","dma2231","Vph1_R1_Plate06",4,21,371,283,"MA phase",1.43144215223759,1.45132056987592
254305365,"YHR184W","SSP1","","dma2231","Vph1_R1_Plate06",4,21,371,295,"S/G2 phase",2.00189842543953,2.10510674304517
254305376,"YHR184W","SSP1","","dma2231","Vph1_R1_Plate06",4,21,371,306,"S/G2 phase",3.1465394442173,3.13943837121986
254305401,"YHR184W","SSP1","","dma2231","Vph1_R1_Plate06",4,21,371,331,"T phase",1.81547480674609,1.72049852517492
254305429,"YHR184W","SSP1","","dma2231","Vph1_R1_Plate06",4,21,372,19,"T phase",3.05705610724444,2.93343239536806
254305473,"YHR184W","SSP1","","dma2231","Vph1_R1_Plate06",4,21,372,64,"G1 phase",0.398655304675891,0.118893674246703
254305474,"YHR184W","SSP1","","dma2231","Vph1_R1_Plate06",4,21,372,65,"S/G2 phase",3.30313528391979,3.31246427205129
254305496,"YHR184W","SSP1","","dma2231","Vph1_R1_Plate06",4,21,372,87,"S/G2 phase",0.607449757612552,1.04337138103716
254305618,"YHR184W","SSP1","","dma2231","Vph1_R1_Plate06",4,21,372,212,"T phase",2.56116928151987,2.20125879751274
254305635,"YHR184W","SSP1","","dma2231","Vph1_R1_Plate06",4,21,372,229,"MA-single",-0.0301190183190361,0.23838669968278
254305642,"YHR184W","SSP1","","dma2231","Vph1_R1_Plate06",4,21,372,237,"S/G2 phase",-0.731071824606396,-0.664024628410475
254305673,"YHR184W","SSP1","","dma2231","Vph1_R1_Plate06",4,21,372,271,"T phase",4.25762421163024,3.36599714744666
254305675,"YHR184W","SSP1","","dma2231","Vph1_R1_Plate06",4,21,372,273,"S/G2 phase",0.957926160756232,0.705445105103928
254305773,"YHR184W","SSP1","","dma2231","Vph1_R1_Plate06",4,21,372,374,"S/G2 phase",0.391198359928154,0.68616689700024
254306513,"YHR182W","","","dma2232","Vph1_R1_Plate06",4,23,377,29,"S/G2 phase",0.723032401202489,0.864769139018698
254306587,"YHR182W","","","dma2232","Vph1_R1_Plate06",4,23,377,104,"G1 phase",0.812515738175343,0.533693796543805
254306607,"YHR182W","","","dma2232","Vph1_R1_Plate06",4,23,377,124,"S/G2 phase",-0.104688465796415,0.114830911381877
254306608,"YHR182W","","","dma2232","Vph1_R1_Plate06",4,23,377,125,"S/G2 phase",0.081735152897032,-0.0609831600430724
254306643,"YHR182W","","","dma2232","Vph1_R1_Plate06",4,23,377,162,"S/G2 phase",0.987753939747183,1.19026814030657
254306725,"YHR182W","","","dma2232","Vph1_R1_Plate06",4,23,377,245,"S/G2 phase",1.31585950864765,0.793232647790965
254306838,"YHR182W","","","dma2232","Vph1_R1_Plate06",4,23,378,42,"T phase",1.08096574909391,1.4855752371676
254306901,"YHR182W","","","dma2232","Vph1_R1_Plate06",4,23,378,106,"S/G2 phase",-0.447707924192357,-0.212181668228189
254306910,"YHR182W","","","dma2232","Vph1_R1_Plate06",4,23,378,115,"G1 phase",-0.999521835524959,-1.13387120442513
254306955,"YHR182W","","","dma2232","Vph1_R1_Plate06",4,23,378,164,"S/G2 phase",-0.272469722620517,-0.0500694637199106
254306961,"YHR182W","","","dma2232","Vph1_R1_Plate06",4,23,378,170,"S/G2 phase",2.870632488551,2.35652006856268
254306977,"YHR182W","","","dma2232","Vph1_R1_Plate06",4,23,378,186,"S/G2 phase",1.62905118805264,1.43204236177223
254307037,"YHR182W","","","dma2232","Vph1_R1_Plate06",4,23,379,9,"MA-single",-1.05917739350686,-1.01844094185388
254307060,"YHR182W","","","dma2232","Vph1_R1_Plate06",4,23,379,32,"MA-single",-0.719886407484789,-0.795944928491906
254307109,"YHR182W","","","dma2232","Vph1_R1_Plate06",4,23,379,83,"T phase",3.70208182792377,3.2726332635726
254307131,"YHR182W","","","dma2232","Vph1_R1_Plate06",4,23,379,105,"S/G2 phase",0.764045597315047,0.882533768800194
254307231,"YHR182W","","","dma2232","Vph1_R1_Plate06",4,23,379,207,"S/G2 phase",3.13162555472182,2.59956888229966
254307250,"YHR182W","","","dma2232","Vph1_R1_Plate06",4,23,379,226,"S/G2 phase",2.13612343089882,1.71085942112308
254307300,"YHR182W","","","dma2232","Vph1_R1_Plate06",4,23,379,277,"T phase",1.01758171873813,1.77275680829897
254307358,"YHR182W","","","dma2232","Vph1_R1_Plate06",4,23,380,8,"T phase",3.55667140534288,2.606419815758
254307369,"YHR182W","","","dma2232","Vph1_R1_Plate06",4,23,380,19,"S/G2 phase",-0.141973189535104,0.334538754150343
254307405,"YHR182W","","","dma2232","Vph1_R1_Plate06",4,23,380,55,"S/G2 phase",0.641006008977372,0.662825926031726
254307420,"YHR182W","","","dma2232","Vph1_R1_Plate06",4,23,380,71,"S/G2 phase",1.49482618259336,1.06950052259918
254307477,"YHR182W","","","dma2232","Vph1_R1_Plate06",4,23,380,130,"T phase",2.14358037564655,2.05157386764981
254307643,"YHR182W","","","dma2232","Vph1_R1_Plate06",4,23,380,301,"S/G2 phase",1.61413729855716,1.64362467881105
254307645,"YHR182W","","","dma2232","Vph1_R1_Plate06",4,23,380,303,"S/G2 phase",1.68870674603454,1.61877012952034
254307647,"YHR182W","","","dma2232","Vph1_R1_Plate06",4,23,380,305,"S/G2 phase",0.365099053311071,0.301558679129986
254309148,"YIL042C","PKP1","","dma2273","Vph1_R1_Plate06",12,9,1089,18,"S/G2 phase",1.5022831273411,1.66696564977956
254309162,"YIL042C","PKP1","","dma2273","Vph1_R1_Plate06",12,9,1089,34,"S/G2 phase",1.21146228217932,1.77681957116379
254309167,"YIL042C","PKP1","","dma2273","Vph1_R1_Plate06",12,9,1089,39,"S/G2 phase",1.23383311642253,1.32903937384634
254309220,"YIL042C","PKP1","","dma2273","Vph1_R1_Plate06",12,9,1089,92,"S/G2 phase",3.06451305199218,2.41690387741638
254309258,"YIL042C","PKP1","","dma2273","Vph1_R1_Plate06",12,9,1089,131,"S/G2 phase",-0.0823176315532012,0.0694235617161667
254309274,"YIL042C","PKP1","","dma2273","Vph1_R1_Plate06",12,9,1089,148,"MA-single",-0.220271109386352,-0.175138830343005
254309398,"YIL042C","PKP1","","dma2273","Vph1_R1_Plate06",12,9,1089,278,"S/G2 phase",1.25247547829188,1.71364759171659
254309408,"YIL042C","PKP1","","dma2273","Vph1_R1_Plate06",12,9,1089,288,"T phase",2.04664009392596,3.65166514025584
254309415,"YIL042C","PKP1","","dma2273","Vph1_R1_Plate06",12,9,1090,1,"MA-single",-1.28661420831287,-1.52254218516021
254309458,"YIL042C","PKP1","","dma2273","Vph1_R1_Plate06",12,9,1090,45,"T phase",4.86909368094474,3.28227236762444
254309471,"YIL042C","PKP1","","dma2273","Vph1_R1_Plate06",12,9,1090,59,"S/G2 phase",-0.197900275143138,-0.0226657298865701
254309492,"YIL042C","PKP1","","dma2273","Vph1_R1_Plate06",12,9,1090,80,"S/G2 phase",-0.0599467973099876,0.00346341167545179
254309528,"YIL042C","PKP1","","dma2273","Vph1_R1_Plate06",12,9,1090,117,"G1 phase",-0.488721120304915,-0.537680669516064
254309558,"YIL042C","PKP1","","dma2273","Vph1_R1_Plate06",12,9,1090,147,"S/G2 phase",-0.414151672827536,-0.420975814673494
254309576,"YIL042C","PKP1","","dma2273","Vph1_R1_Plate06",12,9,1090,166,"S/G2 phase",1.0101247739904,0.93479205192424
254309577,"YIL042C","PKP1","","dma2273","Vph1_R1_Plate06",12,9,1090,168,"S/G2 phase",1.25620395066575,1.35644310767967
254309582,"YIL042C","PKP1","","dma2273","Vph1_R1_Plate06",12,9,1090,173,"MA phase",-0.0524898525622497,0.039231657289318
254309654,"YIL042C","PKP1","","dma2273","Vph1_R1_Plate06",12,9,1091,2,"S/G2 phase",1.03622408060748,1.00481496482978
254309672,"YIL042C","PKP1","","dma2273","Vph1_R1_Plate06",12,9,1091,21,"S/G2 phase",0.834886572418557,0.591289434803995
254309715,"YIL042C","PKP1","","dma2273","Vph1_R1_Plate06",12,9,1091,64,"S/G2 phase",2.1137525966556,1.57487635817683
254309731,"YIL042C","PKP1","","dma2273","Vph1_R1_Plate06",12,9,1091,83,"S/G2 phase",1.98698453594406,2.7299756040589
254309766,"YIL042C","PKP1","","dma2273","Vph1_R1_Plate06",12,9,1091,118,"S/G2 phase",1.09215116621551,1.0103913060168
254309805,"YIL042C","PKP1","","dma2273","Vph1_R1_Plate06",12,9,1091,159,"S/G2 phase",5.12262980236783,3.73284073553541
254309829,"YIL042C","PKP1","","dma2273","Vph1_R1_Plate06",12,9,1091,185,"S/G2 phase",-0.0860461039270701,-0.100814168521765
254309840,"YIL042C","PKP1","","dma2273","Vph1_R1_Plate06",12,9,1091,196,"S/G2 phase",0.875899768531115,0.742487942989111
254309853,"YIL042C","PKP1","","dma2273","Vph1_R1_Plate06",12,9,1091,210,"S/G2 phase",0.842343517166295,0.769891676822452
254309869,"YIL042C","PKP1","","dma2273","Vph1_R1_Plate06",12,9,1091,227,"S/G2 phase",0.782687959184392,1.51170437872962
254309957,"YIL042C","PKP1","","dma2273","Vph1_R1_Plate06",12,9,1092,68,"G1 phase",0.212231685982445,0.322111479504991
254309961,"YIL042C","PKP1","","dma2273","Vph1_R1_Plate06",12,9,1092,73,"S/G2 phase",2.05782551104757,2.08582853494149
254309977,"YIL042C","PKP1","","dma2273","Vph1_R1_Plate06",12,9,1092,89,"S/G2 phase",2.35610330095708,2.99230262589957
254310019,"YIL042C","PKP1","","dma2273","Vph1_R1_Plate06",12,9,1092,134,"G1 phase",-0.0487613801883808,-0.176413422614323
254310024,"YIL042C","PKP1","","dma2273","Vph1_R1_Plate06",12,9,1092,139,"S/G2 phase",-0.470078758435571,-0.589938952640109
254310118,"YIL042C","PKP1","","dma2273","Vph1_R1_Plate06",12,9,1092,235,"S/G2 phase",-0.168072496152187,-0.132519651270804
254310141,"YIL042C","PKP1","","dma2273","Vph1_R1_Plate06",12,9,1092,258,"S/G2 phase",3.24347972593789,3.00066713768009
254310152,"YIL042C","PKP1","","dma2273","Vph1_R1_Plate06",12,9,1092,269,"S/G2 phase",-0.50736348217426,-0.305545552102244
254310176,"YIL042C","PKP1","","dma2273","Vph1_R1_Plate06",12,9,1092,293,"G1 phase",-0.343310697724027,-0.385207569059629
254313149,"YIL041W","GVP36","","dma2274","Vph1_R1_Plate06",12,11,1097,17,"S/G2 phase",0.573893506247731,1.52261807505278
254313153,"YIL041W","GVP36","","dma2274","Vph1_R1_Plate06",12,11,1097,21,"S/G2 phase",1.58430951956621,2.08025219375447
254313159,"YIL041W","GVP36","","dma2274","Vph1_R1_Plate06",12,11,1097,27,"S/G2 phase",2.69912275935302,2.10359316472299
254313204,"YIL041W","GVP36","","dma2274","Vph1_R1_Plate06",12,11,1097,73,"T phase",2.54252691965053,3.26705692238559
254313211,"YIL041W","GVP36","","dma2274","Vph1_R1_Plate06",12,11,1097,81,"S/G2 phase",2.65065261849273,2.25072891004327
254313213,"YIL041W","GVP36","","dma2274","Vph1_R1_Plate06",12,11,1097,83,"S/G2 phase",0.92809838176528,1.61749553724902
254313252,"YIL041W","GVP36","","dma2274","Vph1_R1_Plate06",12,11,1097,124,"S/G2 phase",1.46872687597628,1.41682691653337
254313314,"YIL041W","GVP36","","dma2274","Vph1_R1_Plate06",12,11,1097,189,"T phase",1.19654839268384,1.24380101570193
254313337,"YIL041W","GVP36","","dma2274","Vph1_R1_Plate06",12,11,1097,217,"S/G2 phase",1.55075326820139,1.36608221173152
254313350,"YIL041W","GVP36","","dma2274","Vph1_R1_Plate06",12,11,1097,232,"MA phase",1.65142202229585,1.7369885626851
254313405,"YIL041W","GVP36","","dma2274","Vph1_R1_Plate06",12,11,1097,288,"S/G2 phase",-0.0524898525622497,0.279492300432791
254313408,"YIL041W","GVP36","","dma2274","Vph1_R1_Plate06",12,11,1097,291,"T phase",2.90046026754195,1.94705730140173
254313431,"YIL041W","GVP36","","dma2274","Vph1_R1_Plate06",12,11,1097,315,"S/G2 phase",2.29271927060131,2.43060574433305
254313444,"YIL041W","GVP36","","dma2274","Vph1_R1_Plate06",12,11,1097,328,"S/G2 phase",1.32704492576926,1.11466888621401
254313472,"YIL041W","GVP36","","dma2274","Vph1_R1_Plate06",12,11,1097,357,"S/G2 phase",2.33373246671387,2.48692679032192
254313478,"YIL041W","GVP36","","dma2274","Vph1_R1_Plate06",12,11,1098,5,"S/G2 phase",2.15476579276816,1.91280263411005
254313519,"YIL041W","GVP36","","dma2274","Vph1_R1_Plate06",12,11,1098,46,"MA-single",-0.697515573241575,-0.795944928491906
254313544,"YIL041W","GVP36","","dma2274","Vph1_R1_Plate06",12,11,1098,72,"T phase",6.96449515505909,5.62266276381545
254313569,"YIL041W","GVP36","","dma2274","Vph1_R1_Plate06",12,11,1098,97,"T phase",3.36651931427556,3.0843919175023
254313598,"YIL041W","GVP36","","dma2274","Vph1_R1_Plate06",12,11,1098,127,"S/G2 phase",1.57312410244461,1.46908519965742
254313601,"YIL041W","GVP36","","dma2274","Vph1_R1_Plate06",12,11,1098,130,"S/G2 phase",1.01385324636427,1.62155830011385
254313606,"YIL041W","GVP36","","dma2274","Vph1_R1_Plate06",12,11,1098,135,"S/G2 phase",2.05036856629983,2.49656589437376
254313611,"YIL041W","GVP36","","dma2274","Vph1_R1_Plate06",12,11,1098,140,"T phase",1.47618382072401,1.83441520942398
254313612,"YIL041W","GVP36","","dma2274","Vph1_R1_Plate06",12,11,1098,141,"S/G2 phase",1.0101247739904,1.14764896123437
254313617,"YIL041W","GVP36","","dma2274","Vph1_R1_Plate06",12,11,1098,146,"S/G2 phase",0.0630927910276873,-0.0830495387402681
254313621,"YIL041W","GVP36","","dma2274","Vph1_R1_Plate06",12,11,1098,150,"S/G2 phase",0.338999746693989,0.169638379048557
254313650,"YIL041W","GVP36","","dma2274","Vph1_R1_Plate06",12,11,1098,180,"T phase",4.46269019219303,4.04463786990662
254313669,"YIL041W","GVP36","","dma2274","Vph1_R1_Plate06",12,11,1098,199,"T phase",4.12339920617096,2.46764858221823
254313679,"YIL041W","GVP36","","dma2274","Vph1_R1_Plate06",12,11,1098,209,"S/G2 phase",0.715575456454751,0.848279101508519
254313680,"YIL041W","GVP36","","dma2274","Vph1_R1_Plate06",12,11,1098,210,"S/G2 phase",1.021310191112,1.05022231449549
254313838,"YIL041W","GVP36","","dma2274","Vph1_R1_Plate06",12,11,1098,375,"MA-single",-0.175529440899925,-0.109178680302291
254313888,"YIL041W","GVP36","","dma2274","Vph1_R1_Plate06",12,11,1099,50,"S/G2 phase",0.0108941777935222,-0.179201593207832
254313953,"YIL041W","GVP36","","dma2274","Vph1_R1_Plate06",12,11,1099,115,"S/G2 phase",2.03545467680435,2.44709578184323
254313977,"YIL041W","GVP36","","dma2274","Vph1_R1_Plate06",12,11,1099,139,"MA phase",1.45754145885467,1.76996863770546
254314010,"YIL041W","GVP36","","dma2274","Vph1_R1_Plate06",12,11,1099,174,"MA phase",1.91241508846668,1.84963065466284
254314035,"YIL041W","GVP36","","dma2274","Vph1_R1_Plate06",12,11,1099,199,"S/G2 phase",0.730489345950227,0.559822938105828
254314036,"YIL041W","GVP36","","dma2274","Vph1_R1_Plate06",12,11,1099,200,"S/G2 phase",-0.112145410544153,-0.175138830343005
254314038,"YIL041W","GVP36","","dma2274","Vph1_R1_Plate06",12,11,1099,202,"MA-single",-0.320939863480813,-0.444316785642008
254314101,"YIL041W","GVP36","","dma2274","Vph1_R1_Plate06",12,11,1099,267,"S/G2 phase",0.976568522625576,1.4251914283139
254314140,"YIL041W","GVP36","","dma2274","Vph1_R1_Plate06",12,11,1099,308,"G1 phase",0.268158771590479,0.10646639960135
254314145,"YIL041W","GVP36","","dma2274","Vph1_R1_Plate06",12,11,1099,313,"S/G2 phase",2.25916301923649,1.9856137176091
254314159,"YIL041W","GVP36","","dma2274","Vph1_R1_Plate06",12,11,1099,329,"S/G2 phase",1.42771367986372,0.892172872852037
254314176,"YIL041W","GVP36","","dma2274","Vph1_R1_Plate06",12,11,1100,4,"S/G2 phase",0.96538310550397,1.48278706657409
254314178,"YIL041W","GVP36","","dma2274","Vph1_R1_Plate06",12,11,1100,6,"S/G2 phase",0.491867114022615,0.819361789352988
254314184,"YIL041W","GVP36","","dma2274","Vph1_R1_Plate06",12,11,1100,12,"T phase",3.55294293296901,3.0034553082736
254314245,"YIL041W","GVP36","","dma2274","Vph1_R1_Plate06",12,11,1100,73,"S/G2 phase",3.18382416795599,2.61327074921633
254314250,"YIL041W","GVP36","","dma2274","Vph1_R1_Plate06",12,11,1100,79,"S/G2 phase",2.6655665079882,2.01859379262946
254314257,"YIL041W","GVP36","","dma2274","Vph1_R1_Plate06",12,11,1100,87,"S/G2 phase",1.24874700591801,1.02409317293347
254314276,"YIL041W","GVP36","","dma2274","Vph1_R1_Plate06",12,11,1100,106,"S/G2 phase",1.20400533743158,1.2973338910973
254314284,"YIL041W","GVP36","","dma2274","Vph1_R1_Plate06",12,11,1100,114,"S/G2 phase",1.47991229309788,1.39906228675188
254314316,"YIL041W","GVP36","","dma2274","Vph1_R1_Plate06",12,11,1100,147,"S/G2 phase",2.05782551104757,2.68887000330889
254314324,"YIL041W","GVP36","","dma2274","Vph1_R1_Plate06",12,11,1100,156,"MA phase",1.17044908606676,1.56930001698981
254314333,"YIL041W","GVP36","","dma2274","Vph1_R1_Plate06",12,11,1100,165,"S/G2 phase",0.421026138919105,0.838639997456675
254314342,"YIL041W","GVP36","","dma2274","Vph1_R1_Plate06",12,11,1100,174,"S/G2 phase",0.465767807405532,0.761766151092799
254314349,"YIL041W","GVP36","","dma2274","Vph1_R1_Plate06",12,11,1100,181,"S/G2 phase",1.8975011989712,2.38543738071821
254314371,"YIL041W","GVP36","","dma2274","Vph1_R1_Plate06",12,11,1100,204,"S/G2 phase",2.14358037564655,1.88388532195452
254314388,"YIL041W","GVP36","","dma2274","Vph1_R1_Plate06",12,11,1100,221,"S/G2 phase",2.32254704959226,1.95948457604708
254314398,"YIL041W","GVP36","","dma2274","Vph1_R1_Plate06",12,11,1100,232,"T phase",1.41652826274211,1.19711907376491
254314419,"YIL041W","GVP36","","dma2274","Vph1_R1_Plate06",12,11,1100,254,"S/G2 phase",0.174946962243755,0.13817188235039
254314427,"YIL041W","GVP36","","dma2274","Vph1_R1_Plate06",12,11,1100,263,"MA phase",1.55448174057526,1.79330960867397
254314455,"YIL041W","GVP36","","dma2274","Vph1_R1_Plate06",12,11,1100,293,"S/G2 phase",0.0891920976447698,0.0255297903726475
254314459,"YIL041W","GVP36","","dma2274","Vph1_R1_Plate06",12,11,1100,297,"MA phase",1.18163450318837,1.91965356756838
254314465,"YIL041W","GVP36","","dma2274","Vph1_R1_Plate06",12,11,1100,303,"S/G2 phase",1.38670048375116,1.09690425643252
254314483,"YIL041W","GVP36","","dma2274","Vph1_R1_Plate06",12,11,1100,321,"S/G2 phase",2.79233456869975,2.12287137282668
254314531,"YIL041W","GVP36","","dma2274","Vph1_R1_Plate06",12,11,1100,370,"S/G2 phase",2.65810956324047,2.45673488589507
254314544,"YIL041W","GVP36","","dma2274","Vph1_R1_Plate06",12,11,1100,385,"S/G2 phase",2.07646787291691,1.6339855747592
254317607,"YIL040W","APQ12","","dma2275","Vph1_R1_Plate06",12,13,1105,41,"S/G2 phase",1.8378456409893,1.68751845015457
254317619,"YIL040W","APQ12","","dma2275","Vph1_R1_Plate06",12,13,1105,53,"S/G2 phase",0.905727547522067,1.05428507736032
254317627,"YIL040W","APQ12","","dma2275","Vph1_R1_Plate06",12,13,1105,61,"S/G2 phase",2.02054078730888,2.64346265364318
254317628,"YIL040W","APQ12","","dma2275","Vph1_R1_Plate06",12,13,1105,62,"T phase",2.18459357175911,2.34688096451084
254317635,"YIL040W","APQ12","","dma2275","Vph1_R1_Plate06",12,13,1105,69,"S/G2 phase",0.939283798886887,1.53783352029164
254317643,"YIL040W","APQ12","","dma2275","Vph1_R1_Plate06",12,13,1105,79,"S/G2 phase",2.51642761303345,3.20539852126057
254317661,"YIL040W","APQ12","","dma2275","Vph1_R1_Plate06",12,13,1105,98,"S/G2 phase",0.268158771590479,0.467733646503091
254317752,"YIL040W","APQ12","","dma2275","Vph1_R1_Plate06",12,13,1105,204,"S/G2 phase",2.27407690873197,1.97039827237024
254317881,"YIL040W","APQ12","","dma2275","Vph1_R1_Plate06",12,13,1106,107,"T phase",2.53506997490279,2.66401545401819
254317912,"YIL040W","APQ12","","dma2275","Vph1_R1_Plate06",12,13,1106,140,"S/G2 phase",-0.432794034696881,0.287856812213316
254317996,"YIL040W","APQ12","","dma2275","Vph1_R1_Plate06",12,13,1106,226,"S/G2 phase",-0.100959993422546,-0.239585402061529
254318051,"YIL040W","APQ12","","dma2275","Vph1_R1_Plate06",12,13,1107,14,"MA phase",0.652191426098979,1.04337138103716
254318056,"YIL040W","APQ12","","dma2275","Vph1_R1_Plate06",12,13,1107,19,"S/G2 phase",0.924369909391411,0.752127047040956
254318160,"YIL040W","APQ12","","dma2275","Vph1_R1_Plate06",12,13,1107,133,"S/G2 phase",-0.0599467973099876,0.268578604109629
254318206,"YIL040W","APQ12","","dma2275","Vph1_R1_Plate06",12,13,1107,187,"S/G2 phase",3.82139294388757,2.43618208552006
254318216,"YIL040W","APQ12","","dma2275","Vph1_R1_Plate06",12,13,1107,197,"S/G2 phase",-0.514820426921998,-0.312396485560579
254318227,"YIL040W","APQ12","","dma2275","Vph1_R1_Plate06",12,13,1107,208,"MA-single",-0.484992647931046,-0.452442311371662
254318245,"YIL040W","APQ12","","dma2275","Vph1_R1_Plate06",12,13,1108,12,"S/G2 phase",1.45754145885467,1.47872430370926
254318249,"YIL040W","APQ12","","dma2275","Vph1_R1_Plate06",12,13,1108,16,"MA-single",-0.376866949088847,-0.407273947756825
254318279,"YIL040W","APQ12","","dma2275","Vph1_R1_Plate06",12,13,1108,49,"S/G2 phase",2.68048039748368,2.59956888229966
254318304,"YIL040W","APQ12","","dma2275","Vph1_R1_Plate06",12,13,1108,77,"S/G2 phase",0.454582390283925,0.260453078379976
254318309,"YIL040W","APQ12","","dma2275","Vph1_R1_Plate06",12,13,1108,82,"S/G2 phase",-0.731071824606396,-0.500637831630879
254318315,"YIL040W","APQ12","","dma2275","Vph1_R1_Plate06",12,13,1108,89,"T phase",5.17109994322813,3.82899279000298
254318427,"YIL040W","APQ12","","dma2275","Vph1_R1_Plate06",12,13,1108,219,"T phase",0.245787937347265,0.423839875159572
254322050,"YIL039W","TED1","","dma2276","Vph1_R1_Plate06",12,15,1113,23,"S/G2 phase",1.61413729855716,1.33031396611765
254322055,"YIL039W","TED1","","dma2276","Vph1_R1_Plate06",12,15,1113,28,"S/G2 phase",1.21519075455319,1.78088233402862
254322067,"YIL039W","TED1","","dma2276","Vph1_R1_Plate06",12,15,1113,41,"S/G2 phase",1.68124980128681,2.00895468857761
254322105,"YIL039W","TED1","","dma2276","Vph1_R1_Plate06",12,15,1113,80,"S/G2 phase",0.786416431558261,0.703931526781737
254322117,"YIL039W","TED1","","dma2276","Vph1_R1_Plate06",12,15,1113,92,"MA phase",1.39042895612503,1.41148956139723
254322144,"YIL039W","TED1","","dma2276","Vph1_R1_Plate06",12,15,1113,119,"S/G2 phase",4.23525337738702,4.44015978410003
254322158,"YIL039W","TED1","","dma2276","Vph1_R1_Plate06",12,15,1113,135,"S/G2 phase",1.74836230401645,1.6339855747592
254322254,"YIL039W","TED1","","dma2276","Vph1_R1_Plate06",12,15,1113,239,"S/G2 phase",1.45754145885467,1.50485344527128
254322288,"YIL039W","TED1","","dma2276","Vph1_R1_Plate06",12,15,1114,1,"MA phase",1.0101247739904,1.41834049485556
254322291,"YIL039W","TED1","","dma2276","Vph1_R1_Plate06",12,15,1114,4,"S/G2 phase",0.875899768531115,0.460882713044756
254322299,"YIL039W","TED1","","dma2276","Vph1_R1_Plate06",12,15,1114,12,"S/G2 phase",1.97579911882245,1.69030662074808
254322304,"YIL039W","TED1","","dma2276","Vph1_R1_Plate06",12,15,1114,17,"S/G2 phase",1.70362063553002,2.14621234379518
254322323,"YIL039W","TED1","","dma2276","Vph1_R1_Plate06",12,15,1114,36,"MA phase",2.06528245579531,1.50891620813611
254322327,"YIL039W","TED1","","dma2276","Vph1_R1_Plate06",12,15,1114,40,"S/G2 phase",0.0593643186538184,0.245237633141115
254322350,"YIL039W","TED1","","dma2276","Vph1_R1_Plate06",12,15,1114,63,"S/G2 phase",2.8221623476907,2.8578331412755
254322351,"YIL039W","TED1","","dma2276","Vph1_R1_Plate06",12,15,1114,64,"S/G2 phase",1.90122967134507,1.89352442600636
254322400,"YIL039W","TED1","","dma2276","Vph1_R1_Plate06",12,15,1114,114,"S/G2 phase",0.562708089126125,0.416988941701237
254322412,"YIL039W","TED1","","dma2276","Vph1_R1_Plate06",12,15,1114,126,"G1 phase",0.1935893241131,0.0268043826439655
254322435,"YIL039W","TED1","","dma2276","Vph1_R1_Plate06",12,15,1114,150,"S/G2 phase",2.16595120988977,2.32760275640715
254322447,"YIL039W","TED1","","dma2276","Vph1_R1_Plate06",12,15,1114,163,"S/G2 phase",1.1779060308145,1.17784086566122
254322471,"YIL039W","TED1","","dma2276","Vph1_R1_Plate06",12,15,1114,187,"MA phase",1.62905118805264,1.47314796252225
254322522,"YIL039W","TED1","","dma2276","Vph1_R1_Plate06",12,15,1114,239,"S/G2 phase",-0.570747512530032,-0.570660744536421
254322562,"YIL039W","TED1","","dma2276","Vph1_R1_Plate06",12,15,1115,30,"S/G2 phase",1.76700466588579,2.01301745144244
254322577,"YIL039W","TED1","","dma2276","Vph1_R1_Plate06",12,15,1115,46,"S/G2 phase",1.28230325728283,1.32903937384634
254322590,"YIL039W","TED1","","dma2276","Vph1_R1_Plate06",12,15,1115,59,"S/G2 phase",0.510509475891959,0.254876737192958
254322599,"YIL039W","TED1","","dma2276","Vph1_R1_Plate06",12,15,1115,70,"S/G2 phase",0.562708089126125,0.871620072477033
254322604,"YIL039W","TED1","","dma2276","Vph1_R1_Plate06",12,15,1115,75,"S/G2 phase",-0.033847490692905,0.52963103367898
254322635,"YIL039W","TED1","","dma2276","Vph1_R1_Plate06",12,15,1115,106,"S/G2 phase",0.864714351409508,0.646335888521548
254322642,"YIL039W","TED1","","dma2276","Vph1_R1_Plate06",12,15,1115,113,"MA-single",-0.145701661908973,-0.0761986052819331
254322664,"YIL039W","TED1","","dma2276","Vph1_R1_Plate06",12,15,1115,136,"S/G2 phase",0.383741415180416,0.491074617471605
254322705,"YIL039W","TED1","","dma2276","Vph1_R1_Plate06",12,15,1115,178,"S/G2 phase",0.96538310550397,1.06950052259918
254322718,"YIL039W","TED1","","dma2276","Vph1_R1_Plate06",12,15,1115,191,"S/G2 phase",1.01385324636427,1.0956296641612
254322726,"YIL039W","TED1","","dma2276","Vph1_R1_Plate06",12,15,1115,199,"G1 phase",0.167490017496017,0.133870133434691
254322761,"YIL039W","TED1","","dma2276","Vph1_R1_Plate06",12,15,1115,237,"S/G2 phase",2.01681231493501,1.64768744167587
254322814,"YIL039W","TED1","","dma2276","Vph1_R1_Plate06",12,15,1116,29,"S/G2 phase",0.417297666545236,0.617418576366017
254322869,"YIL039W","TED1","","dma2276","Vph1_R1_Plate06",12,15,1116,85,"S/G2 phase",1.30840256389991,1.16007623587972
254322881,"YIL039W","TED1","","dma2276","Vph1_R1_Plate06",12,15,1116,97,"MA-single",-1.25678642932192,-1.32059897217324
254322911,"YIL039W","TED1","","dma2276","Vph1_R1_Plate06",12,15,1116,129,"MA-single",-0.421608617575274,-0.385207569059629
254322990,"YIL039W","TED1","","dma2276","Vph1_R1_Plate06",12,15,1116,211,"T phase",2.81470540294296,2.23551346480442
254323001,"YIL039W","TED1","","dma2276","Vph1_R1_Plate06",12,15,1116,222,"S/G2 phase",1.08842269384164,1.24252642343062
254323013,"YIL039W","TED1","","dma2276","Vph1_R1_Plate06",12,15,1116,235,"S/G2 phase",1.40907131799437,1.42797959890741
254323056,"YIL039W","TED1","","dma2276","Vph1_R1_Plate06",12,15,1116,278,"G1 phase",-0.1904433303954,-0.0858377093337763
254326055,"YIL038C","NOT3","","dma2277","Vph1_R1_Plate06",12,17,1121,3,"MA-single",-0.440250979444619,-0.306820144373561
254326068,"YIL038C","NOT3","","dma2277","Vph1_R1_Plate06",12,17,1121,16,"MA-single",-1.30898504255608,-1.48956211013986
254326298,"YIL038C","NOT3","","dma2277","Vph1_R1_Plate06",12,17,1121,251,"S/G2 phase",0.506781003518091,0.316774124368848
254326299,"YIL038C","NOT3","","dma2277","Vph1_R1_Plate06",12,17,1121,252,"T phase",3.06451305199218,3.76709540282709
254326315,"YIL038C","NOT3","","dma2277","Vph1_R1_Plate06",12,17,1121,268,"S/G2 phase",0.167490017496017,0.480160921148443
254326316,"YIL038C","NOT3","","dma2277","Vph1_R1_Plate06",12,17,1121,269,"T phase",4.04510128631971,3.29597423454111
254326408,"YIL038C","NOT3","","dma2277","Vph1_R1_Plate06",12,17,1122,5,"S/G2 phase",1.20773380980545,1.23567548997228
254326432,"YIL038C","NOT3","","dma2277","Vph1_R1_Plate06",12,17,1122,29,"S/G2 phase",1.21519075455319,1.63804833762403
254326495,"YIL038C","NOT3","","dma2277","Vph1_R1_Plate06",12,17,1122,93,"MA-single",-0.127059300039628,-0.153072451645809
254326573,"YIL038C","NOT3","","dma2277","Vph1_R1_Plate06",12,17,1122,172,"S/G2 phase",1.62905118805264,1.87424621790268
254326584,"YIL038C","NOT3","","dma2277","Vph1_R1_Plate06",12,17,1122,184,"S/G2 phase",1.49109771021949,1.17377810279639
254326586,"YIL038C","NOT3","","dma2277","Vph1_R1_Plate06",12,17,1122,186,"S/G2 phase",0.380012942806547,0.281005878754981
254326595,"YIL038C","NOT3","","dma2277","Vph1_R1_Plate06",12,17,1122,195,"S/G2 phase",0.215960158356314,0.815299026488161
254326621,"YIL038C","NOT3","","dma2277","Vph1_R1_Plate06",12,17,1122,222,"S/G2 phase",0.741674763071833,1.06671235200567
254326625,"YIL038C","NOT3","","dma2277","Vph1_R1_Plate06",12,17,1122,226,"MA-single",-1.29779962543447,-1.31932437990192
254326646,"YIL038C","NOT3","","dma2277","Vph1_R1_Plate06",12,17,1122,247,"G1 phase",-0.988336418403352,-0.776666720388218
254326665,"YIL038C","NOT3","","dma2277","Vph1_R1_Plate06",12,17,1122,267,"S/G2 phase",0.898270602774329,1.25065194916027
254326671,"YIL038C","NOT3","","dma2277","Vph1_R1_Plate06",12,17,1122,274,"S/G2 phase",1.1779060308145,1.41682691653337
254326764,"YIL038C","NOT3","","dma2277","Vph1_R1_Plate06",12,17,1123,57,"S/G2 phase",0.189860851739231,0.258939500057785
254326772,"YIL038C","NOT3","","dma2277","Vph1_R1_Plate06",12,17,1123,65,"T phase",1.74463383164258,2.06527573456648
254326843,"YIL038C","NOT3","","dma2277","Vph1_R1_Plate06",12,17,1123,137,"T phase",4.80570965058897,5.05411494879059
254326885,"YIL038C","NOT3","","dma2277","Vph1_R1_Plate06",12,17,1123,180,"T phase",3.66852557655895,4.46907709625556
254326894,"YIL038C","NOT3","","dma2277","Vph1_R1_Plate06",12,17,1123,189,"MA-single",-1.46558088225858,-1.72448539814718
254327147,"YIL038C","NOT3","","dma2277","Vph1_R1_Plate06",12,17,1124,145,"S/G2 phase",0.969111577877838,1.26993015726396
254327149,"YIL038C","NOT3","","dma2277","Vph1_R1_Plate06",12,17,1124,147,"S/G2 phase",2.99367207688867,2.97047523325324
254327195,"YIL038C","NOT3","","dma2277","Vph1_R1_Plate06",12,17,1124,194,"S/G2 phase",0.767774069688916,1.06113601081865
254327218,"YIL038C","NOT3","","dma2277","Vph1_R1_Plate06",12,17,1124,217,"T phase",2.53879844727666,2.12844771401369
254327281,"YIL038C","NOT3","","dma2277","Vph1_R1_Plate06",12,17,1124,282,"G1 phase",-0.0450329078145118,0.122956437111529
254327287,"YIL038C","NOT3","","dma2277","Vph1_R1_Plate06",12,17,1124,288,"T phase",3.25093667068563,2.94434609169122
254331184,"YIL037C","PRM2","","dma2278","Vph1_R1_Plate06",12,19,1129,125,"S/G2 phase",1.25247547829188,1.53225717910462
254331236,"YIL037C","PRM2","","dma2278","Vph1_R1_Plate06",12,19,1129,177,"S/G2 phase",0.696933094585406,0.52963103367898
254331244,"YIL037C","PRM2","","dma2278","Vph1_R1_Plate06",12,19,1129,186,"G1 phase",0.47322475215327,0.334538754150344
254331268,"YIL037C","PRM2","","dma2278","Vph1_R1_Plate06",12,19,1129,210,"S/G2 phase",-0.272469722620517,0.493862788065113
254331337,"YIL037C","PRM2","","dma2278","Vph1_R1_Plate06",12,19,1129,281,"S/G2 phase",0.391198359928154,0.41141260051422
254331403,"YIL037C","PRM2","","dma2278","Vph1_R1_Plate06",12,19,1129,349,"S/G2 phase",-0.257555833125041,0.364730658577193
254331437,"YIL037C","PRM2","","dma2278","Vph1_R1_Plate06",12,19,1129,383,"S/G2 phase",2.35983177333095,2.53918507344596
254331470,"YIL037C","PRM2","","dma2278","Vph1_R1_Plate06",12,19,1129,416,"MA phase",1.20773380980545,1.50764161586479
254331502,"YIL037C","PRM2","","dma2278","Vph1_R1_Plate06",12,19,1130,10,"S/G2 phase",0.566436561499994,0.914239251549234
254331504,"YIL037C","PRM2","","dma2278","Vph1_R1_Plate06",12,19,1130,12,"T phase",0.689476149837668,1.27271832785747
254331512,"YIL037C","PRM2","","dma2278","Vph1_R1_Plate06",12,19,1130,20,"T phase",1.63650813280038,1.95263364258874
254331618,"YIL037C","PRM2","","dma2278","Vph1_R1_Plate06",12,19,1130,129,"S/G2 phase",0.778959486810523,1.45132056987592
254331631,"YIL037C","PRM2","","dma2278","Vph1_R1_Plate06",12,19,1130,142,"S/G2 phase",0.924369909391411,0.633908613876196
254331675,"YIL037C","PRM2","","dma2278","Vph1_R1_Plate06",12,19,1130,186,"S/G2 phase",1.561938685323,1.57487635817682
254331689,"YIL037C","PRM2","","dma2278","Vph1_R1_Plate06",12,19,1130,200,"G1 phase",-0.223999581760221,-0.291843685185574
254331716,"YIL037C","PRM2","","dma2278","Vph1_R1_Plate06",12,19,1130,227,"S/G2 phase",-0.0152051288235604,0.25208856659945
254331741,"YIL037C","PRM2","","dma2278","Vph1_R1_Plate06",12,19,1130,254,"S/G2 phase",0.588807395743207,0.752127047040956
254331757,"YIL037C","PRM2","","dma2278","Vph1_R1_Plate06",12,19,1130,270,"S/G2 phase",1.37551506662955,1.80016054213231
254331759,"YIL037C","PRM2","","dma2278","Vph1_R1_Plate06",12,19,1130,272,"T phase",0.54406572725678,1.24252642343062
254331799,"YIL037C","PRM2","","dma2278","Vph1_R1_Plate06",12,19,1130,312,"S/G2 phase",1.00639630161653,1.42646602058522
254332109,"YIL037C","PRM2","","dma2278","Vph1_R1_Plate06",12,19,1131,218,"G1 phase",-0.488721120304915,-0.159923385104144
254332179,"YIL037C","PRM2","","dma2278","Vph1_R1_Plate06",12,19,1131,290,"S/G2 phase",0.641006008977372,0.761766151092799
254332197,"YIL037C","PRM2","","dma2278","Vph1_R1_Plate06",12,19,1131,308,"T phase",1.87140189235412,2.55567511095614
254332288,"YIL037C","PRM2","","dma2278","Vph1_R1_Plate06",12,19,1132,32,"S/G2 phase",1.94224286745763,1.91001446351654
254332337,"YIL037C","PRM2","","dma2278","Vph1_R1_Plate06",12,19,1132,83,"S/G2 phase",0.435940028414581,1.18620537744175
254332349,"YIL037C","PRM2","","dma2278","Vph1_R1_Plate06",12,19,1132,96,"S/G2 phase",2.27780538110583,2.39635107704137
254332357,"YIL037C","PRM2","","dma2278","Vph1_R1_Plate06",12,19,1132,104,"MA phase",1.58803799194008,2.13808681806553
254332361,"YIL037C","PRM2","","dma2278","Vph1_R1_Plate06",12,19,1132,108,"T phase",0.663376843220586,0.88659653166502
254332404,"YIL037C","PRM2","","dma2278","Vph1_R1_Plate06",12,19,1132,151,"S/G2 phase",1.74836230401645,1.68473027956106
254332462,"YIL037C","PRM2","","dma2278","Vph1_R1_Plate06",12,19,1132,216,"S/G2 phase",0.409840721797498,0.268578604109629
254332468,"YIL037C","PRM2","","dma2278","Vph1_R1_Plate06",12,19,1132,223,"T phase",1.18909144793611,1.22603638592044
254332497,"YIL037C","PRM2","","dma2278","Vph1_R1_Plate06",12,19,1132,255,"T phase",4.32846518673375,4.43737161350652
254334285,"YIL036W","CST6","","dma2279","Vph1_R1_Plate06",12,21,1138,44,"S/G2 phase",3.15026791659117,2.5239696282071
254334298,"YIL036W","CST6","","dma2279","Vph1_R1_Plate06",12,21,1138,58,"S/G2 phase",2.14358037564655,2.38671197298953
254334334,"YIL036W","CST6","","dma2279","Vph1_R1_Plate06",12,21,1138,94,"S/G2 phase",2.13985190327268,1.71085942112308
254334391,"YIL036W","CST6","","dma2279","Vph1_R1_Plate06",12,21,1139,45,"T phase",2.62082483950178,2.30426178543864
254334421,"YIL036W","CST6","","dma2279","Vph1_R1_Plate06",12,21,1139,75,"G1 phase",-0.630403070511935,-0.739623882503035
254334431,"YIL036W","CST6","","dma2279","Vph1_R1_Plate06",12,21,1139,85,"T phase",3.60514154620318,2.61199615694501
254334462,"YIL036W","CST6","","dma2279","Vph1_R1_Plate06",12,21,1139,116,"MA phase",1.66633591179133,1.45538333274075
254334540,"YIL036W","CST6","","dma2279","Vph1_R1_Plate06",12,21,1140,80,"MA-single",0.00716570541965325,-0.0432185302615756
254336784,"YIL035C","CKA1","","dma2280","Vph1_R1_Plate06",12,23,1145,17,"S/G2 phase",0.148847655626673,-0.0541322265847374
254336836,"YIL035C","CKA1","","dma2280","Vph1_R1_Plate06",12,23,1145,72,"S/G2 phase",3.3739762590233,3.01436900459676
254336873,"YIL035C","CKA1","","dma2280","Vph1_R1_Plate06",12,23,1145,110,"S/G2 phase",2.34864635620934,2.65310175769502
254337069,"YIL035C","CKA1","","dma2280","Vph1_R1_Plate06",12,23,1145,309,"S/G2 phase",0.570165033873862,0.509078233303975
254337083,"YIL035C","CKA1","","dma2280","Vph1_R1_Plate06",12,23,1145,323,"S/G2 phase",1.38297201137729,1.41834049485556
254337116,"YIL035C","CKA1","","dma2280","Vph1_R1_Plate06",12,23,1145,356,"S/G2 phase",-0.0226620735712982,0.337326924743852
254337195,"YIL035C","CKA1","","dma2280","Vph1_R1_Plate06",12,23,1146,69,"S/G2 phase",0.976568522625576,1.98967648047393
254337271,"YIL035C","CKA1","","dma2280","Vph1_R1_Plate06",12,23,1146,145,"S/G2 phase",-0.458893341313964,-0.298694618643909
254337324,"YIL035C","CKA1","","dma2280","Vph1_R1_Plate06",12,23,1146,198,"MA-single",-1.14120378573198,-1.30283434239175
254337344,"YIL035C","CKA1","","dma2280","Vph1_R1_Plate06",12,23,1146,219,"S/G2 phase",-0.276198194994386,-0.283479173405048
254337380,"YIL035C","CKA1","","dma2280","Vph1_R1_Plate06",12,23,1146,255,"S/G2 phase",1.07350880434617,1.65581296740553
254337438,"YIL035C","CKA1","","dma2280","Vph1_R1_Plate06",12,23,1146,313,"S/G2 phase",1.19281992030997,1.44853239928241
254337483,"YIL035C","CKA1","","dma2280","Vph1_R1_Plate06",12,23,1146,358,"S/G2 phase",0.163761545122149,0.824938130540006
254337487,"YIL035C","CKA1","","dma2280","Vph1_R1_Plate06",12,23,1146,362,"S/G2 phase",0.152576128000542,0.377157933222544
254337517,"YIL035C","CKA1","","dma2280","Vph1_R1_Plate06",12,23,1147,21,"S/G2 phase",1.48364076547175,1.58730363282218
254337543,"YIL035C","CKA1","","dma2280","Vph1_R1_Plate06",12,23,1147,47,"T phase",2.20323593362846,2.77817112431812
254337547,"YIL035C","CKA1","","dma2280","Vph1_R1_Plate06",12,23,1147,51,"S/G2 phase",2.03172620443048,2.00895468857761
254337630,"YIL035C","CKA1","","dma2280","Vph1_R1_Plate06",12,23,1147,134,"G1 phase",0.376284470432678,0.357879725118858
254337648,"YIL035C","CKA1","","dma2280","Vph1_R1_Plate06",12,23,1147,152,"S/G2 phase",3.55294293296901,3.18612031315688
254337784,"YIL035C","CKA1","","dma2280","Vph1_R1_Plate06",12,23,1147,289,"S/G2 phase",0.462039335031663,0.501988313794766
254337840,"YIL035C","CKA1","","dma2280","Vph1_R1_Plate06",12,23,1147,347,"S/G2 phase",2.71030817647463,2.59956888229966
254337857,"YIL035C","CKA1","","dma2280","Vph1_R1_Plate06",12,23,1147,365,"S/G2 phase",2.09511023478626,2.5034168278321
254337860,"YIL035C","CKA1","","dma2280","Vph1_R1_Plate06",12,23,1147,368,"S/G2 phase",1.08842269384164,0.971834889809423
254337873,"YIL035C","CKA1","","dma2280","Vph1_R1_Plate06",12,23,1147,381,"MA-single",0.249516409721134,0.477372750554935
254337889,"YIL035C","CKA1","","dma2280","Vph1_R1_Plate06",12,23,1147,398,"T phase",1.70362063553002,1.77403140057029
254337891,"YIL035C","CKA1","","dma2280","Vph1_R1_Plate06",12,23,1147,400,"S/G2 phase",1.25620395066575,1.12430799026586
254337905,"YIL035C","CKA1","","dma2280","Vph1_R1_Plate06",12,23,1148,5,"S/G2 phase",0.141390710878935,-0.0102384552412182
254337924,"YIL035C","CKA1","","dma2280","Vph1_R1_Plate06",12,23,1148,24,"S/G2 phase",3.14281097184343,3.04734907961712
254337929,"YIL035C","CKA1","","dma2280","Vph1_R1_Plate06",12,23,1148,29,"S/G2 phase",1.23383311642253,1.35238034481485
254337950,"YIL035C","CKA1","","dma2280","Vph1_R1_Plate06",12,23,1148,50,"S/G2 phase",1.91987203321442,1.67787934610272
254337995,"YIL035C","CKA1","","dma2280","Vph1_R1_Plate06",12,23,1148,95,"S/G2 phase",3.31804917341527,2.46916216054043
254338005,"YIL035C","CKA1","","dma2280","Vph1_R1_Plate06",12,23,1148,105,"S/G2 phase",0.984025467373314,0.791958055519648
254338018,"YIL035C","CKA1","","dma2280","Vph1_R1_Plate06",12,23,1148,118,"S/G2 phase",0.171218489869886,-0.0734104346884243
254338061,"YIL035C","CKA1","","dma2280","Vph1_R1_Plate06",12,23,1148,163,"S/G2 phase",1.43517062461146,1.25901646094079
254338090,"YIL035C","CKA1","","dma2280","Vph1_R1_Plate06",12,23,1148,193,"S/G2 phase",1.29348867440444,0.926427540143713
254338106,"YIL035C","CKA1","","dma2280","Vph1_R1_Plate06",12,23,1148,211,"T phase",7.54240837300877,4.01165779488626
254338156,"YIL035C","CKA1","","dma2280","Vph1_R1_Plate06",12,23,1148,262,"MA-single",-0.376866949088847,-0.345376560580936
254338232,"YIL035C","CKA1","","dma2280","Vph1_R1_Plate06",12,23,1148,339,"S/G2 phase",-0.410423200453667,-0.223095364551351
254338236,"YIL035C","CKA1","","dma2280","Vph1_R1_Plate06",12,23,1148,343,"S/G2 phase",1.97207064644858,1.84963065466284
254442684,"YHR181W","SVP26","","dma2210","Vph1_R1_Plate06",2,3,105,21,"S/G2 phase",0.555251144378387,0.620206746959526
254442693,"YHR181W","SVP26","","dma2210","Vph1_R1_Plate06",2,3,105,30,"S/G2 phase",2.26661996398423,2.14087498865904
254442695,"YHR181W","SVP26","","dma2210","Vph1_R1_Plate06",2,3,105,32,"S/G2 phase",-0.0711322144315944,-0.00338752178288319
254442703,"YHR181W","SVP26","","dma2210","Vph1_R1_Plate06",2,3,105,40,"S/G2 phase",2.02799773205662,1.97318644296375
254442710,"YHR181W","SVP26","","dma2210","Vph1_R1_Plate06",2,3,105,47,"S/G2 phase",0.581350450995469,1.4678106073861
254442767,"YHR181W","SVP26","","dma2210","Vph1_R1_Plate06",2,3,105,107,"S/G2 phase",2.16595120988977,2.60514522348668
254442776,"YHR181W","SVP26","","dma2210","Vph1_R1_Plate06",2,3,105,116,"S/G2 phase",0.152576128000542,0.480160921148443
254442804,"YHR181W","SVP26","","dma2210","Vph1_R1_Plate06",2,3,105,144,"S/G2 phase",0.350185163815595,0.371581592035527
254442811,"YHR181W","SVP26","","dma2210","Vph1_R1_Plate06",2,3,105,151,"S/G2 phase",0.875899768531115,0.958133022892752
254442854,"YHR181W","SVP26","","dma2210","Vph1_R1_Plate06",2,3,106,25,"MA-single",-0.429065562323012,-0.504700594495706
254442868,"YHR181W","SVP26","","dma2210","Vph1_R1_Plate06",2,3,106,40,"S/G2 phase",3.59395612908157,2.98138892957641
254442877,"YHR181W","SVP26","","dma2210","Vph1_R1_Plate06",2,3,106,49,"MA phase",1.89004425422347,1.74662766673694
254443031,"YHR181W","SVP26","","dma2210","Vph1_R1_Plate06",2,3,107,94,"S/G2 phase",1.30467409152604,1.58451546222867
254443076,"YHR181W","SVP26","","dma2210","Vph1_R1_Plate06",2,3,108,10,"S/G2 phase",1.55075326820139,1.79052143808046
254443111,"YHR181W","SVP26","","dma2210","Vph1_R1_Plate06",2,3,108,49,"T phase",3.01977138350575,2.7548301533496
254443112,"YHR181W","SVP26","","dma2210","Vph1_R1_Plate06",2,3,108,50,"S/G2 phase",-0.179257913273794,-0.252012676706882
254443142,"YHR181W","SVP26","","dma2210","Vph1_R1_Plate06",2,3,108,80,"MA-single",-0.760899603597347,-0.819285899460419
254443152,"YHR181W","SVP26","","dma2210","Vph1_R1_Plate06",2,3,108,90,"S/G2 phase",0.935555326513018,1.11745705680752
254443177,"YHR181W","SVP26","","dma2210","Vph1_R1_Plate06",2,3,108,116,"S/G2 phase",0.309171967703037,0.290644982806825
254445179,"YHR180W","","","dma2211","Vph1_R1_Plate06",2,5,113,41,"S/G2 phase",1.57685257481848,1.24658918629544
254445242,"YHR180W","","","dma2211","Vph1_R1_Plate06",2,5,113,108,"MA-single",-0.410423200453667,-0.186052526666167
254445244,"YHR180W","","","dma2211","Vph1_R1_Plate06",2,5,113,110,"S/G2 phase",-0.57820445727777,-0.589938952640109
254445478,"YHR180W","","","dma2211","Vph1_R1_Plate06",2,5,114,121,"S/G2 phase",-0.216542637012483,-0.165499726291161
254445496,"YHR180W","","","dma2211","Vph1_R1_Plate06",2,5,114,140,"S/G2 phase",1.35687270476021,1.35516851540836
254445535,"YHR180W","","","dma2211","Vph1_R1_Plate06",2,5,114,180,"T phase",2.50151372353797,2.50062865723859
254445586,"YHR180W","","","dma2211","Vph1_R1_Plate06",2,5,115,18,"S/G2 phase",1.25620395066575,1.23009914878526
254445733,"YHR180W","","","dma2211","Vph1_R1_Plate06",2,5,115,169,"S/G2 phase",1.7297199421471,2.05842480110815
254445830,"YHR180W","","","dma2211","Vph1_R1_Plate06",2,5,116,52,"S/G2 phase",2.03172620443048,1.56802542471849
254445921,"YHR180W","","","dma2211","Vph1_R1_Plate06",2,5,116,144,"G1 phase",-0.399237783332061,-0.51433969854755
254445935,"YHR180W","","","dma2211","Vph1_R1_Plate06",2,5,116,159,"T phase",3.94443253222525,2.85225680008849
254445938,"YHR180W","","","dma2211","Vph1_R1_Plate06",2,5,116,162,"T phase",3.41126098276199,2.83449217030699
254445998,"YHR180W","","","dma2211","Vph1_R1_Plate06",2,5,116,222,"MA-single",-0.306025973985337,-0.500637831630879
254446021,"YHR179W","OYE2","","dma2212","Vph1_R1_Plate06",2,7,121,12,"S/G2 phase",0.726760873576358,0.503501892116957
254446064,"YHR179W","OYE2","","dma2212","Vph1_R1_Plate06",2,7,121,55,"G1 phase",-0.242641943629565,-0.397634843704981
254446065,"YHR179W","OYE2","","dma2212","Vph1_R1_Plate06",2,7,121,56,"S/G2 phase",1.76327619351192,2.11044409818132
254446082,"YHR179W","OYE2","","dma2212","Vph1_R1_Plate06",2,7,121,73,"S/G2 phase",0.756588652567309,1.44853239928241
254446189,"YHR179W","OYE2","","dma2212","Vph1_R1_Plate06",2,7,122,39,"S/G2 phase",0.260701826842741,0.171151957370748
254446193,"YHR179W","OYE2","","dma2212","Vph1_R1_Plate06",2,7,122,43,"G1 phase",0.913184492269804,0.563885700970655
254446209,"YHR179W","OYE2","","dma2212","Vph1_R1_Plate06",2,7,122,59,"S/G2 phase",2.38593107994803,1.83592878774617
254446222,"YHR179W","OYE2","","dma2212","Vph1_R1_Plate06",2,7,122,72,"S/G2 phase",1.68497827366067,1.5885782250935
254446232,"YHR179W","OYE2","","dma2212","Vph1_R1_Plate06",2,7,122,82,"S/G2 phase",0.734217818324096,0.573524805022498
254446240,"YHR179W","OYE2","","dma2212","Vph1_R1_Plate06",2,7,122,90,"S/G2 phase",-0.350767642471765,-0.452442311371662
254446287,"YHR179W","OYE2","","dma2212","Vph1_R1_Plate06",2,7,122,137,"S/G2 phase",1.14807825182355,1.40997598307504
254446325,"YHR179W","OYE2","","dma2212","Vph1_R1_Plate06",2,7,123,25,"S/G2 phase",1.6104088261833,1.9209281598397
254446326,"YHR179W","OYE2","","dma2212","Vph1_R1_Plate06",2,7,123,26,"S/G2 phase",1.56939563007074,1.7121340133944
254446374,"YHR179W","OYE2","","dma2212","Vph1_R1_Plate06",2,7,123,74,"S/G2 phase",1.21891922692706,1.17529168111858
254446376,"YHR179W","OYE2","","dma2212","Vph1_R1_Plate06",2,7,123,76,"T phase",3.00112902163641,2.90324049094121
254446378,"YHR179W","OYE2","","dma2212","Vph1_R1_Plate06",2,7,123,78,"S/G2 phase",1.47245534835014,1.23288731937877
254446480,"YHR179W","OYE2","","dma2212","Vph1_R1_Plate06",2,7,124,45,"S/G2 phase",1.05113797010295,1.27271832785747
254446509,"YHR179W","OYE2","","dma2212","Vph1_R1_Plate06",2,7,124,74,"S/G2 phase",1.48364076547175,1.71364759171659
254446563,"YHR179W","OYE2","","dma2212","Vph1_R1_Plate06",2,7,124,129,"S/G2 phase",1.96088522932698,1.68473027956106
254451850,"YHR176W","FMO1","","dma2214","Vph1_R1_Plate06",2,11,137,52,"MA-single",-0.939866277543056,-0.805584032543749
254451877,"YHR176W","FMO1","","dma2214","Vph1_R1_Plate06",2,11,137,80,"MA phase",1.10333658333712,1.26029105321211
254451957,"YHR176W","FMO1","","dma2214","Vph1_R1_Plate06",2,11,137,161,"MA phase",2.69539428697916,2.12159678055535
254452027,"YHR176W","FMO1","","dma2214","Vph1_R1_Plate06",2,11,138,71,"S/G2 phase",0.380012942806547,0.348240621067014
254452111,"YHR176W","FMO1","","dma2214","Vph1_R1_Plate06",2,11,139,20,"S/G2 phase",1.41279979036824,1.72328669576843
254452122,"YHR176W","FMO1","","dma2214","Vph1_R1_Plate06",2,11,139,31,"S/G2 phase",0.96538310550397,0.911451080955725
254452130,"YHR176W","FMO1","","dma2214","Vph1_R1_Plate06",2,11,139,39,"S/G2 phase",1.83038869624156,1.44853239928241
254452201,"YHR176W","FMO1","","dma2214","Vph1_R1_Plate06",2,11,139,111,"S/G2 phase",1.49482618259336,1.6766047538314
254452202,"YHR176W","FMO1","","dma2214","Vph1_R1_Plate06",2,11,139,112,"S/G2 phase",0.726760873576358,0.775468018009469
254452217,"YHR176W","FMO1","","dma2214","Vph1_R1_Plate06",2,11,139,128,"T phase",1.5134685444627,1.56117449126015
254452249,"YHR176W","FMO1","","dma2214","Vph1_R1_Plate06",2,11,140,28,"S/G2 phase",1.8975011989712,1.71364759171659
254452294,"YHR176W","FMO1","","dma2214","Vph1_R1_Plate06",2,11,140,73,"S/G2 phase",-0.350767642471765,-0.225883535144859
254452323,"YHR176W","FMO1","","dma2214","Vph1_R1_Plate06",2,11,140,102,"S/G2 phase",-0.194171802769269,-0.2532872689782
254452354,"YHR176W","FMO1","","dma2214","Vph1_R1_Plate06",2,11,140,133,"S/G2 phase",1.61413729855716,1.48836340776111
254455260,"YHR171W","ATG7","","dma2215","Vph1_R1_Plate06",2,13,145,98,"S/G2 phase",0.256973354468872,0.962195785757579
254455362,"YHR171W","ATG7","","dma2215","Vph1_R1_Plate06",2,13,145,202,"S/G2 phase",-0.451436396566226,-0.348164731174445
254455370,"YHR171W","ATG7","","dma2215","Vph1_R1_Plate06",2,13,145,211,"S/G2 phase",0.182403906991493,0.404561667055885
254455415,"YHR171W","ATG7","","dma2215","Vph1_R1_Plate06",2,13,145,256,"S/G2 phase",0.432211556040712,0.780805373145614
254455493,"YHR171W","ATG7","","dma2215","Vph1_R1_Plate06",2,13,145,335,"S/G2 phase",2.72522206597011,2.25757984350161
254455504,"YHR171W","ATG7","","dma2215","Vph1_R1_Plate06",2,13,145,346,"T phase",2.81097693056909,2.93343239536806
254455616,"YHR171W","ATG7","","dma2215","Vph1_R1_Plate06",2,13,146,68,"G1 phase",0.0258080672889979,-0.0734104346884243
254455727,"YHR171W","ATG7","","dma2215","Vph1_R1_Plate06",2,13,146,182,"T phase",1.79683244487674,1.49370076289725
254455744,"YHR171W","ATG7","","dma2215","Vph1_R1_Plate06",2,13,146,200,"S/G2 phase",1.14807825182355,1.17377810279639
254455749,"YHR171W","ATG7","","dma2215","Vph1_R1_Plate06",2,13,146,205,"S/G2 phase",3.98917420071168,2.92379329131621
254455752,"YHR171W","ATG7","","dma2215","Vph1_R1_Plate06",2,13,146,208,"S/G2 phase",0.61490670236029,0.719146972020598
254455755,"YHR171W","ATG7","","dma2215","Vph1_R1_Plate06",2,13,146,211,"S/G2 phase",2.50524219591184,2.61327074921633
254455769,"YHR171W","ATG7","","dma2215","Vph1_R1_Plate06",2,13,146,225,"T phase",2.06528245579531,2.23830163539792
254455777,"YHR171W","ATG7","","dma2215","Vph1_R1_Plate06",2,13,146,233,"S/G2 phase",1.28976020203057,1.2547147120251
254455820,"YHR171W","ATG7","","dma2215","Vph1_R1_Plate06",2,13,146,276,"T phase",1.15926366894515,1.12709616085937
254455832,"YHR171W","ATG7","","dma2215","Vph1_R1_Plate06",2,13,146,288,"T phase",3.83257836100918,2.89487597916068
254455868,"YHR171W","ATG7","","dma2215","Vph1_R1_Plate06",2,13,146,324,"MA-single",-0.399237783332061,-0.447104956235517
254455879,"YHR171W","ATG7","","dma2215","Vph1_R1_Plate06",2,13,146,335,"S/G2 phase",2.7625067897088,3.08718008809581
254455884,"YHR171W","ATG7","","dma2215","Vph1_R1_Plate06",2,13,146,340,"S/G2 phase",-0.343310697724027,-0.232734468603194
254455900,"YHR171W","ATG7","","dma2215","Vph1_R1_Plate06",2,13,146,356,"S/G2 phase",0.491867114022615,1.0487087361733
254455915,"YHR171W","ATG7","","dma2215","Vph1_R1_Plate06",2,13,147,14,"S/G2 phase",3.13162555472182,3.01309441232544
254456030,"YHR171W","ATG7","","dma2215","Vph1_R1_Plate06",2,13,147,130,"S/G2 phase",0.730489345950227,0.624269509824352
254456041,"YHR171W","ATG7","","dma2215","Vph1_R1_Plate06",2,13,147,142,"T phase",1.36432964950795,1.33589030730467
254456044,"YHR171W","ATG7","","dma2215","Vph1_R1_Plate06",2,13,147,145,"S/G2 phase",3.2658505601811,2.7974493324218
254456075,"YHR171W","ATG7","","dma2215","Vph1_R1_Plate06",2,13,147,177,"S/G2 phase",1.47245534835014,1.52946900851112
254456090,"YHR171W","ATG7","","dma2215","Vph1_R1_Plate06",2,13,147,194,"S/G2 phase",2.09883870716013,2.00895468857761
254456095,"YHR171W","ATG7","","dma2215","Vph1_R1_Plate06",2,13,147,199,"S/G2 phase",3.14281097184343,2.14900051438869
254456120,"YHR171W","ATG7","","dma2215","Vph1_R1_Plate06",2,13,147,226,"MA-single",-0.518548899295867,-0.547319773567907
254456126,"YHR171W","ATG7","","dma2215","Vph1_R1_Plate06",2,13,147,233,"MA-single",0.655919898472848,0.487011854606778
254456128,"YHR171W","ATG7","","dma2215","Vph1_R1_Plate06",2,13,147,235,"T phase",2.102567179534,2.57622791133115
254456195,"YHR171W","ATG7","","dma2215","Vph1_R1_Plate06",2,13,147,303,"T phase",1.7781900830074,1.20675817781675
254456203,"YHR171W","ATG7","","dma2215","Vph1_R1_Plate06",2,13,147,311,"T phase",2.93774499128064,2.28498357733495
254456305,"YHR171W","ATG7","","dma2215","Vph1_R1_Plate06",2,13,148,21,"S/G2 phase",1.68497827366067,2.24387797658494
254456314,"YHR171W","ATG7","","dma2215","Vph1_R1_Plate06",2,13,148,30,"T phase",3.69089641080216,2.65588992828853
254456328,"YHR171W","ATG7","","dma2215","Vph1_R1_Plate06",2,13,148,44,"MA-single",0.204774741234707,0.122956437111529
254456348,"YHR171W","ATG7","","dma2215","Vph1_R1_Plate06",2,13,148,64,"MA-single",-1.29779962543447,-1.25336422986121
254456376,"YHR171W","ATG7","","dma2215","Vph1_R1_Plate06",2,13,148,94,"S/G2 phase",1.80801786199835,2.08582853494149
254456399,"YHR171W","ATG7","","dma2215","Vph1_R1_Plate06",2,13,148,120,"S/G2 phase",1.59549493668782,1.25344011975378
254456451,"YHR171W","ATG7","","dma2215","Vph1_R1_Plate06",2,13,148,173,"S/G2 phase",0.346456691441726,0.437541742076242
254456506,"YHR171W","ATG7","","dma2215","Vph1_R1_Plate06",2,13,148,230,"S/G2 phase",2.68420886985755,2.17234148535721
254456536,"YHR171W","ATG7","","dma2215","Vph1_R1_Plate06",2,13,148,260,"S/G2 phase",0.376284470432678,0.925152947872395
254456545,"YHR171W","ATG7","","dma2215","Vph1_R1_Plate06",2,13,148,270,"S/G2 phase",0.819972682923081,1.37978407864819
254456574,"YHR171W","ATG7","","dma2215","Vph1_R1_Plate06",2,13,148,301,"S/G2 phase",-0.302297501611468,-0.246436335519865
254456648,"YHR171W","ATG7","","dma2215","Vph1_R1_Plate06",2,13,148,376,"S/G2 phase",3.86986308474787,2.90451508321253
254456707,"YHR171W","ATG7","","dma2215","Vph1_R1_Plate06",2,13,148,436,"MA-single",-0.503635009800391,-0.594001715504935
254459310,"YHR167W","THP2","","dma2216","Vph1_R1_Plate06",2,15,153,23,"S/G2 phase",0.611178229986421,0.852341864373345
254459336,"YHR167W","THP2","","dma2216","Vph1_R1_Plate06",2,15,153,50,"S/G2 phase",0.984025467373314,1.20675817781675
254459534,"YHR167W","THP2","","dma2216","Vph1_R1_Plate06",2,15,154,94,"S/G2 phase",1.03622408060748,1.05555966963163
254459670,"YHR167W","THP2","","dma2216","Vph1_R1_Plate06",2,15,155,78,"S/G2 phase",1.83411716861543,1.50485344527128
254459741,"YHR167W","THP2","","dma2216","Vph1_R1_Plate06",2,15,155,152,"S/G2 phase",0.622363647108027,0.93200388133073
254459762,"YHR167W","THP2","","dma2216","Vph1_R1_Plate06",2,15,155,173,"MA-single",-0.917495443299843,-0.819285899460419
254459769,"YHR167W","THP2","","dma2216","Vph1_R1_Plate06",2,15,155,180,"T phase",3.51938668160419,2.80151209528663
254459773,"YHR167W","THP2","","dma2216","Vph1_R1_Plate06",2,15,156,4,"T phase",3.16891027846051,2.78781022836996
254459774,"YHR167W","THP2","","dma2216","Vph1_R1_Plate06",2,15,156,5,"S/G2 phase",3.098069303357,3.21503762531242
254459804,"YHR167W","THP2","","dma2216","Vph1_R1_Plate06",2,15,156,37,"S/G2 phase",2.65810956324047,2.90451508321253
254459816,"YHR167W","THP2","","dma2216","Vph1_R1_Plate06",2,15,156,49,"S/G2 phase",3.31059222866753,3.59000673913082
254459834,"YHR167W","THP2","","dma2216","Vph1_R1_Plate06",2,15,156,67,"S/G2 phase",1.13689283470194,1.06671235200567
254459840,"YHR167W","THP2","","dma2216","Vph1_R1_Plate06",2,15,156,73,"S/G2 phase",1.09215116621551,1.53504534969813
254459843,"YHR167W","THP2","","dma2216","Vph1_R1_Plate06",2,15,156,76,"T phase",3.62751238044639,3.02400810864861
254459851,"YHR167W","THP2","","dma2216","Vph1_R1_Plate06",2,15,156,84,"S/G2 phase",3.16891027846051,3.26171956724944
254459872,"YHR167W","THP2","","dma2216","Vph1_R1_Plate06",2,15,156,105,"S/G2 phase",1.6215942433049,1.61470736665552
254459916,"YHR167W","THP2","","dma2216","Vph1_R1_Plate06",2,15,156,151,"T phase",3.09434083098313,2.95119702514956
254462599,"YHR163W","SOL3","","dma2217","Vph1_R1_Plate06",2,17,161,30,"S/G2 phase",4.5260742225488,3.80971458189929
254462630,"YHR163W","SOL3","","dma2217","Vph1_R1_Plate06",2,17,161,61,"S/G2 phase",1.75209077639031,1.76439229651844
254462641,"YHR163W","SOL3","","dma2217","Vph1_R1_Plate06",2,17,161,72,"S/G2 phase",0.834886572418557,1.12709616085937
254462675,"YHR163W","SOL3","","dma2217","Vph1_R1_Plate06",2,17,161,106,"T phase",1.21891922692706,2.06248756397298
254462751,"YHR163W","SOL3","","dma2217","Vph1_R1_Plate06",2,17,161,182,"S/G2 phase",3.31804917341527,2.64903899483019
254462776,"YHR163W","SOL3","","dma2217","Vph1_R1_Plate06",2,17,161,207,"MA-single",-0.1904433303954,-0.159923385104144
254462817,"YHR163W","SOL3","","dma2217","Vph1_R1_Plate06",2,17,161,248,"S/G2 phase",2.34491788383548,1.95263364258874
254462829,"YHR163W","SOL3","","dma2217","Vph1_R1_Plate06",2,17,161,260,"S/G2 phase",1.66260743941746,1.76439229651844
254462862,"YHR163W","SOL3","","dma2217","Vph1_R1_Plate06",2,17,161,293,"S/G2 phase",0.0519073739060805,-0.0541322265847374
254462905,"YHR163W","SOL3","","dma2217","Vph1_R1_Plate06",2,17,162,30,"T phase",1.9944414806918,1.98967648047392
254462963,"YHR163W","SOL3","","dma2217","Vph1_R1_Plate06",2,17,162,89,"S/G2 phase",-0.0823176315532012,0.464945475909582
254462971,"YHR163W","SOL3","","dma2217","Vph1_R1_Plate06",2,17,162,97,"S/G2 phase",1.33823034289086,1.59264098795832
254462990,"YHR163W","SOL3","","dma2217","Vph1_R1_Plate06",2,17,162,118,"S/G2 phase",2.31136163247065,1.85926975871469
254463008,"YHR163W","SOL3","","dma2217","Vph1_R1_Plate06",2,17,162,136,"S/G2 phase",0.860985879035639,1.23973825283711
254463043,"YHR163W","SOL3","","dma2217","Vph1_R1_Plate06",2,17,162,171,"T phase",1.59922340906169,2.09825580958684
254463056,"YHR163W","SOL3","","dma2217","Vph1_R1_Plate06",2,17,162,184,"S/G2 phase",-0.0226620735712982,0.228747595630936
254463078,"YHR163W","SOL3","","dma2217","Vph1_R1_Plate06",2,17,162,206,"S/G2 phase",1.14434977944968,1.16565257706674
254463095,"YHR163W","SOL3","","dma2217","Vph1_R1_Plate06",2,17,162,224,"S/G2 phase",1.40161437324663,1.98967648047393
254463101,"YHR163W","SOL3","","dma2217","Vph1_R1_Plate06",2,17,162,230,"S/G2 phase",0.812515738175343,0.694531408780767
254463140,"YHR163W","SOL3","","dma2217","Vph1_R1_Plate06",2,17,162,270,"S/G2 phase",-0.119602355291891,-0.0267284927513969
254463152,"YHR163W","SOL3","","dma2217","Vph1_R1_Plate06",2,17,163,12,"S/G2 phase",0.704390039333144,0.937580222517748
254463160,"YHR163W","SOL3","","dma2217","Vph1_R1_Plate06",2,17,163,21,"T phase",4.54471658441815,3.69834708219287
254463172,"YHR163W","SOL3","","dma2217","Vph1_R1_Plate06",2,17,163,33,"T phase",2.38220260757416,2.31390088949048
254463184,"YHR163W","SOL3","","dma2217","Vph1_R1_Plate06",2,17,163,46,"T phase",1.22637617167479,1.21639728186859
254463234,"YHR163W","SOL3","","dma2217","Vph1_R1_Plate06",2,17,163,96,"S/G2 phase",0.458310862657794,0.573524805022498
254463256,"YHR163W","SOL3","","dma2217","Vph1_R1_Plate06",2,17,163,118,"S/G2 phase",1.59922340906169,1.70122031707124
254463285,"YHR163W","SOL3","","dma2217","Vph1_R1_Plate06",2,17,163,147,"MA phase",5.39480828566026,3.80971458189929
254463337,"YHR163W","SOL3","","dma2217","Vph1_R1_Plate06",2,17,163,199,"S/G2 phase",1.78564702775514,1.35516851540836
254463344,"YHR163W","SOL3","","dma2217","Vph1_R1_Plate06",2,17,163,206,"S/G2 phase",1.94224286745763,1.66138930859254
254463431,"YHR163W","SOL3","","dma2217","Vph1_R1_Plate06",2,17,164,49,"G1 phase",0.320357384824644,0.0432944201541442
254463470,"YHR163W","SOL3","","dma2217","Vph1_R1_Plate06",2,17,164,90,"S/G2 phase",0.238330992599527,0.188916587152244
254463609,"YHR163W","SOL3","","dma2217","Vph1_R1_Plate06",2,17,164,234,"MA-single",-0.0562183249361186,-0.16828789688467
254469146,"YHR161C","YAP1801","","dma2219","Vph1_R1_Plate06",2,21,177,29,"S/G2 phase",-0.462621813687833,-0.361866598091115
254469204,"YHR161C","YAP1801","","dma2219","Vph1_R1_Plate06",2,21,177,87,"S/G2 phase",1.23383311642253,1.19584448149359
254469216,"YHR161C","YAP1801","","dma2219","Vph1_R1_Plate06",2,21,177,99,"S/G2 phase",2.50897066828571,3.13513662230416
254469234,"YHR161C","YAP1801","","dma2219","Vph1_R1_Plate06",2,21,177,117,"S/G2 phase",0.827429627670819,0.646335888521548
254469349,"YHR161C","YAP1801","","dma2219","Vph1_R1_Plate06",2,21,177,233,"S/G2 phase",1.38297201137729,1.38384684151302
254469426,"YHR161C","YAP1801","","dma2219","Vph1_R1_Plate06",2,21,177,311,"MA-single",-0.622946125764197,-0.510276935682724
254469466,"YHR161C","YAP1801","","dma2219","Vph1_R1_Plate06",2,21,177,351,"S/G2 phase",-0.0450329078145118,0.162787445590222
254469479,"YHR161C","YAP1801","","dma2219","Vph1_R1_Plate06",2,21,177,364,"S/G2 phase",0.223417103104051,0.344177858202187
254469516,"YHR161C","YAP1801","","dma2219","Vph1_R1_Plate06",2,21,177,402,"T phase",1.25993242303962,1.90443812232952
254469647,"YHR161C","YAP1801","","dma2219","Vph1_R1_Plate06",2,21,178,52,"S/G2 phase",1.73344841452097,1.52946900851112
254469648,"YHR161C","YAP1801","","dma2219","Vph1_R1_Plate06",2,21,178,53,"S/G2 phase",1.06232338722456,0.884047347122386
254469723,"YHR161C","YAP1801","","dma2219","Vph1_R1_Plate06",2,21,178,132,"S/G2 phase",2.24424912974101,2.43466850719787
254469726,"YHR161C","YAP1801","","dma2219","Vph1_R1_Plate06",2,21,178,135,"S/G2 phase",1.24874700591801,1.18062903625473
254469728,"YHR161C","YAP1801","","dma2219","Vph1_R1_Plate06",2,21,178,137,"S/G2 phase",0.5776219786216,1.49648893349076
254469746,"YHR161C","YAP1801","","dma2219","Vph1_R1_Plate06",2,21,178,155,"S/G2 phase",2.61709636712791,2.43060574433305
254469792,"YHR161C","YAP1801","","dma2219","Vph1_R1_Plate06",2,21,178,202,"S/G2 phase",1.56566715769687,1.570813595312
254469872,"YHR161C","YAP1801","","dma2219","Vph1_R1_Plate06",2,21,178,285,"S/G2 phase",1.36432964950795,1.3001220616908
254469923,"YHR161C","YAP1801","","dma2219","Vph1_R1_Plate06",2,21,178,337,"S/G2 phase",3.68343946605442,3.13386203003284
254469984,"YHR161C","YAP1801","","dma2219","Vph1_R1_Plate06",2,21,178,400,"S/G2 phase",-0.242641943629565,-0.0335794262097319
254469985,"YHR161C","YAP1801","","dma2219","Vph1_R1_Plate06",2,21,178,401,"MA-single",-1.06290586588073,-1.09125202535293
254470000,"YHR161C","YAP1801","","dma2219","Vph1_R1_Plate06",2,21,178,418,"S/G2 phase",1.85275953048478,2.0871031272128
254470096,"YHR161C","YAP1801","","dma2219","Vph1_R1_Plate06",2,21,179,91,"S/G2 phase",0.503052531144222,0.315260546046656
254470121,"YHR161C","YAP1801","","dma2219","Vph1_R1_Plate06",2,21,179,116,"S/G2 phase",0.189860851739231,0.237112107411463
254470170,"YHR161C","YAP1801","","dma2219","Vph1_R1_Plate06",2,21,179,167,"S/G2 phase",1.91614356084055,1.82071334250731
254470218,"YHR161C","YAP1801","","dma2219","Vph1_R1_Plate06",2,21,179,215,"S/G2 phase",1.44635604173306,2.0708520757535
254470238,"YHR161C","YAP1801","","dma2219","Vph1_R1_Plate06",2,21,179,237,"S/G2 phase",-0.119602355291891,-0.0267284927513969
254470267,"YHR161C","YAP1801","","dma2219","Vph1_R1_Plate06",2,21,179,267,"MA phase",1.36060117713408,1.42797959890741
254470287,"YHR161C","YAP1801","","dma2219","Vph1_R1_Plate06",2,21,179,288,"S/G2 phase",0.141390710878935,0.128532778298546
254470288,"YHR161C","YAP1801","","dma2219","Vph1_R1_Plate06",2,21,179,289,"S/G2 phase",0.488138641648746,0.466459054231774
254470290,"YHR161C","YAP1801","","dma2219","Vph1_R1_Plate06",2,21,179,291,"T phase",2.48287136166863,2.82206489566164
254470353,"YHR161C","YAP1801","","dma2219","Vph1_R1_Plate06",2,21,179,355,"G1 phase",-0.317211391106944,-0.293118277456892
254470403,"YHR161C","YAP1801","","dma2219","Vph1_R1_Plate06",2,21,179,408,"S/G2 phase",0.622363647108027,0.816573618759479
254470436,"YHR161C","YAP1801","","dma2219","Vph1_R1_Plate06",2,21,179,442,"T phase",1.8863157818496,2.20810973097107
254470452,"YHR161C","YAP1801","","dma2219","Vph1_R1_Plate06",2,21,179,459,"T phase",1.58058104719234,1.66011471632123
254470554,"YHR161C","YAP1801","","dma2219","Vph1_R1_Plate06",2,21,180,82,"S/G2 phase",0.622363647108027,0.984262164454776
254470571,"YHR161C","YAP1801","","dma2219","Vph1_R1_Plate06",2,21,180,99,"T phase",2.73267901071784,2.92379329131621
254470577,"YHR161C","YAP1801","","dma2219","Vph1_R1_Plate06",2,21,180,105,"G1 phase",-0.0897745763009391,0.059784457664323
254470615,"YHR161C","YAP1801","","dma2219","Vph1_R1_Plate06",2,21,180,144,"S/G2 phase",1.20027686505771,1.88667349254803
254470647,"YHR161C","YAP1801","","dma2219","Vph1_R1_Plate06",2,21,180,179,"S/G2 phase",2.31881857721839,2.48692679032192
254470678,"YHR161C","YAP1801","","dma2219","Vph1_R1_Plate06",2,21,180,213,"S/G2 phase",-0.287383612115993,-0.0802613681467593
254470740,"YHR161C","YAP1801","","dma2219","Vph1_R1_Plate06",2,21,180,280,"MA phase",1.5022831273411,2.00210375511928
254470746,"YHR161C","YAP1801","","dma2219","Vph1_R1_Plate06",2,21,180,286,"S/G2 phase",1.30094561915217,1.4031250496167
254470800,"YHR161C","YAP1801","","dma2219","Vph1_R1_Plate06",2,21,180,346,"S/G2 phase",0.961654633130101,1.0309441063918
254470843,"YHR161C","YAP1801","","dma2219","Vph1_R1_Plate06",2,21,180,391,"G1 phase",-0.0785891591793322,0.0790626657680104
254473385,"YHR160C","PEX18","","dma2220","Vph1_R1_Plate06",2,23,185,49,"T phase",1.1779060308145,1.07635145605751
254473401,"YHR160C","PEX18","","dma2220","Vph1_R1_Plate06",2,23,185,65,"S/G2 phase",0.245787937347265,1.23973825283711
254473494,"YHR160C","PEX18","","dma2220","Vph1_R1_Plate06",2,23,185,159,"S/G2 phase",2.36356024570482,1.80294871272582
254473510,"YHR160C","PEX18","","dma2220","Vph1_R1_Plate06",2,23,185,175,"T phase",1.11452200045873,0.940368393111257
254473703,"YHR160C","PEX18","","dma2220","Vph1_R1_Plate06",2,23,185,372,"T phase",1.53211090633205,1.45259516214724
254473719,"YHR160C","PEX18","","dma2220","Vph1_R1_Plate06",2,23,185,388,"S/G2 phase",-0.216542637012483,-0.345376560580936
254473903,"YHR160C","PEX18","","dma2220","Vph1_R1_Plate06",2,23,186,123,"S/G2 phase",0.700661566959275,1.02130500233996
254473946,"YHR160C","PEX18","","dma2220","Vph1_R1_Plate06",2,23,186,167,"MA phase",0.819972682923081,0.699868763916911
254473987,"YHR160C","PEX18","","dma2220","Vph1_R1_Plate06",2,23,186,208,"S/G2 phase",-0.0599467973099876,0.268578604109629
254473996,"YHR160C","PEX18","","dma2220","Vph1_R1_Plate06",2,23,186,218,"S/G2 phase",2.44558663792994,2.24921533172108
254474035,"YHR160C","PEX18","","dma2220","Vph1_R1_Plate06",2,23,186,257,"MA phase",2.62455331187565,2.12159678055535
254474054,"YHR160C","PEX18","","dma2220","Vph1_R1_Plate06",2,23,186,277,"MA phase",1.54702479582752,1.67787934610272
254474161,"YHR160C","PEX18","","dma2220","Vph1_R1_Plate06",2,23,186,385,"S/G2 phase",0.301715022955299,0.320836887233673
254474182,"YHR160C","PEX18","","dma2220","Vph1_R1_Plate06",2,23,186,406,"T phase",1.13689283470194,1.45817150333426
254474249,"YHR160C","PEX18","","dma2220","Vph1_R1_Plate06",2,23,187,33,"S/G2 phase",2.91910262941129,1.96912368009892
254474268,"YHR160C","PEX18","","dma2220","Vph1_R1_Plate06",2,23,187,52,"S/G2 phase",1.00266782924266,0.929215710737222
254474363,"YHR160C","PEX18","","dma2220","Vph1_R1_Plate06",2,23,187,149,"S/G2 phase",2.03545467680435,1.61749553724903
254474391,"YHR160C","PEX18","","dma2220","Vph1_R1_Plate06",2,23,187,181,"G1 phase",-0.358224587219502,-0.533617906651237
254474445,"YHR160C","PEX18","","dma2220","Vph1_R1_Plate06",2,23,187,238,"S/G2 phase",1.69989216315615,2.07897760148315
254474479,"YHR160C","PEX18","","dma2220","Vph1_R1_Plate06",2,23,187,274,"S/G2 phase",2.4381296931822,1.71771035458141
254474552,"YHR160C","PEX18","","dma2220","Vph1_R1_Plate06",2,23,187,348,"S/G2 phase",0.860985879035639,1.39499952388705
254474560,"YHR160C","PEX18","","dma2220","Vph1_R1_Plate06",2,23,187,356,"S/G2 phase",0.372555998058809,0.554246596918811
254474565,"YHR160C","PEX18","","dma2220","Vph1_R1_Plate06",2,23,187,361,"S/G2 phase",1.74463383164258,2.49226414545807
254474574,"YHR160C","PEX18","","dma2220","Vph1_R1_Plate06",2,23,187,371,"S/G2 phase",0.480681696901008,0.68616689700024
254474575,"YHR160C","PEX18","","dma2220","Vph1_R1_Plate06",2,23,187,372,"T phase",3.18755264032985,2.44988395243673
254474601,"YHR160C","PEX18","","dma2220","Vph1_R1_Plate06",2,23,188,16,"S/G2 phase",1.87885883710186,1.839991550611
254474605,"YHR160C","PEX18","","dma2220","Vph1_R1_Plate06",2,23,188,20,"S/G2 phase",2.38593107994803,2.20125879751274
254474607,"YHR160C","PEX18","","dma2220","Vph1_R1_Plate06",2,23,188,22,"S/G2 phase",0.558979616752256,0.756189809905782
254474609,"YHR160C","PEX18","","dma2220","Vph1_R1_Plate06",2,23,188,24,"S/G2 phase",1.58430951956621,1.64768744167587
254474621,"YHR160C","PEX18","","dma2220","Vph1_R1_Plate06",2,23,188,36,"S/G2 phase",1.5134685444627,1.47466154084444
254474687,"YHR160C","PEX18","","dma2220","Vph1_R1_Plate06",2,23,188,103,"S/G2 phase",1.33077339814313,1.67230300491571
254474710,"YHR160C","PEX18","","dma2220","Vph1_R1_Plate06",2,23,188,126,"S/G2 phase",1.6700643841652,2.0061665179841
254474717,"YHR160C","PEX18","","dma2220","Vph1_R1_Plate06",2,23,188,133,"S/G2 phase",2.37474566282643,2.14493775152387
254474719,"YHR160C","PEX18","","dma2220","Vph1_R1_Plate06",2,23,188,135,"S/G2 phase",0.394926832302023,0.768617084551134
254474754,"YHR160C","PEX18","","dma2220","Vph1_R1_Plate06",2,23,188,171,"S/G2 phase",0.346456691441726,0.911451080955725
254474759,"YHR160C","PEX18","","dma2220","Vph1_R1_Plate06",2,23,188,176,"S/G2 phase",0.130205293757328,0.0364434866958092
254474868,"YHR160C","PEX18","","dma2220","Vph1_R1_Plate06",2,23,188,286,"S/G2 phase",-0.197900275143138,0.1366583040282
254474897,"YHR160C","PEX18","","dma2220","Vph1_R1_Plate06",2,23,188,316,"S/G2 phase",0.484410169274877,0.625783088146543
254474921,"YHR160C","PEX18","","dma2220","Vph1_R1_Plate06",2,23,188,342,"S/G2 phase",0.812515738175343,0.838639997456675
254474940,"YHR160C","PEX18","","dma2220","Vph1_R1_Plate06",2,23,188,361,"S/G2 phase",0.954197688382363,1.12151981967235
254474941,"YHR160C","PEX18","","dma2220","Vph1_R1_Plate06",2,23,188,362,"MA phase",0.972840050251707,1.59821732914534
254474963,"YHR160C","PEX18","","dma2220","Vph1_R1_Plate06",2,23,188,385,"S/G2 phase",0.987753939747183,1.56396266185366
254513051,"YIL014W","MNT3","","dma2249","Vph1_R1_Plate06",8,9,705,179,"S/G2 phase",0.510509475891959,0.930729289059413
254513114,"YIL014W","MNT3","","dma2249","Vph1_R1_Plate06",8,9,706,54,"G1 phase",-0.22772805413409,-0.225883535144859
254513120,"YIL014W","MNT3","","dma2249","Vph1_R1_Plate06",8,9,706,60,"S/G2 phase",3.49701584736098,2.77132019085978
254513144,"YIL014W","MNT3","","dma2249","Vph1_R1_Plate06",8,9,706,84,"S/G2 phase",2.40457344181738,1.7547531924666
254513146,"YIL014W","MNT3","","dma2249","Vph1_R1_Plate06",8,9,706,86,"S/G2 phase",1.38297201137729,1.35238034481485
254513162,"YIL014W","MNT3","","dma2249","Vph1_R1_Plate06",8,9,706,102,"S/G2 phase",2.79233456869975,2.50062865723859
254513173,"YIL014W","MNT3","","dma2249","Vph1_R1_Plate06",8,9,706,114,"S/G2 phase",1.8863157818496,1.63804833762403
254513175,"YIL014W","MNT3","","dma2249","Vph1_R1_Plate06",8,9,706,116,"T phase",1.71480605265163,1.62562106297868
254513190,"YIL014W","MNT3","","dma2249","Vph1_R1_Plate06",8,9,706,131,"S/G2 phase",1.31958798102152,1.47872430370926
254513208,"YIL014W","MNT3","","dma2249","Vph1_R1_Plate06",8,9,706,149,"MA phase",1.71480605265163,1.58172729163516
254513265,"YIL014W","MNT3","","dma2249","Vph1_R1_Plate06",8,9,707,48,"S/G2 phase",0.607449757612552,0.741213350717795
254513364,"YIL014W","MNT3","","dma2249","Vph1_R1_Plate06",8,9,707,149,"S/G2 phase",0.696933094585406,1.0707751148705
254513377,"YIL014W","MNT3","","dma2249","Vph1_R1_Plate06",8,9,708,7,"S/G2 phase",-0.160615551404449,-0.0170893886995532
254513424,"YIL014W","MNT3","","dma2249","Vph1_R1_Plate06",8,9,708,55,"S/G2 phase",0.0854636252709009,0.0859135992263454
254513435,"YIL014W","MNT3","","dma2249","Vph1_R1_Plate06",8,9,708,66,"MA phase",0.931826854139149,1.04743414390198
254513458,"YIL014W","MNT3","","dma2249","Vph1_R1_Plate06",8,9,708,89,"S/G2 phase",0.115291404261852,0.0295925532374743
254513557,"YIL013C","PDR11","","dma2250","Vph1_R1_Plate06",8,11,713,16,"S/G2 phase",1.49855465496723,1.9252299087554
254513588,"YIL013C","PDR11","","dma2250","Vph1_R1_Plate06",8,11,713,48,"S/G2 phase",0.152576128000542,0.33860151701517
254513606,"YIL013C","PDR11","","dma2250","Vph1_R1_Plate06",8,11,713,66,"T phase",3.37770473139717,2.97453799611807
254513631,"YIL013C","PDR11","","dma2250","Vph1_R1_Plate06",8,11,713,91,"S/G2 phase",4.32100824198601,3.49106651406975
254513682,"YIL013C","PDR11","","dma2250","Vph1_R1_Plate06",8,11,714,49,"S/G2 phase",0.223417103104051,0.0392316572893186
254513697,"YIL013C","PDR11","","dma2250","Vph1_R1_Plate06",8,11,714,65,"S/G2 phase",0.950469216008494,1.37978407864819
254513698,"YIL013C","PDR11","","dma2250","Vph1_R1_Plate06",8,11,714,66,"S/G2 phase",2.69166581460529,2.38798656526085
254513719,"YIL013C","PDR11","","dma2250","Vph1_R1_Plate06",8,11,715,11,"MA phase",2.1137525966556,2.09546763899333
254513729,"YIL013C","PDR11","","dma2250","Vph1_R1_Plate06",8,11,715,22,"T phase",3.31059222866753,2.71093638200608
254513779,"YIL013C","PDR11","","dma2250","Vph1_R1_Plate06",8,11,716,24,"S/G2 phase",-0.671416266624493,-0.434677681590165
254513788,"YIL013C","PDR11","","dma2250","Vph1_R1_Plate06",8,11,716,33,"S/G2 phase",0.0891920976447698,0.367518829170701
254513791,"YIL013C","PDR11","","dma2250","Vph1_R1_Plate06",8,11,716,36,"S/G2 phase",-0.757171131223478,-0.680514665920655
254516676,"YIL012W","","","dma2251","Vph1_R1_Plate06",8,13,721,12,"MA-single",-1.62590519433494,-1.80414741510457
254516685,"YIL012W","","","dma2251","Vph1_R1_Plate06",8,13,721,22,"S/G2 phase",1.24501853354414,0.97741123099644
254516740,"YIL012W","","","dma2251","Vph1_R1_Plate06",8,13,721,77,"S/G2 phase",0.943012271260756,0.775468018009471
254516744,"YIL012W","","","dma2251","Vph1_R1_Plate06",8,13,721,81,"S/G2 phase",4.51861727780106,3.00879266340975
254516780,"YIL012W","","","dma2251","Vph1_R1_Plate06",8,13,721,118,"S/G2 phase",0.540337254882911,1.04592056557979
254516826,"YIL012W","","","dma2251","Vph1_R1_Plate06",8,13,721,166,"S/G2 phase",0.626092119481896,0.653186821979883
254516858,"YIL012W","","","dma2251","Vph1_R1_Plate06",8,13,721,198,"S/G2 phase",0.551522672004518,1.12024522740103
254516904,"YIL012W","","","dma2251","Vph1_R1_Plate06",8,13,721,245,"S/G2 phase",0.715575456454751,0.900298398581691
254516925,"YIL012W","","","dma2251","Vph1_R1_Plate06",8,13,721,266,"S/G2 phase",-0.182986385647662,-0.183264356072658
254516985,"YIL012W","","","dma2251","Vph1_R1_Plate06",8,13,721,326,"MA-single",-0.395509310958192,-0.438740444454991
254517122,"YIL012W","","","dma2251","Vph1_R1_Plate06",8,13,722,76,"T phase",0.141390710878935,0.113317333059686
254517160,"YIL012W","","","dma2251","Vph1_R1_Plate06",8,13,722,115,"MA phase",4.32473671435988,3.50476838098642
254517171,"YIL012W","","","dma2251","Vph1_R1_Plate06",8,13,722,127,"S/G2 phase",0.342728219067857,0.268578604109629
254517277,"YIL012W","","","dma2251","Vph1_R1_Plate06",8,13,722,236,"S/G2 phase",-0.417880145201405,-0.34131379771611
254517329,"YIL012W","","","dma2251","Vph1_R1_Plate06",8,13,722,288,"S/G2 phase",2.67302345273594,1.99652741393226
254517361,"YIL012W","","","dma2251","Vph1_R1_Plate06",8,13,722,320,"T phase",5.30159647631354,3.19575941720873
254517406,"YIL012W","","","dma2251","Vph1_R1_Plate06",8,13,723,3,"T phase",2.38593107994803,2.76446925740145
254517431,"YIL012W","","","dma2251","Vph1_R1_Plate06",8,13,723,28,"S/G2 phase",2.97502971501933,2.94713426228473
254517439,"YIL012W","","","dma2251","Vph1_R1_Plate06",8,13,723,36,"S/G2 phase",2.21814982312393,1.72177311744624
254517445,"YIL012W","","","dma2251","Vph1_R1_Plate06",8,13,723,42,"S/G2 phase",1.35687270476021,1.60658184092586
254517453,"YIL012W","","","dma2251","Vph1_R1_Plate06",8,13,723,50,"S/G2 phase",0.652191426098979,1.1560134730149
254517483,"YIL012W","","","dma2251","Vph1_R1_Plate06",8,13,723,80,"S/G2 phase",-0.0226620735712982,0.00625158226896112
254517533,"YIL012W","","","dma2251","Vph1_R1_Plate06",8,13,723,130,"S/G2 phase",4.25389573925637,3.04049814615878
254517556,"YIL012W","","","dma2251","Vph1_R1_Plate06",8,13,723,153,"S/G2 phase",1.56566715769687,1.10781795275568
254517565,"YIL012W","","","dma2251","Vph1_R1_Plate06",8,13,723,162,"S/G2 phase",1.68870674603454,1.27829466904448
254517608,"YIL012W","","","dma2251","Vph1_R1_Plate06",8,13,723,206,"S/G2 phase",2.73267901071784,2.22181159788775
254517611,"YIL012W","","","dma2251","Vph1_R1_Plate06",8,13,723,209,"S/G2 phase",0.611178229986421,0.826212722811323
254517621,"YIL012W","","","dma2251","Vph1_R1_Plate06",8,13,723,219,"MA phase",0.711846984080882,1.40997598307504
254517690,"YIL012W","","","dma2251","Vph1_R1_Plate06",8,13,723,289,"S/G2 phase",0.641006008977372,0.785107122061314
254517696,"YIL012W","","","dma2251","Vph1_R1_Plate06",8,13,723,296,"S/G2 phase",1.35314423238634,1.92092815983971
254517697,"YIL012W","","","dma2251","Vph1_R1_Plate06",8,13,723,297,"S/G2 phase",3.15026791659117,2.62976078672651
254517742,"YIL012W","","","dma2251","Vph1_R1_Plate06",8,13,723,342,"MA-single",-0.223999581760221,-0.228671705738368
254518032,"YIL012W","","","dma2251","Vph1_R1_Plate06",8,13,724,291,"S/G2 phase",2.61709636712791,2.63533712791353
254518105,"YIL012W","","","dma2251","Vph1_R1_Plate06",8,13,724,365,"T phase",0.745403235445702,1.07483787773532
254519307,"YIL011W","TIR3","","dma2252","Vph1_R1_Plate06",8,15,729,40,"S/G2 phase",1.37924353900342,1.51576714159444
254519349,"YIL011W","TIR3","","dma2252","Vph1_R1_Plate06",8,15,729,83,"S/G2 phase",0.607449757612552,1.37699590805468
254519359,"YIL011W","TIR3","","dma2252","Vph1_R1_Plate06",8,15,729,93,"S/G2 phase",1.60668035380943,1.47872430370926
254519400,"YIL011W","TIR3","","dma2252","Vph1_R1_Plate06",8,15,729,135,"S/G2 phase",2.21814982312393,1.8577561803925
254519460,"YIL011W","TIR3","","dma2252","Vph1_R1_Plate06",8,15,729,195,"S/G2 phase",3.48955890261324,2.98696527076342
254519473,"YIL011W","TIR3","","dma2252","Vph1_R1_Plate06",8,15,729,209,"S/G2 phase",3.1577248613389,3.01843176746159
254519552,"YIL011W","TIR3","","dma2252","Vph1_R1_Plate06",8,15,730,56,"S/G2 phase",-0.108416938170284,0.0569962870708147
254519556,"YIL011W","TIR3","","dma2252","Vph1_R1_Plate06",8,15,730,60,"S/G2 phase",2.90791721228968,1.84405431347583
254519603,"YIL011W","TIR3","","dma2252","Vph1_R1_Plate06",8,15,730,107,"T phase",3.99290267308554,2.9608361292014
254519609,"YIL011W","TIR3","","dma2252","Vph1_R1_Plate06",8,15,730,113,"S/G2 phase",2.97502971501933,2.83449217030699
254519611,"YIL011W","TIR3","","dma2252","Vph1_R1_Plate06",8,15,730,115,"S/G2 phase",2.46795747217315,1.92371633043321
254519628,"YIL011W","TIR3","","dma2252","Vph1_R1_Plate06",8,15,730,132,"S/G2 phase",0.00343723304578432,0.245237633141116
254519662,"YIL011W","TIR3","","dma2252","Vph1_R1_Plate06",8,15,730,166,"G1 phase",-0.425337089949143,-0.51433969854755
254519707,"YIL011W","TIR3","","dma2252","Vph1_R1_Plate06",8,15,730,212,"S/G2 phase",2.12493801377721,2.32353999354233
254519711,"YIL011W","TIR3","","dma2252","Vph1_R1_Plate06",8,15,731,3,"T phase",2.1137525966556,2.35094372737566
254519763,"YIL011W","TIR3","","dma2252","Vph1_R1_Plate06",8,15,731,55,"T phase",0.338999746693989,1.16413899874455
254519922,"YIL011W","TIR3","","dma2252","Vph1_R1_Plate06",8,15,731,216,"S/G2 phase",0.961654633130101,0.985536756726093
254519957,"YIL011W","TIR3","","dma2252","Vph1_R1_Plate06",8,15,732,36,"S/G2 phase",1.36432964950795,1.06113601081865
254520070,"YIL011W","TIR3","","dma2252","Vph1_R1_Plate06",8,15,732,153,"S/G2 phase",1.49109771021949,1.84963065466284
254520098,"YIL011W","TIR3","","dma2252","Vph1_R1_Plate06",8,15,732,181,"S/G2 phase",1.09587963858938,1.28363202418063
254522787,"YIL010W","DOT5","","dma2253","Vph1_R1_Plate06",8,17,737,22,"S/G2 phase",2.39711649706964,2.9608361292014
254522801,"YIL010W","DOT5","","dma2253","Vph1_R1_Plate06",8,17,737,36,"MA-single",-0.704972517989313,-0.577511677994756
254522819,"YIL010W","DOT5","","dma2253","Vph1_R1_Plate06",8,17,737,55,"S/G2 phase",1.47991229309788,1.18747996971306
254522854,"YIL010W","DOT5","","dma2253","Vph1_R1_Plate06",8,17,737,90,"S/G2 phase",0.406112249423629,0.646335888521549
254522921,"YIL010W","DOT5","","dma2253","Vph1_R1_Plate06",8,17,738,10,"MA phase",2.85944707142939,2.57216514846632
254522959,"YIL010W","DOT5","","dma2253","Vph1_R1_Plate06",8,17,738,49,"S/G2 phase",0.61490670236029,1.08041421892234
254522972,"YIL010W","DOT5","","dma2253","Vph1_R1_Plate06",8,17,738,63,"S/G2 phase",1.05113797010295,1.82628968369433
254522975,"YIL010W","DOT5","","dma2253","Vph1_R1_Plate06",8,17,738,66,"T phase",2.42694427606059,2.41562928514506
254522987,"YIL010W","DOT5","","dma2253","Vph1_R1_Plate06",8,17,738,78,"T phase",2.92283110178516,3.11330922965783
254522991,"YIL010W","DOT5","","dma2253","Vph1_R1_Plate06",8,17,738,82,"S/G2 phase",0.525423365387435,0.921090185007569
254523013,"YIL010W","DOT5","","dma2253","Vph1_R1_Plate06",8,17,738,105,"S/G2 phase",0.79014490393213,0.941642985382575
254523094,"YIL010W","DOT5","","dma2253","Vph1_R1_Plate06",8,17,739,46,"S/G2 phase",-0.57820445727777,-0.488210556985527
254523143,"YIL010W","DOT5","","dma2253","Vph1_R1_Plate06",8,17,739,95,"S/G2 phase",1.13689283470194,1.38663501210652
254523206,"YIL010W","DOT5","","dma2253","Vph1_R1_Plate06",8,17,740,9,"S/G2 phase",1.74836230401645,1.23973825283711
254523254,"YIL010W","DOT5","","dma2253","Vph1_R1_Plate06",8,17,740,59,"S/G2 phase",2.66183803561433,2.82055131733945
254523263,"YIL010W","DOT5","","dma2253","Vph1_R1_Plate06",8,17,740,68,"MA-single",0.182403906991493,0.110529162466177
254523270,"YIL010W","DOT5","","dma2253","Vph1_R1_Plate06",8,17,740,75,"S/G2 phase",1.14807825182355,1.83720338001749
254523334,"YIL010W","DOT5","","dma2253","Vph1_R1_Plate06",8,17,740,139,"MA phase",2.13985190327268,2.24794073944977
254526253,"YIL009C-A","EST3","","dma2254","Vph1_R1_Plate06",8,19,745,24,"T phase",4.48878949881011,3.94569764484554
254526255,"YIL009C-A","EST3","","dma2254","Vph1_R1_Plate06",8,19,745,26,"S/G2 phase",1.21891922692706,1.22197362305561
254526270,"YIL009C-A","EST3","","dma2254","Vph1_R1_Plate06",8,19,745,41,"S/G2 phase",0.119019876635721,0.192979350017071
254526307,"YIL009C-A","EST3","","dma2254","Vph1_R1_Plate06",8,19,745,78,"S/G2 phase",0.525423365387435,0.271366774703137
254526341,"YIL009C-A","EST3","","dma2254","Vph1_R1_Plate06",8,19,745,112,"MA-single",-0.302297501611468,-0.214969838821697
254526360,"YIL009C-A","EST3","","dma2254","Vph1_R1_Plate06",8,19,745,132,"S/G2 phase",0.22714557547792,0.471796409367918
254526379,"YIL009C-A","EST3","","dma2254","Vph1_R1_Plate06",8,19,745,151,"S/G2 phase",0.547794199630649,0.640759547334531
254526400,"YIL009C-A","EST3","","dma2254","Vph1_R1_Plate06",8,19,745,172,"S/G2 phase",0.745403235445702,0.59965394658452
254526405,"YIL009C-A","EST3","","dma2254","Vph1_R1_Plate06",8,19,745,177,"S/G2 phase",2.31136163247065,1.98967648047393
254526493,"YIL009C-A","EST3","","dma2254","Vph1_R1_Plate06",8,19,745,265,"T phase",0.715575456454751,0.852341864373345
254526573,"YIL009C-A","EST3","","dma2254","Vph1_R1_Plate06",8,19,745,345,"T phase",1.08842269384164,0.827726301133515
254526603,"YIL009C-A","EST3","","dma2254","Vph1_R1_Plate06",8,19,745,375,"S/G2 phase",1.12570741758033,1.13673526491121
254526631,"YIL009C-A","EST3","","dma2254","Vph1_R1_Plate06",8,19,745,403,"G1 phase",0.294258078207561,0.315260546046656
254526638,"YIL009C-A","EST3","","dma2254","Vph1_R1_Plate06",8,19,745,410,"T phase",1.33823034289086,1.40870139080372
254526645,"YIL009C-A","EST3","","dma2254","Vph1_R1_Plate06",8,19,745,417,"T phase",3.30686375629366,2.6695917952052
254526651,"YIL009C-A","EST3","","dma2254","Vph1_R1_Plate06",8,19,745,423,"S/G2 phase",0.361370580937202,0.388071629545706
254526697,"YIL009C-A","EST3","","dma2254","Vph1_R1_Plate06",8,19,745,469,"T phase",2.99367207688867,2.67795630698573
254526798,"YIL009C-A","EST3","","dma2254","Vph1_R1_Plate06",8,19,746,88,"S/G2 phase",0.100377514766377,0.434753571482734
254526864,"YIL009C-A","EST3","","dma2254","Vph1_R1_Plate06",8,19,746,155,"T phase",2.88554637804647,2.4635858193534
254526887,"YIL009C-A","EST3","","dma2254","Vph1_R1_Plate06",8,19,746,179,"S/G2 phase",3.48955890261324,3.7300525649419
254526906,"YIL009C-A","EST3","","dma2254","Vph1_R1_Plate06",8,19,746,199,"S/G2 phase",3.3739762590233,2.67923089925705
254526918,"YIL009C-A","EST3","","dma2254","Vph1_R1_Plate06",8,19,746,211,"S/G2 phase",0.562708089126125,0.573524805022498
254527048,"YIL009C-A","EST3","","dma2254","Vph1_R1_Plate06",8,19,746,343,"S/G2 phase",0.868442823783377,0.480160921148443
254527079,"YIL009C-A","EST3","","dma2254","Vph1_R1_Plate06",8,19,746,375,"S/G2 phase",0.0668212634015562,0.702656934510419
254527121,"YIL009C-A","EST3","","dma2254","Vph1_R1_Plate06",8,19,746,417,"S/G2 phase",2.08019634529078,1.84126614288232
254527197,"YIL009C-A","EST3","","dma2254","Vph1_R1_Plate06",8,19,747,61,"S/G2 phase",1.40161437324663,1.05707324795383
254527226,"YIL009C-A","EST3","","dma2254","Vph1_R1_Plate06",8,19,747,90,"S/G2 phase",2.76623526208267,3.25614322606242
254527246,"YIL009C-A","EST3","","dma2254","Vph1_R1_Plate06",8,19,747,110,"S/G2 phase",0.398655304675891,0.653186821979883
254527264,"YIL009C-A","EST3","","dma2254","Vph1_R1_Plate06",8,19,747,128,"S/G2 phase",2.1137525966556,2.28370898506363
254527285,"YIL009C-A","EST3","","dma2254","Vph1_R1_Plate06",8,19,747,149,"S/G2 phase",1.06232338722456,1.00760313542329
254527333,"YIL009C-A","EST3","","dma2254","Vph1_R1_Plate06",8,19,747,198,"S/G2 phase",0.816244210549212,0.806934514707635
254527346,"YIL009C-A","EST3","","dma2254","Vph1_R1_Plate06",8,19,747,211,"MA phase",2.78860609632588,2.06527573456649
254527352,"YIL009C-A","EST3","","dma2254","Vph1_R1_Plate06",8,19,747,217,"T phase",3.02349985587962,2.7122109742774
254527356,"YIL009C-A","EST3","","dma2254","Vph1_R1_Plate06",8,19,747,221,"S/G2 phase",1.65887896704359,1.64362467881105
254527398,"YIL009C-A","EST3","","dma2254","Vph1_R1_Plate06",8,19,747,264,"S/G2 phase",1.05486644247682,1.46908519965742
254527450,"YIL009C-A","EST3","","dma2254","Vph1_R1_Plate06",8,19,747,316,"MA phase",1.39042895612503,1.73013762922677
254527560,"YIL009C-A","EST3","","dma2254","Vph1_R1_Plate06",8,19,748,25,"S/G2 phase",0.887085185652722,0.981473993861266
254527593,"YIL009C-A","EST3","","dma2254","Vph1_R1_Plate06",8,19,748,58,"S/G2 phase",2.4865998340425,2.11880860996184
254527595,"YIL009C-A","EST3","","dma2254","Vph1_R1_Plate06",8,19,748,60,"S/G2 phase",0.212231685982445,0.563885700970655
254527633,"YIL009C-A","EST3","","dma2254","Vph1_R1_Plate06",8,19,748,98,"S/G2 phase",1.05859491485069,0.897749214039055
254527685,"YIL009C-A","EST3","","dma2254","Vph1_R1_Plate06",8,19,748,153,"S/G2 phase",1.07350880434617,1.14637436896305
254527689,"YIL009C-A","EST3","","dma2254","Vph1_R1_Plate06",8,19,748,157,"S/G2 phase",3.00112902163641,2.24794073944977
254527737,"YIL009C-A","EST3","","dma2254","Vph1_R1_Plate06",8,19,748,205,"S/G2 phase",0.491867114022615,0.585952079667851
254527753,"YIL009C-A","EST3","","dma2254","Vph1_R1_Plate06",8,19,748,222,"S/G2 phase",1.01758171873813,1.39499952388705
254527821,"YIL009C-A","EST3","","dma2254","Vph1_R1_Plate06",8,19,748,291,"T phase",1.56939563007074,1.80979964618415
254527871,"YIL009C-A","EST3","","dma2254","Vph1_R1_Plate06",8,19,748,345,"S/G2 phase",0.708118511707013,0.606504880042855
254527956,"YIL009C-A","EST3","","dma2254","Vph1_R1_Plate06",8,19,748,431,"S/G2 phase",0.618635174734159,0.709507867968755
254529548,"YIL008W","URM1","","dma2255","Vph1_R1_Plate06",8,21,755,22,"T phase",2.05036856629983,2.13936141033685
254532085,"YIL007C","NAS2","","dma2256","Vph1_R1_Plate06",8,23,761,78,"G1 phase",-0.0972315210486769,-0.262926373030043
254532197,"YIL007C","NAS2","","dma2256","Vph1_R1_Plate06",8,23,761,193,"S/G2 phase",2.02426925968275,2.29055991852197
254532212,"YIL007C","NAS2","","dma2256","Vph1_R1_Plate06",8,23,761,208,"S/G2 phase",0.603721285238683,1.13952343550472
254532213,"YIL007C","NAS2","","dma2256","Vph1_R1_Plate06",8,23,761,209,"S/G2 phase",0.558979616752256,1.18062903625473
254532236,"YIL007C","NAS2","","dma2256","Vph1_R1_Plate06",8,23,761,232,"S/G2 phase",1.59176646431395,1.29048295763896
254532315,"YIL007C","NAS2","","dma2256","Vph1_R1_Plate06",8,23,762,41,"S/G2 phase",1.32704492576926,1.33031396611765
254532441,"YIL007C","NAS2","","dma2256","Vph1_R1_Plate06",8,23,762,175,"S/G2 phase",0.376284470432678,0.680590555813223
254532446,"YIL007C","NAS2","","dma2256","Vph1_R1_Plate06",8,23,762,181,"T phase",4.14949851278804,2.7548301533496
254532451,"YIL007C","NAS2","","dma2256","Vph1_R1_Plate06",8,23,762,187,"S/G2 phase",4.0339158691981,2.67516813639222
254532454,"YIL007C","NAS2","","dma2256","Vph1_R1_Plate06",8,23,762,190,"T phase",3.3739762590233,2.76725742799495
254532467,"YIL007C","NAS2","","dma2256","Vph1_R1_Plate06",8,23,762,203,"S/G2 phase",1.43889909698532,1.73850214100729
254532509,"YIL007C","NAS2","","dma2256","Vph1_R1_Plate06",8,23,762,246,"T phase",1.00639630161653,1.67102841264439
254532552,"YIL007C","NAS2","","dma2256","Vph1_R1_Plate06",8,23,763,10,"MA-single",-0.861568357691809,-1.1049538922696
254532635,"YIL007C","NAS2","","dma2256","Vph1_R1_Plate06",8,23,763,94,"S/G2 phase",1.81547480674609,1.46502243679259
254532650,"YIL007C","NAS2","","dma2256","Vph1_R1_Plate06",8,23,763,112,"S/G2 phase",-0.324668335854682,-0.398909435976299
254532727,"YIL007C","NAS2","","dma2256","Vph1_R1_Plate06",8,23,763,192,"S/G2 phase",-0.287383612115993,-0.124155139490278
254532745,"YIL007C","NAS2","","dma2256","Vph1_R1_Plate06",8,23,763,210,"S/G2 phase",0.081735152897032,0.235598529089271
254532751,"YIL007C","NAS2","","dma2256","Vph1_R1_Plate06",8,23,763,217,"MA-single",0.846071989540164,0.507564654981783
254532802,"YIL007C","NAS2","","dma2256","Vph1_R1_Plate06",8,23,763,268,"S/G2 phase",1.70362063553002,2.31796365235531
254532852,"YIL007C","NAS2","","dma2256","Vph1_R1_Plate06",8,23,763,318,"S/G2 phase",3.1465394442173,3.19575941720873
254532858,"YIL007C","NAS2","","dma2256","Vph1_R1_Plate06",8,23,763,324,"S/G2 phase",1.42771367986372,1.33589030730467
254532898,"YIL007C","NAS2","","dma2256","Vph1_R1_Plate06",8,23,764,28,"S/G2 phase",0.234602520225658,0.367518829170701
254532985,"YIL007C","NAS2","","dma2256","Vph1_R1_Plate06",8,23,764,116,"T phase",2.62455331187565,2.088616705535
254532999,"YIL007C","NAS2","","dma2256","Vph1_R1_Plate06",8,23,764,130,"MA-single",0.133933766131197,0.0364434866958092
254533069,"YIL007C","NAS2","","dma2256","Vph1_R1_Plate06",8,23,764,202,"T phase",2.88554637804647,2.55288694036263
254533105,"YIL007C","NAS2","","dma2256","Vph1_R1_Plate06",8,23,764,240,"S/G2 phase",0.525423365387435,0.962195785757579
254533129,"YIL007C","NAS2","","dma2256","Vph1_R1_Plate06",8,23,764,265,"MA phase",1.05113797010295,1.5487472166148
254558909,"YHR200W","RPN10","","dma2222","Vph1_R1_Plate06",4,3,297,32,"S/G2 phase",2.102567179534,2.23423887253309
254558933,"YHR200W","RPN10","","dma2222","Vph1_R1_Plate06",4,3,297,57,"S/G2 phase",2.44931511030381,1.86612069217302
254558941,"YHR200W","RPN10","","dma2222","Vph1_R1_Plate06",4,3,297,65,"G1 phase",-0.376866949088847,-0.26850271421706
254558947,"YHR200W","RPN10","","dma2222","Vph1_R1_Plate06",4,3,297,71,"T phase",2.97502971501933,3.21910038817724
254558954,"YHR200W","RPN10","","dma2222","Vph1_R1_Plate06",4,3,297,78,"S/G2 phase",0.592535868117076,0.742487942989111
254559057,"YHR200W","RPN10","","dma2222","Vph1_R1_Plate06",4,3,298,67,"S/G2 phase",0.12274834900959,0.291919575078143
254559070,"YHR200W","RPN10","","dma2222","Vph1_R1_Plate06",4,3,298,80,"S/G2 phase",1.66260743941746,1.55838632066665
254559079,"YHR200W","RPN10","","dma2222","Vph1_R1_Plate06",4,3,298,89,"S/G2 phase",0.745403235445702,0.888110109987212
254559108,"YHR200W","RPN10","","dma2222","Vph1_R1_Plate06",4,3,299,22,"S/G2 phase",0.831158100044688,1.08726515238067
254559153,"YHR200W","RPN10","","dma2222","Vph1_R1_Plate06",4,3,299,68,"MA-single",-0.481264175557177,-0.521190632005885
254559206,"YHR200W","RPN10","","dma2222","Vph1_R1_Plate06",4,3,299,121,"S/G2 phase",1.11079352808486,1.10933153107787
254559314,"YHR200W","RPN10","","dma2222","Vph1_R1_Plate06",4,3,300,105,"S/G2 phase",0.737946290697964,0.958133022892752
254559340,"YHR200W","RPN10","","dma2222","Vph1_R1_Plate06",4,3,300,132,"S/G2 phase",0.939283798886887,1.27678109072229
254560248,"YHR199C","AIM46","","dma2223","Vph1_R1_Plate06",4,5,305,120,"S/G2 phase",2.05782551104757,1.85090524693416
254560254,"YHR199C","AIM46","","dma2223","Vph1_R1_Plate06",4,5,305,126,"S/G2 phase",1.01385324636427,0.87719641366405
254560294,"YHR199C","AIM46","","dma2223","Vph1_R1_Plate06",4,5,305,168,"MA-single",-0.406694728079799,-0.301482789237417
254560366,"YHR199C","AIM46","","dma2223","Vph1_R1_Plate06",4,5,306,73,"S/G2 phase",2.48287136166863,2.08582853494149
254560371,"YHR199C","AIM46","","dma2223","Vph1_R1_Plate06",4,5,306,78,"MA-single",-0.0487613801883808,-0.113241443167117
254560403,"YHR199C","AIM46","","dma2223","Vph1_R1_Plate06",4,5,306,110,"S/G2 phase",0.96538310550397,0.804385330165001
254560505,"YHR199C","AIM46","","dma2223","Vph1_R1_Plate06",4,5,307,55,"S/G2 phase",0.730489345950227,0.993901268506619
254560528,"YHR199C","AIM46","","dma2223","Vph1_R1_Plate06",4,5,307,79,"MA phase",0.372555998058809,0.371581592035527
254560530,"YHR199C","AIM46","","dma2223","Vph1_R1_Plate06",4,5,307,81,"S/G2 phase",-0.149430134282842,-0.0444931225328931
254560603,"YHR199C","AIM46","","dma2223","Vph1_R1_Plate06",4,5,307,154,"MA phase",1.55821021294913,1.59542915855183
254560621,"YHR199C","AIM46","","dma2223","Vph1_R1_Plate06",4,5,307,172,"T phase",1.32704492576926,1.62434647070736
254560648,"YHR199C","AIM46","","dma2223","Vph1_R1_Plate06",4,5,308,27,"S/G2 phase",1.28976020203057,1.60785643319718
254560664,"YHR199C","AIM46","","dma2223","Vph1_R1_Plate06",4,5,308,43,"S/G2 phase",1.80801786199835,1.62434647070736
254560687,"YHR199C","AIM46","","dma2223","Vph1_R1_Plate06",4,5,308,67,"S/G2 phase",1.69616369078228,1.34959217422134
254560743,"YHR199C","AIM46","","dma2223","Vph1_R1_Plate06",4,5,308,125,"S/G2 phase",1.04740949772909,0.948493918840908
254563140,"YHR198C","AIM18","","dma2224","Vph1_R1_Plate06",4,7,314,52,"S/G2 phase",1.50974007208883,1.50764161586479
254563283,"YHR198C","AIM18","","dma2224","Vph1_R1_Plate06",4,7,315,63,"G1 phase",-0.216542637012483,-0.139370584729139
254563284,"YHR198C","AIM18","","dma2224","Vph1_R1_Plate06",4,7,315,64,"S/G2 phase",0.428483083666843,0.679315963541905
254563290,"YHR198C","AIM18","","dma2224","Vph1_R1_Plate06",4,7,315,70,"S/G2 phase",0.838615044792426,0.937580222517748
254563318,"YHR198C","AIM18","","dma2224","Vph1_R1_Plate06",4,7,316,2,"S/G2 phase",0.12274834900959,0.412926178836411
254563414,"YHR198C","AIM18","","dma2224","Vph1_R1_Plate06",4,7,316,101,"S/G2 phase",0.406112249423629,1.18341720684824
254563427,"YHR198C","AIM18","","dma2224","Vph1_R1_Plate06",4,7,316,114,"G1 phase",-0.194171802769269,-0.278141818268903
254563442,"YHR198C","AIM18","","dma2224","Vph1_R1_Plate06",4,7,316,130,"S/G2 phase",1.10706505571099,0.629845851011369
254565306,"YIL029C","","","dma2261","Vph1_R1_Plate06",10,9,897,8,"MA-single",-1.11883295148877,-1.15721217539365
254565330,"YIL029C","","","dma2261","Vph1_R1_Plate06",10,9,897,33,"S/G2 phase",1.69616369078228,1.90873987124522
254565339,"YIL029C","","","dma2261","Vph1_R1_Plate06",10,9,897,42,"T phase",2.98248665976706,3.22316315104206
254565376,"YIL029C","","","dma2261","Vph1_R1_Plate06",10,9,897,82,"S/G2 phase",0.89454213040046,1.55711172839533
254565410,"YIL029C","","","dma2261","Vph1_R1_Plate06",10,9,897,117,"S/G2 phase",2.68793734223142,2.32760275640715
254565419,"YIL029C","","","dma2261","Vph1_R1_Plate06",10,9,897,126,"S/G2 phase",0.365099053311071,0.318048716640165
254565432,"YIL029C","","","dma2261","Vph1_R1_Plate06",10,9,897,140,"S/G2 phase",0.913184492269804,1.11466888621401
254565466,"YIL029C","","","dma2261","Vph1_R1_Plate06",10,9,897,174,"T phase",2.99740054926254,2.85504497068199
254565483,"YIL029C","","","dma2261","Vph1_R1_Plate06",10,9,897,191,"S/G2 phase",0.745403235445702,1.38814859042872
254565531,"YIL029C","","","dma2261","Vph1_R1_Plate06",10,9,898,39,"MA phase",2.06901092816917,2.03229565954612
254565590,"YIL029C","","","dma2261","Vph1_R1_Plate06",10,9,898,100,"S/G2 phase",1.24874700591801,1.26307922380562
254565601,"YIL029C","","","dma2261","Vph1_R1_Plate06",10,9,898,112,"T phase",5.72291385456073,4.34273313736115
254565690,"YIL029C","","","dma2261","Vph1_R1_Plate06",10,9,899,10,"S/G2 phase",0.372555998058809,0.346966028795696
254565867,"YIL029C","","","dma2261","Vph1_R1_Plate06",10,9,900,24,"S/G2 phase",0.778959486810523,0.988324927319601
254565875,"YIL029C","","","dma2261","Vph1_R1_Plate06",10,9,900,32,"S/G2 phase",1.60295188143556,1.32497661098151
254565881,"YIL029C","","","dma2261","Vph1_R1_Plate06",10,9,900,39,"T phase",1.62905118805264,2.24387797658494
254565923,"YIL029C","","","dma2261","Vph1_R1_Plate06",10,9,900,86,"S/G2 phase",2.96757277027159,2.28092081447012
254565985,"YIL029C","","","dma2261","Vph1_R1_Plate06",10,9,900,150,"S/G2 phase",0.995210884494921,1.06392418141216
254565986,"YIL029C","","","dma2261","Vph1_R1_Plate06",10,9,900,151,"MA phase",1.53583937870592,2.03229565954612
254566004,"YIL029C","","","dma2261","Vph1_R1_Plate06",10,9,900,170,"S/G2 phase",1.22264769930093,1.301635640013
254566046,"YIL029C","","","dma2261","Vph1_R1_Plate06",10,9,900,212,"S/G2 phase",0.189860851739231,0.155936512131887
254566688,"YIL028W","","","dma2262","Vph1_R1_Plate06",10,11,905,86,"S/G2 phase",2.60963942238017,2.38950014358304
254566759,"YIL028W","","","dma2262","Vph1_R1_Plate06",10,11,905,159,"T phase",2.59472553288469,2.49656589437376
254566831,"YIL028W","","","dma2262","Vph1_R1_Plate06",10,11,905,232,"S/G2 phase",1.93478592270989,2.34688096451084
254566847,"YIL028W","","","dma2262","Vph1_R1_Plate06",10,11,905,249,"S/G2 phase",2.72149359359624,2.89360138688937
254566860,"YIL028W","","","dma2262","Vph1_R1_Plate06",10,11,905,262,"MA-single",-1.49540866124953,-1.65573707751296
254566913,"YIL028W","","","dma2262","Vph1_R1_Plate06",10,11,905,315,"S/G2 phase",-0.555833623034556,-0.626981790525292
254566951,"YIL028W","","","dma2262","Vph1_R1_Plate06",10,11,906,24,"G1 phase",-0.414151672827536,-0.420975814673494
254566955,"YIL028W","","","dma2262","Vph1_R1_Plate06",10,11,906,28,"T phase",4.03764434157197,2.84540586663015
254566958,"YIL028W","","","dma2262","Vph1_R1_Plate06",10,11,906,31,"S/G2 phase",0.268158771590479,0.466459054231774
254566997,"YIL028W","","","dma2262","Vph1_R1_Plate06",10,11,906,70,"G1 phase",0.271887243964348,0.153148341538378
254566998,"YIL028W","","","dma2262","Vph1_R1_Plate06",10,11,906,71,"T phase",3.12789708234795,2.30298719316732
254567045,"YIL028W","","","dma2262","Vph1_R1_Plate06",10,11,906,119,"S/G2 phase",1.50601159971497,1.74105132554993
254567051,"YIL028W","","","dma2262","Vph1_R1_Plate06",10,11,906,125,"S/G2 phase",0.901999075148198,0.84549093091501
254567083,"YIL028W","","","dma2262","Vph1_R1_Plate06",10,11,906,157,"MA-single",-1.08527670012394,-1.0445700834159
254567089,"YIL028W","","","dma2262","Vph1_R1_Plate06",10,11,906,165,"G1 phase",0.342728219067857,0.271366774703137
254567102,"YIL028W","","","dma2262","Vph1_R1_Plate06",10,11,906,178,"S/G2 phase",1.81174633437222,1.70400848766474
254567197,"YIL028W","","","dma2262","Vph1_R1_Plate06",10,11,906,279,"S/G2 phase",-0.287383612115993,-0.349439323445763
254567200,"YIL028W","","","dma2262","Vph1_R1_Plate06",10,11,906,282,"S/G2 phase",0.286801133459823,0.282280471026299
254567206,"YIL028W","","","dma2262","Vph1_R1_Plate06",10,11,906,288,"G1 phase",-0.54091973353908,-0.550107944161416
254567208,"YIL028W","","","dma2262","Vph1_R1_Plate06",10,11,906,290,"S/G2 phase",1.07723727672004,1.10375518989085
254567226,"YIL028W","","","dma2262","Vph1_R1_Plate06",10,11,906,309,"T phase",1.90495814371894,1.96633550950541
254567321,"YIL028W","","","dma2262","Vph1_R1_Plate06",10,11,907,85,"S/G2 phase",0.201046268860838,0.318048716640165
254567346,"YIL028W","","","dma2262","Vph1_R1_Plate06",10,11,907,110,"MA-single",-0.119602355291891,-0.219032601686524
254567408,"YIL028W","","","dma2262","Vph1_R1_Plate06",10,11,907,174,"S/G2 phase",1.2375615887964,1.58730363282218
254567460,"YIL028W","","","dma2262","Vph1_R1_Plate06",10,11,907,226,"S/G2 phase",0.611178229986421,0.776742610280787
254567501,"YIL028W","","","dma2262","Vph1_R1_Plate06",10,11,907,270,"S/G2 phase",0.581350450995469,0.753401639312273
254567512,"YIL028W","","","dma2262","Vph1_R1_Plate06",10,11,907,281,"T phase",3.64242626994187,3.24929229260409
254567514,"YIL028W","","","dma2262","Vph1_R1_Plate06",10,11,907,283,"S/G2 phase",0.536608782509042,0.543332900595649
254567605,"YIL028W","","","dma2262","Vph1_R1_Plate06",10,11,908,9,"S/G2 phase",1.05859491485069,1.00354037255846
254567606,"YIL028W","","","dma2262","Vph1_R1_Plate06",10,11,908,10,"S/G2 phase",1.04740949772909,0.967772126944597
254567610,"YIL028W","","","dma2262","Vph1_R1_Plate06",10,11,908,14,"S/G2 phase",2.67675192510981,2.40192741822839
254567619,"YIL028W","","","dma2262","Vph1_R1_Plate06",10,11,908,24,"S/G2 phase",1.59176646431395,1.76311770424712
254567632,"YIL028W","","","dma2262","Vph1_R1_Plate06",10,11,908,37,"S/G2 phase",0.745403235445702,0.616143984094699
254567683,"YIL028W","","","dma2262","Vph1_R1_Plate06",10,11,908,88,"T phase",4.02645892445037,3.15314023813652
254567688,"YIL028W","","","dma2262","Vph1_R1_Plate06",10,11,908,93,"S/G2 phase",4.73486867548546,3.58036763507898
254567696,"YIL028W","","","dma2262","Vph1_R1_Plate06",10,11,908,101,"MA phase",1.37551506662955,1.39093676102222
254567712,"YIL028W","","","dma2262","Vph1_R1_Plate06",10,11,908,117,"S/G2 phase",1.28230325728283,1.31940026979449
254567732,"YIL028W","","","dma2262","Vph1_R1_Plate06",10,11,908,137,"S/G2 phase",1.53583937870592,1.1339470943177
254567751,"YIL028W","","","dma2262","Vph1_R1_Plate06",10,11,908,158,"S/G2 phase",1.92360050558829,1.97876278415076
254567780,"YIL028W","","","dma2262","Vph1_R1_Plate06",10,11,908,190,"MA-single",-1.63336213908268,-1.77395551067772
254567781,"YIL028W","","","dma2262","Vph1_R1_Plate06",10,11,908,191,"T phase",3.71699571741924,2.77817112431812
254567793,"YIL028W","","","dma2262","Vph1_R1_Plate06",10,11,908,205,"S/G2 phase",3.40380403801425,3.12016016311617
254567794,"YIL028W","","","dma2262","Vph1_R1_Plate06",10,11,908,206,"T phase",1.69989216315615,2.28649715565714
254567799,"YIL028W","","","dma2262","Vph1_R1_Plate06",10,11,908,211,"T phase",3.1577248613389,2.58738059370518
254567825,"YIL028W","","","dma2262","Vph1_R1_Plate06",10,11,908,237,"S/G2 phase",2.90791721228968,2.07491483861833
254575626,"YIL025C","","","dma2264","Vph1_R1_Plate06",10,15,921,12,"MA-single",-1.05917739350686,-1.17776497576865
254575651,"YIL025C","","","dma2264","Vph1_R1_Plate06",10,15,921,39,"G1 phase",-0.570747512530032,-0.475783282340175
254575664,"YIL025C","","","dma2264","Vph1_R1_Plate06",10,15,921,52,"T phase",2.58726858813696,2.46231122708209
254575684,"YIL025C","","","dma2264","Vph1_R1_Plate06",10,15,921,73,"S/G2 phase",1.08842269384164,1.48430064489628
254575719,"YIL025C","","","dma2264","Vph1_R1_Plate06",10,15,921,108,"S/G2 phase",3.28076444967658,2.41690387741638
254575725,"YIL025C","","","dma2264","Vph1_R1_Plate06",10,15,921,115,"MA phase",0.931826854139149,1.07913962665102
254575730,"YIL025C","","","dma2264","Vph1_R1_Plate06",10,15,921,120,"MA-single",-0.209085692264745,-0.205330734769854
254575796,"YIL025C","","","dma2264","Vph1_R1_Plate06",10,15,921,186,"S/G2 phase",0.0854636252709009,0.0131025157272955
254575800,"YIL025C","","","dma2264","Vph1_R1_Plate06",10,15,921,190,"S/G2 phase",0.26443029921661,0.606504880042856
254575804,"YIL025C","","","dma2264","Vph1_R1_Plate06",10,15,921,194,"S/G2 phase",1.8975011989712,2.42375481087471
254575866,"YIL025C","","","dma2264","Vph1_R1_Plate06",10,15,922,6,"MA-single",-0.596846819147114,-0.606428990150287
254575874,"YIL025C","","","dma2264","Vph1_R1_Plate06",10,15,922,14,"S/G2 phase",1.01758171873813,1.04743414390198
254575938,"YIL025C","","","dma2264","Vph1_R1_Plate06",10,15,922,84,"MA phase",3.19500958507759,2.99381620422175
254575968,"YIL025C","","","dma2264","Vph1_R1_Plate06",10,15,922,115,"S/G2 phase",1.71107758027776,1.37699590805468
254575989,"YIL025C","","","dma2264","Vph1_R1_Plate06",10,15,922,137,"S/G2 phase",2.21069287837619,2.33724186045899
254575993,"YIL025C","","","dma2264","Vph1_R1_Plate06",10,15,922,141,"S/G2 phase",1.26366089541348,1.47872430370926
254576009,"YIL025C","","","dma2264","Vph1_R1_Plate06",10,15,922,157,"S/G2 phase",2.11748106902947,1.59415456628051
254576050,"YIL025C","","","dma2264","Vph1_R1_Plate06",10,15,922,199,"S/G2 phase",2.04664009392596,1.77275680829897
254576082,"YIL025C","","","dma2264","Vph1_R1_Plate06",10,15,922,233,"MA-single",-0.604303763894852,-0.507488765089215
254576097,"YIL025C","","","dma2264","Vph1_R1_Plate06",10,15,922,248,"S/G2 phase",4.30609435249054,3.39491445960219
254576102,"YIL025C","","","dma2264","Vph1_R1_Plate06",10,15,922,253,"S/G2 phase",1.58058104719234,1.81107423845547
254576105,"YIL025C","","","dma2264","Vph1_R1_Plate06",10,15,923,3,"S/G2 phase",0.85725740666177,1.30976116574265
254576169,"YIL025C","","","dma2264","Vph1_R1_Plate06",10,15,923,68,"S/G2 phase",0.924369909391411,1.09690425643252
254576179,"YIL025C","","","dma2264","Vph1_R1_Plate06",10,15,923,79,"S/G2 phase",0.838615044792426,1.35923127827318
254576195,"YIL025C","","","dma2264","Vph1_R1_Plate06",10,15,923,97,"S/G2 phase",0.570165033873862,0.530905625950297
254576276,"YIL025C","","","dma2264","Vph1_R1_Plate06",10,15,923,180,"MA phase",2.92283110178516,2.87432317878568
254576288,"YIL025C","","","dma2264","Vph1_R1_Plate06",10,15,924,3,"S/G2 phase",0.652191426098979,0.548909241782668
254576448,"YIL025C","","","dma2264","Vph1_R1_Plate06",10,15,924,166,"T phase",2.84453318193391,2.77817112431812
254576476,"YIL025C","","","dma2264","Vph1_R1_Plate06",10,15,924,194,"MA phase",1.11079352808486,0.958133022892752
254576479,"YIL025C","","","dma2264","Vph1_R1_Plate06",10,15,924,197,"S/G2 phase",2.06528245579531,2.29055991852196
254576483,"YIL025C","","","dma2264","Vph1_R1_Plate06",10,15,924,201,"S/G2 phase",2.24424912974101,1.99931558452577
254576505,"YIL025C","","","dma2264","Vph1_R1_Plate06",10,15,924,225,"MA phase",4.10102837192774,3.14628930467819
254579251,"YIL024C","","","dma2265","Vph1_R1_Plate06",10,17,929,11,"S/G2 phase",-0.522277371669736,-0.474508690068857
254579285,"YIL024C","","","dma2265","Vph1_R1_Plate06",10,17,929,46,"S/G2 phase",1.06232338722456,1.22324821532693
254579315,"YIL024C","","","dma2265","Vph1_R1_Plate06",10,17,929,79,"S/G2 phase",0.338999746693989,0.649124059115057
254579370,"YIL024C","","","dma2265","Vph1_R1_Plate06",10,17,930,19,"S/G2 phase",-0.339582225350158,-0.267228121945742
254579383,"YIL024C","","","dma2265","Vph1_R1_Plate06",10,17,930,33,"S/G2 phase",1.94969981220537,2.00210375511928
254579406,"YIL024C","","","dma2265","Vph1_R1_Plate06",10,17,930,57,"S/G2 phase",0.935555326513018,0.676527792948398
254579440,"YIL024C","","","dma2265","Vph1_R1_Plate06",10,17,930,91,"T phase",3.1577248613389,2.2974108519803
254579482,"YIL024C","","","dma2265","Vph1_R1_Plate06",10,17,930,134,"S/G2 phase",0.260701826842741,0.261727670651294
254579511,"YIL024C","","","dma2265","Vph1_R1_Plate06",10,17,931,18,"T phase",3.76546585827954,3.53774845600678
254579533,"YIL024C","","","dma2265","Vph1_R1_Plate06",10,17,931,40,"S/G2 phase",-0.242641943629565,-0.0609831600430724
254579565,"YIL024C","","","dma2265","Vph1_R1_Plate06",10,17,931,72,"MA phase",2.82961929243844,2.4635858193534
254579575,"YIL024C","","","dma2265","Vph1_R1_Plate06",10,17,931,83,"S/G2 phase",0.890813658026591,0.592803013126186
254579604,"YIL024C","","","dma2265","Vph1_R1_Plate06",10,17,931,112,"S/G2 phase",-0.000291239328084615,-0.113241443167117
254579670,"YIL024C","","","dma2265","Vph1_R1_Plate06",10,17,932,27,"S/G2 phase",1.46126993122854,1.40997598307504
254579684,"YIL024C","","","dma2265","Vph1_R1_Plate06",10,17,932,41,"MA phase",2.85944707142939,2.41690387741638
254579737,"YIL024C","","","dma2265","Vph1_R1_Plate06",10,17,932,97,"T phase",3.37770473139717,2.93470698763938
254579769,"YIL024C","","","dma2265","Vph1_R1_Plate06",10,17,932,130,"G1 phase",-0.701244045615444,-0.81649772886691
254582925,"YIL023C","YKE4","","dma2266","Vph1_R1_Plate06",10,19,937,52,"S/G2 phase",2.27780538110583,1.86612069217302
254582940,"YIL023C","YKE4","","dma2266","Vph1_R1_Plate06",10,19,937,67,"S/G2 phase",1.99071300831793,1.55838632066665
254583068,"YIL023C","YKE4","","dma2266","Vph1_R1_Plate06",10,19,938,7,"S/G2 phase",1.40907131799437,1.64768744167587
254583095,"YIL023C","YKE4","","dma2266","Vph1_R1_Plate06",10,19,938,35,"S/G2 phase",2.6655665079882,1.78367050462213
254583166,"YIL023C","YKE4","","dma2266","Vph1_R1_Plate06",10,19,938,106,"S/G2 phase",-0.268741250246648,-0.19569163071801
254583254,"YIL023C","YKE4","","dma2266","Vph1_R1_Plate06",10,19,939,25,"S/G2 phase",2.68793734223142,2.17512965595071
254583266,"YIL023C","YKE4","","dma2266","Vph1_R1_Plate06",10,19,939,40,"S/G2 phase",1.80428938962448,1.62840923357219
254583298,"YIL023C","YKE4","","dma2266","Vph1_R1_Plate06",10,19,940,24,"MA-single",-0.984607946029483,-0.999162733750194
254583305,"YIL023C","YKE4","","dma2266","Vph1_R1_Plate06",10,19,940,31,"S/G2 phase",1.09215116621551,0.85919279783168
254583313,"YIL023C","YKE4","","dma2266","Vph1_R1_Plate06",10,19,940,39,"T phase",1.86021647523251,2.51584410247745
254583417,"YIL023C","YKE4","","dma2266","Vph1_R1_Plate06",10,19,940,143,"S/G2 phase",3.32923459053687,3.04328631675229
254587280,"YIL017C","VID28","","dma2268","Vph1_R1_Plate06",10,23,953,31,"S/G2 phase",1.99816995306566,1.74383949614344
254587302,"YIL017C","VID28","","dma2268","Vph1_R1_Plate06",10,23,953,54,"S/G2 phase",0.950469216008494,0.955344852299244
254587370,"YIL017C","VID28","","dma2268","Vph1_R1_Plate06",10,23,953,123,"S/G2 phase",3.79902210964436,3.65724148144285
254587372,"YIL017C","VID28","","dma2268","Vph1_R1_Plate06",10,23,953,125,"S/G2 phase",0.394926832302023,0.573524805022498
254587394,"YIL017C","VID28","","dma2268","Vph1_R1_Plate06",10,23,953,147,"S/G2 phase",1.14062130707581,1.2191854524621
254587466,"YIL017C","VID28","","dma2268","Vph1_R1_Plate06",10,23,953,220,"S/G2 phase",1.90495814371894,1.78773326748696
254587491,"YIL017C","VID28","","dma2268","Vph1_R1_Plate06",10,23,953,246,"T phase",2.41203038656512,2.28904634019978
254587696,"YIL017C","VID28","","dma2268","Vph1_R1_Plate06",10,23,954,151,"S/G2 phase",0.737946290697964,0.997964031371445
254587787,"YIL017C","VID28","","dma2268","Vph1_R1_Plate06",10,23,954,244,"S/G2 phase",0.167490017496017,0.507564654981783
254587865,"YIL017C","VID28","","dma2268","Vph1_R1_Plate06",10,23,955,49,"T phase",0.409840721797498,0.559822938105828
254587884,"YIL017C","VID28","","dma2268","Vph1_R1_Plate06",10,23,955,68,"S/G2 phase",1.39042895612503,1.45944609560557
254587918,"YIL017C","VID28","","dma2268","Vph1_R1_Plate06",10,23,955,102,"S/G2 phase",1.55448174057526,1.81258781677766
254587984,"YIL017C","VID28","","dma2268","Vph1_R1_Plate06",10,23,955,172,"S/G2 phase",1.71480605265163,1.42240325772039
254587986,"YIL017C","VID28","","dma2268","Vph1_R1_Plate06",10,23,955,174,"S/G2 phase",3.12044013760021,2.46358581935341
254588025,"YIL017C","VID28","","dma2268","Vph1_R1_Plate06",10,23,955,214,"S/G2 phase",3.37024778664943,2.81115119933847
254588034,"YIL017C","VID28","","dma2268","Vph1_R1_Plate06",10,23,955,223,"MA phase",2.19950746125459,1.9429945385369
254588053,"YIL017C","VID28","","dma2268","Vph1_R1_Plate06",10,23,955,242,"T phase",4.22033948789155,3.57479129389196
254588122,"YIL017C","VID28","","dma2268","Vph1_R1_Plate06",10,23,956,43,"T phase",1.82293175149382,1.96633550950541
254588156,"YIL017C","VID28","","dma2268","Vph1_R1_Plate06",10,23,956,80,"T phase",2.11002412428173,1.92929267162023
254588214,"YIL017C","VID28","","dma2268","Vph1_R1_Plate06",10,23,956,139,"S/G2 phase",2.44931511030381,2.00210375511928
254588236,"YIL017C","VID28","","dma2268","Vph1_R1_Plate06",10,23,956,161,"S/G2 phase",-0.0487613801883808,-0.12288054721896
254588253,"YIL017C","VID28","","dma2268","Vph1_R1_Plate06",10,23,956,179,"S/G2 phase",1.33450187051699,1.47872430370926
254588259,"YIL017C","VID28","","dma2268","Vph1_R1_Plate06",10,23,956,185,"S/G2 phase",2.80724845819522,2.33724186045899
254588265,"YIL017C","VID28","","dma2268","Vph1_R1_Plate06",10,23,956,191,"S/G2 phase",0.64846295372511,1.12709616085937
254588338,"YIL017C","VID28","","dma2268","Vph1_R1_Plate06",10,23,956,264,"S/G2 phase",1.51719701683657,1.28642019477413
254600226,"YGR229C","SMI1","","dma1990","Vph1_R1_Plate06",11,20,1037,385,"T phase",0.756588652567309,0.852341864373345
254600233,"YGR229C","SMI1","","dma1990","Vph1_R1_Plate06",11,20,1037,393,"G1 phase",-0.809369744457644,-0.762964853471548
254600295,"YGR229C","SMI1","","dma1990","Vph1_R1_Plate06",11,20,1037,471,"G1 phase",-0.40296625570593,-0.570660744536421
254600835,"YGR229C","SMI1","","dma1990","Vph1_R1_Plate06",11,20,1038,461,"S/G2 phase",-0.477535703183308,-0.0734104346884243
254601686,"YGR229C","SMI1","","dma1990","Vph1_R1_Plate06",11,20,1039,762,"MA-single",-1.62590519433494,-1.86046846109344
254614504,"YIL044C","AGE2","","dma2271","Vph1_R1_Plate06",12,5,1073,40,"T phase",2.21814982312393,2.31796365235531
254614524,"YIL044C","AGE2","","dma2271","Vph1_R1_Plate06",12,5,1073,61,"S/G2 phase",2.98621513214093,2.37022193547935
254614540,"YIL044C","AGE2","","dma2271","Vph1_R1_Plate06",12,5,1073,77,"S/G2 phase",0.0891920976447698,0.091489940413363
254614553,"YIL044C","AGE2","","dma2271","Vph1_R1_Plate06",12,5,1073,90,"S/G2 phase",1.1182504728326,0.794746226113157
254614637,"YIL044C","AGE2","","dma2271","Vph1_R1_Plate06",12,5,1073,180,"T phase",3.47837348549163,2.97453799611807
254614648,"YIL044C","AGE2","","dma2271","Vph1_R1_Plate06",12,5,1073,191,"S/G2 phase",0.286801133459823,0.359393303441049
254614676,"YIL044C","AGE2","","dma2271","Vph1_R1_Plate06",12,5,1073,220,"T phase",3.78410822014888,2.74925381216259
254614679,"YIL044C","AGE2","","dma2271","Vph1_R1_Plate06",12,5,1073,223,"S/G2 phase",0.588807395743207,0.52963103367898
254614690,"YIL044C","AGE2","","dma2271","Vph1_R1_Plate06",12,5,1074,10,"MA-single",-0.555833623034556,-0.547319773567907
254614695,"YIL044C","AGE2","","dma2271","Vph1_R1_Plate06",12,5,1074,15,"S/G2 phase",0.685747677463799,0.687441489271558
254614736,"YIL044C","AGE2","","dma2271","Vph1_R1_Plate06",12,5,1074,60,"T phase",2.24797760211488,2.93749515823288
254614753,"YIL044C","AGE2","","dma2271","Vph1_R1_Plate06",12,5,1074,77,"S/G2 phase",0.79014490393213,0.815299026488161
254614848,"YIL044C","AGE2","","dma2271","Vph1_R1_Plate06",12,5,1074,178,"S/G2 phase",-0.376866949088847,-0.420975814673494
254614852,"YIL044C","AGE2","","dma2271","Vph1_R1_Plate06",12,5,1074,182,"S/G2 phase",0.499324058770353,0.466459054231774
254614898,"YIL044C","AGE2","","dma2271","Vph1_R1_Plate06",12,5,1074,230,"S/G2 phase",0.342728219067857,0.437541742076242
254614977,"YIL044C","AGE2","","dma2271","Vph1_R1_Plate06",12,5,1075,65,"S/G2 phase",-0.443979451818488,-0.162711555697653
254615036,"YIL044C","AGE2","","dma2271","Vph1_R1_Plate06",12,5,1075,125,"T phase",0.868442823783377,0.735637009530776
254615067,"YIL044C","AGE2","","dma2271","Vph1_R1_Plate06",12,5,1075,157,"S/G2 phase",0.376284470432678,0.318048716640165
254615136,"YIL044C","AGE2","","dma2271","Vph1_R1_Plate06",12,5,1075,228,"S/G2 phase",1.58430951956621,1.30697299514914
254615169,"YIL044C","AGE2","","dma2271","Vph1_R1_Plate06",12,5,1076,10,"S/G2 phase",1.55448174057526,1.33031396611765
254615204,"YIL044C","AGE2","","dma2271","Vph1_R1_Plate06",12,5,1076,45,"S/G2 phase",-0.186714858021531,-0.096751405656938
254615210,"YIL044C","AGE2","","dma2271","Vph1_R1_Plate06",12,5,1076,51,"S/G2 phase",1.88258730947573,1.75754136306011
254615252,"YIL044C","AGE2","","dma2271","Vph1_R1_Plate06",12,5,1076,94,"T phase",5.07043118913367,3.96903861581406
254615365,"YIL044C","AGE2","","dma2271","Vph1_R1_Plate06",12,5,1076,212,"S/G2 phase",1.28976020203057,1.02815593579829
254615392,"YIL044C","AGE2","","dma2271","Vph1_R1_Plate06",12,5,1076,240,"S/G2 phase",0.253244882095003,-0.00745028464770998
254615394,"YIL044C","AGE2","","dma2271","Vph1_R1_Plate06",12,5,1076,242,"MA-single",0.0705497357754252,-0.113241443167117
254615407,"YIL044C","AGE2","","dma2271","Vph1_R1_Plate06",12,5,1076,255,"S/G2 phase",0.167490017496017,-0.0363675968032406
254616668,"YIL043C","CBR1","","dma2272","Vph1_R1_Plate06",12,7,1081,1,"T phase",1.77446161063353,1.70400848766474
254616732,"YIL043C","CBR1","","dma2272","Vph1_R1_Plate06",12,7,1081,65,"S/G2 phase",1.61786577093103,2.03635842241095
254616765,"YIL043C","CBR1","","dma2272","Vph1_R1_Plate06",12,7,1081,98,"S/G2 phase",0.939283798886887,1.00075220196495
254616777,"YIL043C","CBR1","","dma2272","Vph1_R1_Plate06",12,7,1081,111,"S/G2 phase",0.484410169274877,0.673739622354888
254616829,"YIL043C","CBR1","","dma2272","Vph1_R1_Plate06",12,7,1081,165,"S/G2 phase",0.353913636189464,0.705445105103928
254616854,"YIL043C","CBR1","","dma2272","Vph1_R1_Plate06",12,7,1081,192,"S/G2 phase",2.30390468772292,2.19568245632572
254616882,"YIL043C","CBR1","","dma2272","Vph1_R1_Plate06",12,7,1081,220,"S/G2 phase",4.39557768946339,3.81377734476412
254616909,"YIL043C","CBR1","","dma2272","Vph1_R1_Plate06",12,7,1081,247,"MA-single",-1.11883295148877,-1.26021516331954
254616947,"YIL043C","CBR1","","dma2272","Vph1_R1_Plate06",12,7,1081,285,"S/G2 phase",1.08469422146778,0.888110109987212
254616949,"YIL043C","CBR1","","dma2272","Vph1_R1_Plate06",12,7,1081,287,"S/G2 phase",-0.112145410544153,-0.256075439571707
254616974,"YIL043C","CBR1","","dma2272","Vph1_R1_Plate06",12,7,1081,312,"S/G2 phase",1.53956785107979,2.17234148535721
254617006,"YIL043C","CBR1","","dma2272","Vph1_R1_Plate06",12,7,1082,26,"S/G2 phase",1.24874700591801,1.66138930859254
254617029,"YIL043C","CBR1","","dma2272","Vph1_R1_Plate06",12,7,1082,51,"S/G2 phase",3.71699571741924,3.5212584184966
254617038,"YIL043C","CBR1","","dma2272","Vph1_R1_Plate06",12,7,1082,60,"MA-single",-1.13001836861037,-1.26021516331954
254617103,"YIL043C","CBR1","","dma2272","Vph1_R1_Plate06",12,7,1082,127,"S/G2 phase",2.23679218499328,2.1312358846072
254617105,"YIL043C","CBR1","","dma2272","Vph1_R1_Plate06",12,7,1082,129,"S/G2 phase",2.80351998582135,2.45546029362375
254617109,"YIL043C","CBR1","","dma2272","Vph1_R1_Plate06",12,7,1082,133,"S/G2 phase",0.454582390283925,0.41141260051422
254617118,"YIL043C","CBR1","","dma2272","Vph1_R1_Plate06",12,7,1082,143,"MA-single",-1.55506421923143,-1.7904455481879
254617122,"YIL043C","CBR1","","dma2272","Vph1_R1_Plate06",12,7,1082,147,"S/G2 phase",1.16299214131902,1.03221869866312
254617211,"YIL043C","CBR1","","dma2272","Vph1_R1_Plate06",12,7,1082,237,"S/G2 phase",0.421026138919105,0.360667895712366
254617216,"YIL043C","CBR1","","dma2272","Vph1_R1_Plate06",12,7,1082,242,"S/G2 phase",5.10771591287236,3.83990648632614
254617235,"YIL043C","CBR1","","dma2272","Vph1_R1_Plate06",12,7,1082,262,"MA-single",0.458310862657794,0.25487673719296
254617284,"YIL043C","CBR1","","dma2272","Vph1_R1_Plate06",12,7,1083,25,"T phase",1.51719701683657,1.21233451900377
254617294,"YIL043C","CBR1","","dma2272","Vph1_R1_Plate06",12,7,1083,36,"S/G2 phase",-0.168072496152187,0.0295925532374743
254617355,"YIL043C","CBR1","","dma2272","Vph1_R1_Plate06",12,7,1083,99,"MA-single",-0.335853752976289,-0.258863610165216
254617400,"YIL043C","CBR1","","dma2272","Vph1_R1_Plate06",12,7,1083,146,"MA-single",-0.268741250246648,-0.214969838821697
254617441,"YIL043C","CBR1","","dma2272","Vph1_R1_Plate06",12,7,1083,187,"S/G2 phase",-0.380595421462716,-0.348164731174445
254617456,"YIL043C","CBR1","","dma2272","Vph1_R1_Plate06",12,7,1083,202,"G1 phase",-0.701244045615444,-0.580299848588264
254617604,"YIL043C","CBR1","","dma2272","Vph1_R1_Plate06",12,7,1084,57,"G1 phase",0.204774741234707,0.201343861797596
254617608,"YIL043C","CBR1","","dma2272","Vph1_R1_Plate06",12,7,1084,61,"S/G2 phase",1.3456872876386,1.08041421892234
254617615,"YIL043C","CBR1","","dma2272","Vph1_R1_Plate06",12,7,1084,68,"T phase",1.75209077639031,1.46908519965742
254617634,"YIL043C","CBR1","","dma2272","Vph1_R1_Plate06",12,7,1084,88,"S/G2 phase",-0.615489181016459,-0.322035589612423
254617649,"YIL043C","CBR1","","dma2272","Vph1_R1_Plate06",12,7,1084,103,"G1 phase",0.279344188712085,0.155936512131887
254617662,"YIL043C","CBR1","","dma2272","Vph1_R1_Plate06",12,7,1084,117,"S/G2 phase",1.01758171873813,0.756189809905782
254617665,"YIL043C","CBR1","","dma2272","Vph1_R1_Plate06",12,7,1084,120,"S/G2 phase",0.685747677463799,0.357879725118858
254617674,"YIL043C","CBR1","","dma2272","Vph1_R1_Plate06",12,7,1084,130,"S/G2 phase",0.022079594915129,-0.0541322265847374
254617686,"YIL043C","CBR1","","dma2272","Vph1_R1_Plate06",12,7,1084,142,"S/G2 phase",1.49109771021949,1.15449989469271
254617692,"YIL043C","CBR1","","dma2272","Vph1_R1_Plate06",12,7,1084,148,"S/G2 phase",1.75581924876418,1.55153538720831
254640588,"YIL016W","SNL1","","dma2246","Vph1_R1_Plate06",8,3,681,10,"S/G2 phase",3.13535402709569,2.71906190773574
254640612,"YIL016W","SNL1","","dma2246","Vph1_R1_Plate06",8,3,681,35,"S/G2 phase",0.212231685982445,0.513140996168801
254640639,"YIL016W","SNL1","","dma2246","Vph1_R1_Plate06",8,3,681,64,"S/G2 phase",2.07646787291691,1.9003753594647
254640667,"YIL016W","SNL1","","dma2246","Vph1_R1_Plate06",8,3,681,93,"S/G2 phase",2.95265888077611,2.20532156037757
254640709,"YIL016W","SNL1","","dma2246","Vph1_R1_Plate06",8,3,681,135,"S/G2 phase",0.771502542062785,0.835851826863167
254640712,"YIL016W","SNL1","","dma2246","Vph1_R1_Plate06",8,3,681,138,"S/G2 phase",0.741674763071833,0.653186821979883
254640783,"YIL016W","SNL1","","dma2246","Vph1_R1_Plate06",8,3,682,65,"S/G2 phase",-0.477535703183308,-0.312396485560579
254640825,"YIL016W","SNL1","","dma2246","Vph1_R1_Plate06",8,3,682,107,"S/G2 phase",0.443396973162319,0.437541742076242
254640837,"YIL016W","SNL1","","dma2246","Vph1_R1_Plate06",8,3,682,120,"S/G2 phase",3.43736028937907,3.16811669732452
254640854,"YIL016W","SNL1","","dma2246","Vph1_R1_Plate06",8,3,682,137,"S/G2 phase",3.4224463998836,2.76853202026627
254640922,"YIL016W","SNL1","","dma2246","Vph1_R1_Plate06",8,3,683,69,"S/G2 phase",1.94224286745763,2.22459976848125
254640937,"YIL016W","SNL1","","dma2246","Vph1_R1_Plate06",8,3,683,84,"G1 phase",-0.630403070511935,-0.67366373246232
254641004,"YIL016W","SNL1","","dma2246","Vph1_R1_Plate06",8,3,684,47,"T phase",2.60218247763243,2.13529864747202
254641009,"YIL016W","SNL1","","dma2246","Vph1_R1_Plate06",8,3,684,53,"S/G2 phase",0.137662238505066,0.596865775991013
254641076,"YIL016W","SNL1","","dma2246","Vph1_R1_Plate06",8,3,684,120,"S/G2 phase",1.05486644247682,1.6339855747592
254641085,"YIL016W","SNL1","","dma2246","Vph1_R1_Plate06",8,3,684,129,"S/G2 phase",1.6215942433049,1.6339855747592
254642299,"YIL015W","BAR1","","dma2247","Vph1_R1_Plate06",8,5,689,14,"G1 phase",0.831158100044688,0.447180846128087
254642359,"YIL015W","BAR1","","dma2247","Vph1_R1_Plate06",8,5,689,77,"T phase",3.9742603112162,3.48421558061141
254642379,"YIL015W","BAR1","","dma2247","Vph1_R1_Plate06",8,5,689,100,"T phase",3.4821019578655,3.28354695989576
254642432,"YIL015W","BAR1","","dma2247","Vph1_R1_Plate06",8,5,690,7,"T phase",1.76327619351192,1.84963065466284
254642450,"YIL015W","BAR1","","dma2247","Vph1_R1_Plate06",8,5,690,25,"S/G2 phase",2.05782551104757,1.45538333274075
254642495,"YIL015W","BAR1","","dma2247","Vph1_R1_Plate06",8,5,690,72,"S/G2 phase",1.08469422146778,0.732848838937269
254642533,"YIL015W","BAR1","","dma2247","Vph1_R1_Plate06",8,5,691,7,"T phase",1.18536297556224,1.31533750692967
254642563,"YIL015W","BAR1","","dma2247","Vph1_R1_Plate06",8,5,691,37,"S/G2 phase",1.6104088261833,1.51982990445927
254642593,"YIL015W","BAR1","","dma2247","Vph1_R1_Plate06",8,5,691,68,"S/G2 phase",1.37924353900342,1.55966091293797
254642627,"YIL015W","BAR1","","dma2247","Vph1_R1_Plate06",8,5,691,103,"S/G2 phase",0.488138641648746,0.340115095337361
254642642,"YIL015W","BAR1","","dma2247","Vph1_R1_Plate06",8,5,692,7,"T phase",4.10475684430161,3.43880823094571
254642659,"YIL015W","BAR1","","dma2247","Vph1_R1_Plate06",8,5,692,24,"S/G2 phase",0.920641437017542,1.073563285464
254642726,"YIL015W","BAR1","","dma2247","Vph1_R1_Plate06",8,5,692,95,"T phase",1.36805812188181,1.37572131578336
254643962,"YIL014C-A","","","dma2248","Vph1_R1_Plate06",8,7,697,42,"S/G2 phase",1.28230325728283,1.26714198667045
254644006,"YIL014C-A","","","dma2248","Vph1_R1_Plate06",8,7,697,87,"S/G2 phase",1.53956785107979,1.94020636794339
254644017,"YIL014C-A","","","dma2248","Vph1_R1_Plate06",8,7,697,100,"S/G2 phase",1.30840256389991,1.18341720684824
254644060,"YIL014C-A","","","dma2248","Vph1_R1_Plate06",8,7,697,143,"S/G2 phase",1.27857478490896,1.89631259659987
254644062,"YIL014C-A","","","dma2248","Vph1_R1_Plate06",8,7,697,145,"S/G2 phase",0.174946962243755,0.281005878754981
254644091,"YIL014C-A","","","dma2248","Vph1_R1_Plate06",8,7,698,6,"T phase",3.44854570650068,2.63533712791353
254644118,"YIL014C-A","","","dma2248","Vph1_R1_Plate06",8,7,698,34,"S/G2 phase",0.834886572418557,1.322188440388
254644235,"YIL014C-A","","","dma2248","Vph1_R1_Plate06",8,7,699,35,"S/G2 phase",-0.033847490692905,-0.0267284927513969
254644266,"YIL014C-A","","","dma2248","Vph1_R1_Plate06",8,7,699,70,"S/G2 phase",1.29348867440444,1.00075220196495
254644272,"YIL014C-A","","","dma2248","Vph1_R1_Plate06",8,7,699,76,"S/G2 phase",2.88554637804647,2.99787896708658
254644291,"YIL014C-A","","","dma2248","Vph1_R1_Plate06",8,7,699,95,"S/G2 phase",0.808787265801474,0.815299026488163
254644294,"YIL014C-A","","","dma2248","Vph1_R1_Plate06",8,7,699,98,"T phase",2.72149359359624,2.1916196934609
254644364,"YIL014C-A","","","dma2248","Vph1_R1_Plate06",8,7,700,9,"S/G2 phase",0.409840721797498,0.67525320067708
254644404,"YIL014C-A","","","dma2248","Vph1_R1_Plate06",8,7,700,50,"S/G2 phase",3.04587069012284,2.00895468857761
254644478,"YIL014C-A","","","dma2248","Vph1_R1_Plate06",8,7,700,127,"S/G2 phase",0.890813658026591,0.745276113582621
254716057,"YIL059C","","","dma2282","Vph1_R1_Plate06",14,3,1257,15,"T phase",4.38812074471565,3.2094612841254
254716176,"YIL059C","","","dma2282","Vph1_R1_Plate06",14,3,1257,139,"S/G2 phase",-0.0487613801883808,0.201343861797596
254716183,"YIL059C","","","dma2282","Vph1_R1_Plate06",14,3,1257,147,"S/G2 phase",3.38143320377104,3.36878531804016
254716193,"YIL059C","","","dma2282","Vph1_R1_Plate06",14,3,1257,158,"S/G2 phase",0.864714351409508,1.28235743190931
254716196,"YIL059C","","","dma2282","Vph1_R1_Plate06",14,3,1257,162,"S/G2 phase",1.84157411336317,2.18349416773124
254716232,"YIL059C","","","dma2282","Vph1_R1_Plate06",14,3,1257,199,"S/G2 phase",-0.0152051288235604,-0.0637713306365811
254716245,"YIL059C","","","dma2282","Vph1_R1_Plate06",14,3,1257,213,"T phase",4.21661101551768,3.23559042568742
254716261,"YIL059C","","","dma2282","Vph1_R1_Plate06",14,3,1258,7,"G1 phase",1.63277966042651,1.05022231449549
254716323,"YIL059C","","","dma2282","Vph1_R1_Plate06",14,3,1258,69,"T phase",2.48287136166863,2.65588992828853
254716339,"YIL059C","","","dma2282","Vph1_R1_Plate06",14,3,1258,86,"S/G2 phase",3.01977138350575,2.41284111455155
254716359,"YIL059C","","","dma2282","Vph1_R1_Plate06",14,3,1258,106,"S/G2 phase",1.97207064644858,1.71771035458141
254716391,"YIL059C","","","dma2282","Vph1_R1_Plate06",14,3,1258,140,"T phase",2.75504984496106,2.86468407473384
254716403,"YIL059C","","","dma2282","Vph1_R1_Plate06",14,3,1258,152,"S/G2 phase",3.37770473139717,2.99787896708658
254716449,"YIL059C","","","dma2282","Vph1_R1_Plate06",14,3,1258,203,"S/G2 phase",2.61709636712791,3.12573650430318
254716460,"YIL059C","","","dma2282","Vph1_R1_Plate06",14,3,1258,215,"S/G2 phase",1.23383311642253,1.073563285464
254716518,"YIL059C","","","dma2282","Vph1_R1_Plate06",14,3,1259,56,"MA phase",1.62905118805264,1.62434647070736
254716524,"YIL059C","","","dma2282","Vph1_R1_Plate06",14,3,1259,62,"S/G2 phase",0.663376843220586,1.10654336048436
254716534,"YIL059C","","","dma2282","Vph1_R1_Plate06",14,3,1259,72,"S/G2 phase",2.28526232585357,2.55416153263395
254716553,"YIL059C","","","dma2282","Vph1_R1_Plate06",14,3,1259,91,"G1 phase",-0.526005844043604,-0.55695887761975
254716585,"YIL059C","","","dma2282","Vph1_R1_Plate06",14,3,1259,123,"S/G2 phase",0.946740743634625,1.2369500822436
254716623,"YIL059C","","","dma2282","Vph1_R1_Plate06",14,3,1259,163,"S/G2 phase",2.29644774297518,1.85369341752767
254716624,"YIL059C","","","dma2282","Vph1_R1_Plate06",14,3,1259,164,"T phase",1.16299214131902,1.02815593579829
254716648,"YIL059C","","","dma2282","Vph1_R1_Plate06",14,3,1259,189,"S/G2 phase",1.18909144793611,1.33589030730467
254716669,"YIL059C","","","dma2282","Vph1_R1_Plate06",14,3,1259,213,"T phase",1.15180672419742,1.33867847789818
254716672,"YIL059C","","","dma2282","Vph1_R1_Plate06",14,3,1259,216,"T phase",2.47168594454702,2.1944078640544
254716675,"YIL059C","","","dma2282","Vph1_R1_Plate06",14,3,1259,219,"S/G2 phase",1.78564702775514,1.591366395687
254716682,"YIL059C","","","dma2282","Vph1_R1_Plate06",14,3,1259,226,"S/G2 phase",2.08019634529078,1.7369885626851
254716686,"YIL059C","","","dma2282","Vph1_R1_Plate06",14,3,1259,230,"S/G2 phase",1.20773380980545,1.36201944886669
254716751,"YIL059C","","","dma2282","Vph1_R1_Plate06",14,3,1260,55,"S/G2 phase",2.23306371261941,2.41284111455155
254716757,"YIL059C","","","dma2282","Vph1_R1_Plate06",14,3,1260,62,"S/G2 phase",0.920641437017542,0.779530780874296
254716764,"YIL059C","","","dma2282","Vph1_R1_Plate06",14,3,1260,69,"S/G2 phase",2.07273940054304,1.9429945385369
254716818,"YIL059C","","","dma2282","Vph1_R1_Plate06",14,3,1260,124,"S/G2 phase",0.0519073739060805,0.0749999029031842
254716860,"YIL059C","","","dma2282","Vph1_R1_Plate06",14,3,1260,167,"S/G2 phase",5.11890132999396,3.98552865332423
254716921,"YIL059C","","","dma2282","Vph1_R1_Plate06",14,3,1260,229,"S/G2 phase",0.47322475215327,0.690229659865067
254717243,"YHR158C","KEL1","","dma2186","Vph1_R1_Plate06",14,4,1261,334,"S/G2 phase",-0.134516244787366,-0.0460067008550838
254717292,"YHR158C","KEL1","","dma2186","Vph1_R1_Plate06",14,4,1261,388,"S/G2 phase",2.9414734636545,2.47880126459227
254717680,"YHR158C","KEL1","","dma2186","Vph1_R1_Plate06",14,4,1262,333,"S/G2 phase",0.969111577877838,1.09817884870384
254717944,"YHR158C","KEL1","","dma2186","Vph1_R1_Plate06",14,4,1263,190,"S/G2 phase",0.555251144378387,0.874408243070542
254717984,"YHR158C","KEL1","","dma2186","Vph1_R1_Plate06",14,4,1263,232,"S/G2 phase",0.875899768531115,1.1339470943177
254718199,"YHR158C","KEL1","","dma2186","Vph1_R1_Plate06",14,4,1264,41,"S/G2 phase",-0.0413044354406429,0.127019199976355
254718242,"YHR158C","KEL1","","dma2186","Vph1_R1_Plate06",14,4,1264,85,"S/G2 phase",2.34491788383548,2.13378506914984
254718267,"YHR158C","KEL1","","dma2186","Vph1_R1_Plate06",14,4,1264,114,"G1 phase",1.26738936778735,1.22858557046307
254718580,"YIL058W","","","dma2283","Vph1_R1_Plate06",14,5,1265,28,"T phase",5.86459580476775,3.82469104108728
254718592,"YIL058W","","","dma2283","Vph1_R1_Plate06",14,5,1265,40,"S/G2 phase",-0.26128430549891,-0.420975814673494
254718595,"YIL058W","","","dma2283","Vph1_R1_Plate06",14,5,1265,43,"S/G2 phase",1.55448174057526,1.2795692613158
254718613,"YIL058W","","","dma2283","Vph1_R1_Plate06",14,5,1265,62,"S/G2 phase",1.45754145885467,1.29199653596115
254718644,"YIL058W","","","dma2283","Vph1_R1_Plate06",14,5,1265,96,"MA phase",2.31509010484452,1.95669640545357
254718646,"YIL058W","","","dma2283","Vph1_R1_Plate06",14,5,1265,98,"S/G2 phase",0.517966420639697,0.419777112294746
254718655,"YIL058W","","","dma2283","Vph1_R1_Plate06",14,5,1265,107,"G1 phase",-0.00774818407582248,0.0199534491856305
254718666,"YIL058W","","","dma2283","Vph1_R1_Plate06",14,5,1266,4,"T phase",1.9944414806918,2.09825580958684
254718695,"YIL058W","","","dma2283","Vph1_R1_Plate06",14,5,1266,33,"MA-single",-0.287383612115993,-0.434677681590165
254718714,"YIL058W","","","dma2283","Vph1_R1_Plate06",14,5,1266,52,"S/G2 phase",1.30840256389991,1.10375518989085
254718717,"YIL058W","","","dma2283","Vph1_R1_Plate06",14,5,1266,56,"S/G2 phase",2.72895053834398,2.45394671530156
254718760,"YIL058W","","","dma2283","Vph1_R1_Plate06",14,5,1266,100,"S/G2 phase",1.60668035380943,1.71364759171659
254718770,"YIL058W","","","dma2283","Vph1_R1_Plate06",14,5,1266,110,"S/G2 phase",1.29348867440444,1.25344011975378
254718866,"YIL058W","","","dma2283","Vph1_R1_Plate06",14,5,1267,86,"S/G2 phase",0.312900440076906,0.254876737192958
254718882,"YIL058W","","","dma2283","Vph1_R1_Plate06",14,5,1268,14,"S/G2 phase",0.749131707819571,0.794746226113157
254718940,"YIL058W","","","dma2283","Vph1_R1_Plate06",14,5,1268,72,"S/G2 phase",3.2061950021992,2.73276377465241
254718969,"YIL058W","","","dma2283","Vph1_R1_Plate06",14,5,1268,102,"MA-single",-0.6826016837461,-0.795944928491906
254718972,"YIL058W","","","dma2283","Vph1_R1_Plate06",14,5,1268,105,"S/G2 phase",1.5134685444627,2.15457685557571
254722106,"YIL057C","RGI2","","dma2284","Vph1_R1_Plate06",14,7,1273,51,"T phase",2.64692414611886,2.41284111455155
254722213,"YIL057C","RGI2","","dma2284","Vph1_R1_Plate06",14,7,1274,32,"S/G2 phase",0.685747677463799,0.911451080955725
254722241,"YIL057C","RGI2","","dma2284","Vph1_R1_Plate06",14,7,1274,62,"S/G2 phase",0.849800461914033,1.05022231449549
254722321,"YIL057C","RGI2","","dma2284","Vph1_R1_Plate06",14,7,1275,12,"S/G2 phase",0.443396973162319,0.702656934510419
254722346,"YIL057C","RGI2","","dma2284","Vph1_R1_Plate06",14,7,1275,37,"MA phase",1.66633591179133,1.49800251181295
254722365,"YIL057C","RGI2","","dma2284","Vph1_R1_Plate06",14,7,1275,57,"S/G2 phase",3.45600265124842,2.337241860459
254722402,"YIL057C","RGI2","","dma2284","Vph1_R1_Plate06",14,7,1275,100,"S/G2 phase",0.995210884494921,1.13673526491121
254722421,"YIL057C","RGI2","","dma2284","Vph1_R1_Plate06",14,7,1276,20,"S/G2 phase",1.56939563007074,1.56802542471849
254722431,"YIL057C","RGI2","","dma2284","Vph1_R1_Plate06",14,7,1276,31,"S/G2 phase",0.793873376305999,0.703931526781737
254722485,"YIL057C","RGI2","","dma2284","Vph1_R1_Plate06",14,7,1276,86,"S/G2 phase",0.350185163815595,1.2795692613158
254745336,"YIL006W","YIA6","","dma2234","Vph1_R1_Plate06",6,3,489,2,"MA phase",3.81393599913984,3.05013725021063
254745364,"YIL006W","YIA6","","dma2234","Vph1_R1_Plate06",6,3,489,31,"S/G2 phase",0.890813658026591,0.702656934510419
254745391,"YIL006W","YIA6","","dma2234","Vph1_R1_Plate06",6,3,489,59,"S/G2 phase",2.59472553288469,2.40320201049971
254745393,"YIL006W","YIA6","","dma2234","Vph1_R1_Plate06",6,3,489,61,"S/G2 phase",0.808787265801474,0.796020818384474
254745410,"YIL006W","YIA6","","dma2234","Vph1_R1_Plate06",6,3,490,14,"S/G2 phase",-0.160615551404449,-0.173625252020815
254745421,"YIL006W","YIA6","","dma2234","Vph1_R1_Plate06",6,3,490,25,"S/G2 phase",0.995210884494921,1.06241060308997
254745434,"YIL006W","YIA6","","dma2234","Vph1_R1_Plate06",6,3,490,38,"S/G2 phase",1.28976020203057,1.54595904602129
254745448,"YIL006W","YIA6","","dma2234","Vph1_R1_Plate06",6,3,490,52,"S/G2 phase",1.96834217407471,1.77809416343511
254745466,"YIL006W","YIA6","","dma2234","Vph1_R1_Plate06",6,3,490,72,"T phase",3.7580089135318,2.69978369963206
254745467,"YIL006W","YIA6","","dma2234","Vph1_R1_Plate06",6,3,490,73,"S/G2 phase",0.618635174734159,0.719146972020598
254745493,"YIL006W","YIA6","","dma2234","Vph1_R1_Plate06",6,3,491,15,"S/G2 phase",-0.291112084489862,-0.335737456529092
254745566,"YIL006W","YIA6","","dma2234","Vph1_R1_Plate06",6,3,492,25,"S/G2 phase",2.75132137258719,2.13808681806553
254745591,"YIL006W","YIA6","","dma2234","Vph1_R1_Plate06",6,3,492,51,"S/G2 phase",1.94224286745763,2.36464559429233
254747517,"YIL005W","EPS1","","dma2235","Vph1_R1_Plate06",6,5,500,43,"T phase",2.56862622626761,2.6695917952052
254749515,"YIL002C","INP51","","dma2236","Vph1_R1_Plate06",6,7,505,31,"S/G2 phase",-0.417880145201405,-0.429101340403148
254749561,"YIL002C","INP51","","dma2236","Vph1_R1_Plate06",6,7,505,80,"T phase",4.4664186645669,3.23280225509391
254749583,"YIL002C","INP51","","dma2236","Vph1_R1_Plate06",6,7,505,102,"S/G2 phase",-0.220271109386352,-0.302757381508735
254749592,"YIL002C","INP51","","dma2236","Vph1_R1_Plate06",6,7,505,111,"S/G2 phase",3.19128111270372,3.48700375120492
254749608,"YIL002C","INP51","","dma2236","Vph1_R1_Plate06",6,7,505,127,"S/G2 phase",1.39042895612503,1.08447698178717
254749613,"YIL002C","INP51","","dma2236","Vph1_R1_Plate06",6,7,505,132,"S/G2 phase",2.04664009392596,1.9031635300582
254749620,"YIL002C","INP51","","dma2236","Vph1_R1_Plate06",6,7,506,1,"MA-single",-0.544648205912949,-0.570660744536421
254749635,"YIL002C","INP51","","dma2236","Vph1_R1_Plate06",6,7,506,17,"MA phase",2.74013595546558,3.15314023813652
254749650,"YIL002C","INP51","","dma2236","Vph1_R1_Plate06",6,7,506,32,"S/G2 phase",0.916912964643673,0.981473993861266
254749657,"YIL002C","INP51","","dma2236","Vph1_R1_Plate06",6,7,506,39,"S/G2 phase",2.90418873991582,2.03078208122394
254749677,"YIL002C","INP51","","dma2236","Vph1_R1_Plate06",6,7,506,60,"S/G2 phase",1.0697803319723,1.65326378286289
254749681,"YIL002C","INP51","","dma2236","Vph1_R1_Plate06",6,7,506,64,"S/G2 phase",1.90122967134507,2.33317909759417
254749685,"YIL002C","INP51","","dma2236","Vph1_R1_Plate06",6,7,506,69,"S/G2 phase",0.980296994999445,1.34552941135651
254749695,"YIL002C","INP51","","dma2236","Vph1_R1_Plate06",6,7,506,79,"S/G2 phase",3.10179777573087,3.12979926716801
254749699,"YIL002C","INP51","","dma2236","Vph1_R1_Plate06",6,7,506,83,"S/G2 phase",1.46872687597628,1.93056726389155
254749702,"YIL002C","INP51","","dma2236","Vph1_R1_Plate06",6,7,506,86,"S/G2 phase",2.21814982312393,2.98975344135693
254749726,"YIL002C","INP51","","dma2236","Vph1_R1_Plate06",6,7,506,111,"S/G2 phase",0.0407219567844737,0.384008866680879
254749778,"YIL002C","INP51","","dma2236","Vph1_R1_Plate06",6,7,507,21,"S/G2 phase",0.476953224527139,0.838639997456675
254749793,"YIL002C","INP51","","dma2236","Vph1_R1_Plate06",6,7,507,36,"T phase",2.17713662701137,1.99931558452577
254749822,"YIL002C","INP51","","dma2236","Vph1_R1_Plate06",6,7,507,67,"S/G2 phase",5.11517285762009,3.61183413177714
254749823,"YIL002C","INP51","","dma2236","Vph1_R1_Plate06",6,7,507,68,"S/G2 phase",2.97130124264546,2.26443077695994
254749826,"YIL002C","INP51","","dma2236","Vph1_R1_Plate06",6,7,507,71,"S/G2 phase",0.79014490393213,0.921090185007569
254749866,"YIL002C","INP51","","dma2236","Vph1_R1_Plate06",6,7,507,112,"S/G2 phase",2.34864635620934,2.25200350231459
254749884,"YIL002C","INP51","","dma2236","Vph1_R1_Plate06",6,7,507,130,"S/G2 phase",1.44635604173306,1.03779503985014
254749899,"YIL002C","INP51","","dma2236","Vph1_R1_Plate06",6,7,507,146,"S/G2 phase",-0.100959993422546,-0.116029613760626
254749934,"YIL002C","INP51","","dma2236","Vph1_R1_Plate06",6,7,508,34,"S/G2 phase",1.09587963858938,1.24380101570193
254750012,"YIL002C","INP51","","dma2236","Vph1_R1_Plate06",6,7,508,115,"T phase",2.02426925968275,1.98282554701559
254752501,"YIL056W","VHR1","","dma2285","Vph1_R1_Plate06",14,9,1281,71,"S/G2 phase",1.26738936778735,1.61749553724903
254752515,"YIL056W","VHR1","","dma2285","Vph1_R1_Plate06",14,9,1281,85,"S/G2 phase",1.3456872876386,1.33867847789818
254752540,"YIL056W","VHR1","","dma2285","Vph1_R1_Plate06",14,9,1281,110,"S/G2 phase",3.53430057109967,2.33166551927198
254752543,"YIL056W","VHR1","","dma2285","Vph1_R1_Plate06",14,9,1281,113,"S/G2 phase",2.20323593362846,2.13936141033685
254752569,"YIL056W","VHR1","","dma2285","Vph1_R1_Plate06",14,9,1281,139,"T phase",0.831158100044688,0.929215710737222
254752617,"YIL056W","VHR1","","dma2285","Vph1_R1_Plate06",14,9,1281,187,"S/G2 phase",2.92283110178516,2.15863961844054
254752644,"YIL056W","VHR1","","dma2285","Vph1_R1_Plate06",14,9,1281,215,"S/G2 phase",2.4381296931822,2.60235705289317
254752800,"YIL056W","VHR1","","dma2285","Vph1_R1_Plate06",14,9,1282,130,"S/G2 phase",0.667105315594455,0.533693796543807
254752809,"YIL056W","VHR1","","dma2285","Vph1_R1_Plate06",14,9,1282,139,"S/G2 phase",1.10333658333712,1.55153538720831
254752815,"YIL056W","VHR1","","dma2285","Vph1_R1_Plate06",14,9,1282,145,"S/G2 phase",1.46126993122854,1.72734945863326
254752886,"YIL056W","VHR1","","dma2285","Vph1_R1_Plate06",14,9,1283,12,"MA-single",-0.492449592678784,-0.350952901767954
254752900,"YIL056W","VHR1","","dma2285","Vph1_R1_Plate06",14,9,1283,26,"S/G2 phase",4.49624644355785,3.25208046319759
254752933,"YIL056W","VHR1","","dma2285","Vph1_R1_Plate06",14,9,1283,60,"MA phase",1.1182504728326,1.66696564977956
254752966,"YIL056W","VHR1","","dma2285","Vph1_R1_Plate06",14,9,1283,93,"S/G2 phase",2.33000399434,2.00489192571279
254752980,"YIL056W","VHR1","","dma2285","Vph1_R1_Plate06",14,9,1283,107,"S/G2 phase",3.73936655166246,3.02807087151344
254753014,"YIL056W","VHR1","","dma2285","Vph1_R1_Plate06",14,9,1283,142,"S/G2 phase",2.53506997490279,2.44024484838489
254753023,"YIL056W","VHR1","","dma2285","Vph1_R1_Plate06",14,9,1283,151,"S/G2 phase",2.52761303015505,2.29055991852197
254753044,"YIL056W","VHR1","","dma2285","Vph1_R1_Plate06",14,9,1283,173,"T phase",3.87732002949561,3.29597423454111
254753060,"YIL056W","VHR1","","dma2285","Vph1_R1_Plate06",14,9,1283,189,"T phase",2.93401651890677,2.18755693059607
254753200,"YIL056W","VHR1","","dma2285","Vph1_R1_Plate06",14,9,1284,111,"MA-single",-0.593118346773245,-0.305545552102244
254753239,"YIL056W","VHR1","","dma2285","Vph1_R1_Plate06",14,9,1284,151,"S/G2 phase",1.33077339814313,0.848279101508519
254753260,"YIL056W","VHR1","","dma2285","Vph1_R1_Plate06",14,9,1284,173,"T phase",4.72741173073772,3.357871621717
254753272,"YIL056W","VHR1","","dma2285","Vph1_R1_Plate06",14,9,1284,185,"S/G2 phase",0.491867114022615,0.307135020317004
254756212,"YIL055C","","","dma2286","Vph1_R1_Plate06",14,11,1289,6,"S/G2 phase",1.2860317296567,1.15043713182788
254756221,"YIL055C","","","dma2286","Vph1_R1_Plate06",14,11,1289,15,"S/G2 phase",0.380012942806547,0.721935142614107
254756256,"YIL055C","","","dma2286","Vph1_R1_Plate06",14,11,1289,52,"S/G2 phase",1.38297201137729,1.36887038232503
254756268,"YIL055C","","","dma2286","Vph1_R1_Plate06",14,11,1289,65,"G1 phase",1.30467409152604,1.08447698178717
254756285,"YIL055C","","","dma2286","Vph1_R1_Plate06",14,11,1289,83,"S/G2 phase",3.57904223958609,3.51161931444475
254756320,"YIL055C","","","dma2286","Vph1_R1_Plate06",14,11,1289,118,"S/G2 phase",2.870632488551,2.47322492340525
254756324,"YIL055C","","","dma2286","Vph1_R1_Plate06",14,11,1289,122,"T phase",1.33077339814313,1.10375518989085
254756369,"YIL055C","","","dma2286","Vph1_R1_Plate06",14,11,1289,169,"S/G2 phase",2.32627552196613,1.85217983920548
254756435,"YIL055C","","","dma2286","Vph1_R1_Plate06",14,11,1289,239,"S/G2 phase",3.33296306291074,3.51161931444475
254756462,"YIL055C","","","dma2286","Vph1_R1_Plate06",14,11,1289,267,"S/G2 phase",0.47322475215327,0.454031779586421
254756463,"YIL055C","","","dma2286","Vph1_R1_Plate06",14,11,1289,268,"G1 phase",-0.287383612115993,-0.291843685185574
254756494,"YIL055C","","","dma2286","Vph1_R1_Plate06",14,11,1289,300,"S/G2 phase",1.60295188143556,1.78645867521564
254756530,"YIL055C","","","dma2286","Vph1_R1_Plate06",14,11,1290,5,"S/G2 phase",0.696933094585406,0.874408243070542
254756544,"YIL055C","","","dma2286","Vph1_R1_Plate06",14,11,1290,19,"S/G2 phase",2.07646787291691,2.02544472608779
254756594,"YIL055C","","","dma2286","Vph1_R1_Plate06",14,11,1290,71,"S/G2 phase",1.62905118805264,1.45944609560558
254756609,"YIL055C","","","dma2286","Vph1_R1_Plate06",14,11,1290,86,"S/G2 phase",1.1779060308145,1.37165855291854
254756644,"YIL055C","","","dma2286","Vph1_R1_Plate06",14,11,1290,125,"S/G2 phase",3.71699571741924,3.19727299553091
254756679,"YIL055C","","","dma2286","Vph1_R1_Plate06",14,11,1290,162,"S/G2 phase",2.17713662701137,1.88667349254803
254756730,"YIL055C","","","dma2286","Vph1_R1_Plate06",14,11,1290,214,"S/G2 phase",2.59099706051083,2.70536004081907
254756757,"YIL055C","","","dma2286","Vph1_R1_Plate06",14,11,1290,242,"G1 phase",0.182403906991493,-0.0597085677717544
254756789,"YIL055C","","","dma2286","Vph1_R1_Plate06",14,11,1290,274,"S/G2 phase",0.670833787968324,0.559822938105828
254756807,"YIL055C","","","dma2286","Vph1_R1_Plate06",14,11,1290,294,"S/G2 phase",0.939283798886887,1.34552941135652
254756840,"YIL055C","","","dma2286","Vph1_R1_Plate06",14,11,1291,8,"S/G2 phase",2.7736922068304,2.20404696810625
254756876,"YIL055C","","","dma2286","Vph1_R1_Plate06",14,11,1291,47,"S/G2 phase",1.07350880434617,1.34680400362783
254756889,"YIL055C","","","dma2286","Vph1_R1_Plate06",14,11,1291,60,"S/G2 phase",3.24720819831176,3.61741047296416
254756892,"YIL055C","","","dma2286","Vph1_R1_Plate06",14,11,1291,63,"S/G2 phase",2.5462553920244,2.75204198275609
254756912,"YIL055C","","","dma2286","Vph1_R1_Plate06",14,11,1291,84,"G1 phase",-0.0189336011974293,-0.0886258799272856
254757080,"YIL055C","","","dma2286","Vph1_R1_Plate06",14,11,1291,254,"S/G2 phase",3.04214221774897,2.89081321629586
254757099,"YIL055C","","","dma2286","Vph1_R1_Plate06",14,11,1291,273,"S/G2 phase",1.94224286745763,1.83035244655915
254757101,"YIL055C","","","dma2286","Vph1_R1_Plate06",14,11,1291,275,"T phase",3.35533389715396,2.41690387741638
254757122,"YIL055C","","","dma2286","Vph1_R1_Plate06",14,11,1292,1,"MA-single",-0.552105150660687,-0.411336710621651
254757154,"YIL055C","","","dma2286","Vph1_R1_Plate06",14,11,1292,33,"S/G2 phase",0.078006680523163,0.334538754150343
254757191,"YIL055C","","","dma2286","Vph1_R1_Plate06",14,11,1292,71,"T phase",3.56412835009062,3.42789453462254
254757194,"YIL055C","","","dma2286","Vph1_R1_Plate06",14,11,1292,74,"T phase",3.92951864272977,2.67516813639222
254757223,"YIL055C","","","dma2286","Vph1_R1_Plate06",14,11,1292,103,"T phase",1.74463383164258,1.66824024205088
254757234,"YIL055C","","","dma2286","Vph1_R1_Plate06",14,11,1292,114,"T phase",1.70734910790389,1.3648076194602
254757281,"YIL055C","","","dma2286","Vph1_R1_Plate06",14,11,1292,163,"T phase",1.13689283470194,1.41961508712688
254757316,"YIL055C","","","dma2286","Vph1_R1_Plate06",14,11,1292,200,"S/G2 phase",0.33527127432012,0.311197783181831
254757392,"YIL055C","","","dma2286","Vph1_R1_Plate06",14,11,1292,278,"S/G2 phase",1.38670048375116,1.19305631090008
254757405,"YIL055C","","","dma2286","Vph1_R1_Plate06",14,11,1292,291,"S/G2 phase",2.84453318193391,2.28498357733495
254757423,"YIL055C","","","dma2286","Vph1_R1_Plate06",14,11,1292,309,"S/G2 phase",0.89454213040046,0.822149959946496
254757427,"YIL055C","","","dma2286","Vph1_R1_Plate06",14,11,1292,313,"S/G2 phase",-0.328396808228551,-0.196966222989328
254757451,"YIL055C","","","dma2286","Vph1_R1_Plate06",14,11,1292,337,"T phase",1.37551506662955,1.36201944886669
254761229,"YIL054W","","","dma2287","Vph1_R1_Plate06",14,13,1297,74,"S/G2 phase",3.73936655166246,3.71762529029655
254761245,"YIL054W","","","dma2287","Vph1_R1_Plate06",14,13,1297,90,"S/G2 phase",1.04368102535522,1.02815593579829
254761246,"YIL054W","","","dma2287","Vph1_R1_Plate06",14,13,1297,91,"S/G2 phase",1.80056091725061,2.0487856970563
254761252,"YIL054W","","","dma2287","Vph1_R1_Plate06",14,13,1297,97,"T phase",3.638697797568,2.99381620422176
254761275,"YIL054W","","","dma2287","Vph1_R1_Plate06",14,13,1297,123,"MA phase",0.0668212634015562,0.74806428417613
254761344,"YIL054W","","","dma2287","Vph1_R1_Plate06",14,13,1297,195,"S/G2 phase",4.17932629177899,3.76303263996226
254761352,"YIL054W","","","dma2287","Vph1_R1_Plate06",14,13,1298,5,"S/G2 phase",1.00266782924266,0.826212722811323
254761407,"YIL054W","","","dma2287","Vph1_R1_Plate06",14,13,1298,60,"G1 phase",-0.298569029237599,-0.458018652558679
254761417,"YIL054W","","","dma2287","Vph1_R1_Plate06",14,13,1298,70,"S/G2 phase",3.49701584736098,3.1873949054282
254761424,"YIL054W","","","dma2287","Vph1_R1_Plate06",14,13,1298,77,"S/G2 phase",1.2375615887964,1.38942318270003
254761450,"YIL054W","","","dma2287","Vph1_R1_Plate06",14,13,1298,105,"S/G2 phase",0.909456019895936,0.926666526194587
254761459,"YIL054W","","","dma2287","Vph1_R1_Plate06",14,13,1298,114,"S/G2 phase",1.03995255298135,1.07483787773532
254761479,"YIL054W","","","dma2287","Vph1_R1_Plate06",14,13,1298,136,"S/G2 phase",1.31585950864765,2.3357282821368
254761588,"YIL054W","","","dma2287","Vph1_R1_Plate06",14,13,1299,31,"S/G2 phase",1.71853452502549,1.38942318270003
254761619,"YIL054W","","","dma2287","Vph1_R1_Plate06",14,13,1299,64,"S/G2 phase",0.275615716338217,0.927941118465904
254761681,"YIL054W","","","dma2287","Vph1_R1_Plate06",14,13,1299,126,"S/G2 phase",1.10333658333712,0.884047347122386
254761710,"YIL054W","","","dma2287","Vph1_R1_Plate06",14,13,1299,156,"S/G2 phase",4.86163673619701,4.01165779488626
254761776,"YIL054W","","","dma2287","Vph1_R1_Plate06",14,13,1300,38,"T phase",3.47837348549163,2.8152139622033
254761801,"YIL054W","","","dma2287","Vph1_R1_Plate06",14,13,1300,63,"S/G2 phase",1.68497827366067,1.50764161586479
254761806,"YIL054W","","","dma2287","Vph1_R1_Plate06",14,13,1300,68,"S/G2 phase",0.424754611292974,0.235598529089271
254761826,"YIL054W","","","dma2287","Vph1_R1_Plate06",14,13,1300,89,"T phase",1.11079352808486,1.07483787773532
254761864,"YIL054W","","","dma2287","Vph1_R1_Plate06",14,13,1300,129,"S/G2 phase",0.801330321053736,0.639484955063213
254761903,"YIL054W","","","dma2287","Vph1_R1_Plate06",14,13,1300,169,"S/G2 phase",0.749131707819571,0.573524805022498
254764538,"YIL053W","GPP1","","dma2288","Vph1_R1_Plate06",14,15,1305,88,"S/G2 phase",3.2546651430595,3.21910038817724
254764558,"YIL053W","GPP1","","dma2288","Vph1_R1_Plate06",14,15,1305,109,"S/G2 phase",1.42398520748985,1.4457442286889
254764561,"YIL053W","GPP1","","dma2288","Vph1_R1_Plate06",14,15,1305,113,"S/G2 phase",1.99816995306566,1.43610512463706
254764614,"YIL053W","GPP1","","dma2288","Vph1_R1_Plate06",14,15,1305,171,"S/G2 phase",-0.223999581760221,-0.0830495387402681
254764616,"YIL053W","GPP1","","dma2288","Vph1_R1_Plate06",14,15,1305,173,"S/G2 phase",0.0444504291583426,0.0831254286328367
254764663,"YIL053W","GPP1","","dma2288","Vph1_R1_Plate06",14,15,1305,225,"S/G2 phase",3.93324711510364,2.9182169501292
254764731,"YIL053W","GPP1","","dma2288","Vph1_R1_Plate06",14,15,1306,50,"T phase",1.34941576001247,2.15457685557571
254764750,"YIL053W","GPP1","","dma2288","Vph1_R1_Plate06",14,15,1306,71,"S/G2 phase",1.79310397250287,1.62155830011385
254764756,"YIL053W","GPP1","","dma2288","Vph1_R1_Plate06",14,15,1306,77,"S/G2 phase",2.85571859905552,2.65995269115336
254764778,"YIL053W","GPP1","","dma2288","Vph1_R1_Plate06",14,15,1306,102,"S/G2 phase",0.316628912450775,0.225959425037428
254764794,"YIL053W","GPP1","","dma2288","Vph1_R1_Plate06",14,15,1306,119,"S/G2 phase",2.39711649706964,1.81665057964249
254764859,"YIL053W","GPP1","","dma2288","Vph1_R1_Plate06",14,15,1306,190,"S/G2 phase",1.52838243395818,1.57615095044814
254764883,"YIL053W","GPP1","","dma2288","Vph1_R1_Plate06",14,15,1307,18,"S/G2 phase",1.80801786199835,1.65732654572772
254764892,"YIL053W","GPP1","","dma2288","Vph1_R1_Plate06",14,15,1307,27,"S/G2 phase",2.18086509938524,1.94450811685909
254764937,"YIL053W","GPP1","","dma2288","Vph1_R1_Plate06",14,15,1307,74,"G1 phase",-0.391780838584323,-0.52804156546422
254764941,"YIL053W","GPP1","","dma2288","Vph1_R1_Plate06",14,15,1307,78,"S/G2 phase",0.562708089126125,1.00481496482978
254764956,"YIL053W","GPP1","","dma2288","Vph1_R1_Plate06",14,15,1307,93,"T phase",4.33219365910762,4.21360100787323
254764972,"YIL053W","GPP1","","dma2288","Vph1_R1_Plate06",14,15,1307,109,"T phase",3.00112902163641,3.53368569314195
254764996,"YIL053W","GPP1","","dma2288","Vph1_R1_Plate06",14,15,1307,134,"T phase",2.60218247763243,2.96362429979491
254765002,"YIL053W","GPP1","","dma2288","Vph1_R1_Plate06",14,15,1307,140,"G1 phase",-1.2344155950787,-1.46622113917134
254765007,"YIL053W","GPP1","","dma2288","Vph1_R1_Plate06",14,15,1307,145,"G1 phase",0.521694893013566,0.463670883638264
254765024,"YIL053W","GPP1","","dma2288","Vph1_R1_Plate06",14,15,1307,162,"S/G2 phase",1.09960811096325,1.43483053236574
254765026,"YIL053W","GPP1","","dma2288","Vph1_R1_Plate06",14,15,1307,164,"S/G2 phase",2.68420886985755,2.03229565954613
254765094,"YIL053W","GPP1","","dma2288","Vph1_R1_Plate06",14,15,1308,42,"S/G2 phase",1.27857478490896,1.43204236177223
254765138,"YIL053W","GPP1","","dma2288","Vph1_R1_Plate06",14,15,1308,91,"T phase",1.00266782924266,1.54747262434348
254765159,"YIL053W","GPP1","","dma2288","Vph1_R1_Plate06",14,15,1308,115,"S/G2 phase",1.07350880434617,1.01445406888162
254765203,"YIL053W","GPP1","","dma2288","Vph1_R1_Plate06",14,15,1308,163,"S/G2 phase",1.33450187051699,1.57487635817683
254771754,"YIL050W","PCL7","","dma2290","Vph1_R1_Plate06",14,19,1321,97,"MA-single",-1.61471977721333,-1.87417032801011
254771856,"YIL050W","PCL7","","dma2290","Vph1_R1_Plate06",14,19,1321,201,"MA phase",-0.488721120304915,-0.344101968309619
254771879,"YIL050W","PCL7","","dma2290","Vph1_R1_Plate06",14,19,1321,224,"T phase",3.18382416795599,2.89208780856718
254771947,"YIL050W","PCL7","","dma2290","Vph1_R1_Plate06",14,19,1321,295,"G1 phase",-0.64531696000741,-0.55695887761975
254771951,"YIL050W","PCL7","","dma2290","Vph1_R1_Plate06",14,19,1321,299,"T phase",2.30017621534905,1.84405431347583
254772034,"YIL050W","PCL7","","dma2290","Vph1_R1_Plate06",14,19,1321,383,"S/G2 phase",2.40084496944351,1.9252299087554
254772143,"YIL050W","PCL7","","dma2290","Vph1_R1_Plate06",14,19,1322,106,"S/G2 phase",0.764045597315047,0.835851826863167
254772184,"YIL050W","PCL7","","dma2290","Vph1_R1_Plate06",14,19,1322,147,"S/G2 phase",1.69989216315615,1.29605929882598
254772227,"YIL050W","PCL7","","dma2290","Vph1_R1_Plate06",14,19,1322,190,"S/G2 phase",1.09960811096325,1.18747996971306
254772267,"YIL050W","PCL7","","dma2290","Vph1_R1_Plate06",14,19,1322,236,"T phase",2.03918314917822,1.43204236177223
254772293,"YIL050W","PCL7","","dma2290","Vph1_R1_Plate06",14,19,1322,264,"S/G2 phase",0.96538310550397,0.889384702258529
254772294,"YIL050W","PCL7","","dma2290","Vph1_R1_Plate06",14,19,1322,265,"T phase",2.63573872899725,2.33317909759417
254772295,"YIL050W","PCL7","","dma2290","Vph1_R1_Plate06",14,19,1322,266,"S/G2 phase",0.301715022955299,0.367518829170701
254772339,"YIL050W","PCL7","","dma2290","Vph1_R1_Plate06",14,19,1322,312,"G1 phase",0.361370580937202,0.454031779586421
254772371,"YIL050W","PCL7","","dma2290","Vph1_R1_Plate06",14,19,1322,344,"MA phase",1.16672061369289,1.16007623587972
254772394,"YIL050W","PCL7","","dma2290","Vph1_R1_Plate06",14,19,1322,368,"G1 phase",-0.306025973985337,-0.411336710621651
254772395,"YIL050W","PCL7","","dma2290","Vph1_R1_Plate06",14,19,1322,369,"S/G2 phase",0.331542801946251,0.0681489694448492
254772405,"YIL050W","PCL7","","dma2290","Vph1_R1_Plate06",14,19,1322,380,"MA phase",1.42398520748985,1.87297162563136
254772413,"YIL050W","PCL7","","dma2290","Vph1_R1_Plate06",14,19,1323,2,"S/G2 phase",0.253244882095003,0.646335888521548
254772418,"YIL050W","PCL7","","dma2290","Vph1_R1_Plate06",14,19,1323,7,"G1 phase",-0.671416266624493,-0.706643807482677
254772431,"YIL050W","PCL7","","dma2290","Vph1_R1_Plate06",14,19,1323,20,"S/G2 phase",0.946740743634625,1.17377810279639
254772462,"YIL050W","PCL7","","dma2290","Vph1_R1_Plate06",14,19,1323,51,"T phase",3.07196999673992,3.18612031315688
254772486,"YIL050W","PCL7","","dma2290","Vph1_R1_Plate06",14,19,1323,75,"S/G2 phase",4.18678323652673,3.10773288847082
254772523,"YIL050W","PCL7","","dma2290","Vph1_R1_Plate06",14,19,1323,112,"S/G2 phase",0.495595586396484,0.802871751842809
254772547,"YIL050W","PCL7","","dma2290","Vph1_R1_Plate06",14,19,1323,136,"S/G2 phase",0.79014490393213,0.899023806310373
254772624,"YIL050W","PCL7","","dma2290","Vph1_R1_Plate06",14,19,1323,215,"S/G2 phase",1.74836230401645,1.99373924333875
254772631,"YIL050W","PCL7","","dma2290","Vph1_R1_Plate06",14,19,1323,223,"G1 phase",-0.354496114845633,-0.265714543623552
254772644,"YIL050W","PCL7","","dma2290","Vph1_R1_Plate06",14,19,1323,237,"S/G2 phase",0.819972682923081,0.721935142614107
254772645,"YIL050W","PCL7","","dma2290","Vph1_R1_Plate06",14,19,1323,238,"S/G2 phase",0.353913636189464,1.17377810279639
254772664,"YIL050W","PCL7","","dma2290","Vph1_R1_Plate06",14,19,1323,258,"S/G2 phase",0.793873376305999,1.14358619836955
254772675,"YIL050W","PCL7","","dma2290","Vph1_R1_Plate06",14,19,1323,269,"S/G2 phase",2.38220260757416,2.09267946839983
254772717,"YIL050W","PCL7","","dma2290","Vph1_R1_Plate06",14,19,1323,312,"S/G2 phase",1.8863157818496,2.25072891004327
254772723,"YIL050W","PCL7","","dma2290","Vph1_R1_Plate06",14,19,1323,318,"S/G2 phase",3.96680336646846,3.14907747527169
254772761,"YIL050W","PCL7","","dma2290","Vph1_R1_Plate06",14,19,1323,356,"T phase",3.28449292205045,3.16277934218837
254772829,"YIL050W","PCL7","","dma2290","Vph1_R1_Plate06",14,19,1323,426,"T phase",1.58430951956621,2.03635842241095
254772843,"YIL050W","PCL7","","dma2290","Vph1_R1_Plate06",14,19,1323,440,"S/G2 phase",2.93401651890677,3.53774845600678
254772885,"YIL050W","PCL7","","dma2290","Vph1_R1_Plate06",14,19,1324,13,"MA-single",-0.921223915673712,-0.709431978076186
254772913,"YIL050W","PCL7","","dma2290","Vph1_R1_Plate06",14,19,1324,41,"S/G2 phase",1.2972171467783,1.11745705680752
254772974,"YIL050W","PCL7","","dma2290","Vph1_R1_Plate06",14,19,1324,103,"S/G2 phase",3.92951864272977,2.95677336633657
254772983,"YIL050W","PCL7","","dma2290","Vph1_R1_Plate06",14,19,1324,112,"S/G2 phase",0.838615044792426,0.660037755438219
254772984,"YIL050W","PCL7","","dma2290","Vph1_R1_Plate06",14,19,1324,113,"S/G2 phase",1.83411716861543,2.4607976487599
254772991,"YIL050W","PCL7","","dma2290","Vph1_R1_Plate06",14,19,1324,121,"S/G2 phase",0.846071989540164,1.22603638592044
254773051,"YIL050W","PCL7","","dma2290","Vph1_R1_Plate06",14,19,1324,182,"S/G2 phase",1.36432964950795,1.84532890574714
254773060,"YIL050W","PCL7","","dma2290","Vph1_R1_Plate06",14,19,1324,191,"G1 phase",0.570165033873862,0.248025803734623
254773073,"YIL050W","PCL7","","dma2290","Vph1_R1_Plate06",14,19,1324,204,"G1 phase",-0.794455854962168,-0.875606945449291
254773087,"YIL050W","PCL7","","dma2290","Vph1_R1_Plate06",14,19,1324,220,"S/G2 phase",0.208503213608576,0.135383711756881
254773089,"YIL050W","PCL7","","dma2290","Vph1_R1_Plate06",14,19,1324,222,"MA-single",-1.20831628846162,-1.28355613428806
254773097,"YIL050W","PCL7","","dma2290","Vph1_R1_Plate06",14,19,1324,230,"S/G2 phase",-0.153158606656711,-0.25049909838469
254773131,"YIL050W","PCL7","","dma2290","Vph1_R1_Plate06",14,19,1324,265,"S/G2 phase",4.78333881634576,4.19153462917603
254773160,"YIL050W","PCL7","","dma2290","Vph1_R1_Plate06",14,19,1324,295,"S/G2 phase",-0.171800968526056,0.0103143451337868
254775527,"YIL049W","DFG10","","dma2291","Vph1_R1_Plate06",14,21,1329,100,"S/G2 phase",-0.339582225350158,-0.265714543623552
254775552,"YIL049W","DFG10","","dma2291","Vph1_R1_Plate06",14,21,1329,126,"S/G2 phase",-0.913766970925974,-0.786305824440062
254775634,"YIL049W","DFG10","","dma2291","Vph1_R1_Plate06",14,21,1329,210,"S/G2 phase",2.14358037564655,2.24794073944977
254775656,"YIL049W","DFG10","","dma2291","Vph1_R1_Plate06",14,21,1330,6,"MA-single",-0.54091973353908,-0.504700594495706
254775670,"YIL049W","DFG10","","dma2291","Vph1_R1_Plate06",14,21,1330,20,"T phase",2.69539428697916,2.69850910736073
254775760,"YIL049W","DFG10","","dma2291","Vph1_R1_Plate06",14,21,1330,111,"S/G2 phase",1.75209077639031,1.65732654572772
254775769,"YIL049W","DFG10","","dma2291","Vph1_R1_Plate06",14,21,1330,120,"S/G2 phase",4.16068392990965,3.08311732523098
254775771,"YIL049W","DFG10","","dma2291","Vph1_R1_Plate06",14,21,1330,122,"T phase",2.72895053834398,3.08996825868932
254775774,"YIL049W","DFG10","","dma2291","Vph1_R1_Plate06",14,21,1330,125,"T phase",1.55448174057526,1.32497661098151
254775819,"YIL049W","DFG10","","dma2291","Vph1_R1_Plate06",14,21,1330,171,"T phase",3.60887001857704,3.50476838098642
254775824,"YIL049W","DFG10","","dma2291","Vph1_R1_Plate06",14,21,1330,176,"S/G2 phase",0.0593643186538184,0.168363786777238
254775936,"YIL049W","DFG10","","dma2291","Vph1_R1_Plate06",14,21,1331,108,"S/G2 phase",0.540337254882911,0.609293050636365
254775957,"YIL049W","DFG10","","dma2291","Vph1_R1_Plate06",14,21,1331,134,"S/G2 phase",1.21146228217932,1.322188440388
254775997,"YIL049W","DFG10","","dma2291","Vph1_R1_Plate06",14,21,1331,175,"S/G2 phase",2.26661996398423,1.9457827091304
254776001,"YIL049W","DFG10","","dma2291","Vph1_R1_Plate06",14,21,1331,179,"T phase",0.618635174734159,0.878471005935367
254776045,"YIL049W","DFG10","","dma2291","Vph1_R1_Plate06",14,21,1332,16,"S/G2 phase",0.219688630730183,0.856643613289044
254776085,"YIL049W","DFG10","","dma2291","Vph1_R1_Plate06",14,21,1332,58,"S/G2 phase",1.91241508846668,1.68066751669623
254776141,"YIL049W","DFG10","","dma2291","Vph1_R1_Plate06",14,21,1332,116,"T phase",3.20246652982533,2.59550611943483
254776180,"YIL049W","DFG10","","dma2291","Vph1_R1_Plate06",14,21,1332,156,"S/G2 phase",2.88927485042034,2.7520419827561
254777982,"YIL047C","SYG1","","dma2292","Vph1_R1_Plate06",14,23,1337,9,"S/G2 phase",0.0108941777935222,0.208194795255931
254778166,"YIL047C","SYG1","","dma2292","Vph1_R1_Plate06",14,23,1337,195,"T phase",1.24874700591801,0.849553693779837
254778167,"YIL047C","SYG1","","dma2292","Vph1_R1_Plate06",14,23,1337,196,"S/G2 phase",1.03249560823361,0.922364777278887
254778221,"YIL047C","SYG1","","dma2292","Vph1_R1_Plate06",14,23,1337,251,"T phase",1.37551506662955,1.1517117240992
254778270,"YIL047C","SYG1","","dma2292","Vph1_R1_Plate06",14,23,1338,41,"S/G2 phase",3.28449292205045,3.09124285096064
254778284,"YIL047C","SYG1","","dma2292","Vph1_R1_Plate06",14,23,1338,55,"S/G2 phase",2.85571859905552,1.94299453853689
254778313,"YIL047C","SYG1","","dma2292","Vph1_R1_Plate06",14,23,1338,84,"T phase",2.79233456869975,2.18198058940905
254778318,"YIL047C","SYG1","","dma2292","Vph1_R1_Plate06",14,23,1338,89,"S/G2 phase",0.197317796486969,0.33860151701517
254778343,"YIL047C","SYG1","","dma2292","Vph1_R1_Plate06",14,23,1338,114,"S/G2 phase",-0.175529440899925,0.198555691204088
254778344,"YIL047C","SYG1","","dma2292","Vph1_R1_Plate06",14,23,1338,116,"S/G2 phase",1.21146228217932,1.4883634077611
254778351,"YIL047C","SYG1","","dma2292","Vph1_R1_Plate06",14,23,1338,123,"S/G2 phase",1.99816995306566,1.67509117550921
254778388,"YIL047C","SYG1","","dma2292","Vph1_R1_Plate06",14,23,1338,162,"T phase",2.89300332279421,2.74519104929776
254778397,"YIL047C","SYG1","","dma2292","Vph1_R1_Plate06",14,23,1338,171,"T phase",2.34118941146161,1.94984547199523
254778408,"YIL047C","SYG1","","dma2292","Vph1_R1_Plate06",14,23,1338,183,"S/G2 phase",2.35237482858321,2.40853936563585
254778481,"YIL047C","SYG1","","dma2292","Vph1_R1_Plate06",14,23,1338,259,"S/G2 phase",1.68124980128681,1.44168146582408
254778504,"YIL047C","SYG1","","dma2292","Vph1_R1_Plate06",14,23,1338,282,"S/G2 phase",6.31201248963202,4.47720262198521
254778539,"YIL047C","SYG1","","dma2292","Vph1_R1_Plate06",14,23,1338,318,"S/G2 phase",1.27857478490896,1.28642019477414
254778575,"YIL047C","SYG1","","dma2292","Vph1_R1_Plate06",14,23,1339,13,"S/G2 phase",2.03545467680435,1.9856137176091
254778599,"YIL047C","SYG1","","dma2292","Vph1_R1_Plate06",14,23,1339,38,"S/G2 phase",3.61632696332478,2.97047523325324
254778608,"YIL047C","SYG1","","dma2292","Vph1_R1_Plate06",14,23,1339,47,"MA phase",1.66633591179133,1.83441520942398
254778624,"YIL047C","SYG1","","dma2292","Vph1_R1_Plate06",14,23,1339,63,"S/G2 phase",3.47837348549163,3.48827834347624
254778628,"YIL047C","SYG1","","dma2292","Vph1_R1_Plate06",14,23,1339,67,"S/G2 phase",4.26135268400411,3.25741781833374
254778678,"YIL047C","SYG1","","dma2292","Vph1_R1_Plate06",14,23,1339,118,"S/G2 phase",2.6655665079882,1.97597461355726
254778698,"YIL047C","SYG1","","dma2292","Vph1_R1_Plate06",14,23,1339,138,"S/G2 phase",0.693204622211537,0.67525320067708
254778704,"YIL047C","SYG1","","dma2292","Vph1_R1_Plate06",14,23,1339,145,"S/G2 phase",5.41717911990348,3.56666576816231
254778737,"YIL047C","SYG1","","dma2292","Vph1_R1_Plate06",14,23,1339,178,"S/G2 phase",3.87359155712174,2.65740350661073
254778754,"YIL047C","SYG1","","dma2292","Vph1_R1_Plate06",14,23,1339,195,"T phase",2.30390468772292,2.93749515823289
254778759,"YIL047C","SYG1","","dma2292","Vph1_R1_Plate06",14,23,1339,200,"S/G2 phase",2.29644774297518,2.02671931835911
254778776,"YIL047C","SYG1","","dma2292","Vph1_R1_Plate06",14,23,1339,217,"S/G2 phase",4.29118046299506,2.85098220781717
254778787,"YIL047C","SYG1","","dma2292","Vph1_R1_Plate06",14,23,1339,228,"S/G2 phase",2.14358037564655,1.4251914283139
254778789,"YIL047C","SYG1","","dma2292","Vph1_R1_Plate06",14,23,1339,230,"T phase",2.49405677879023,2.28092081447012
254778811,"YIL047C","SYG1","","dma2292","Vph1_R1_Plate06",14,23,1339,254,"T phase",4.55590200153975,3.8934393617215
254778853,"YIL047C","SYG1","","dma2292","Vph1_R1_Plate06",14,23,1340,13,"S/G2 phase",2.63201025662338,2.4430330189784
254778856,"YIL047C","SYG1","","dma2292","Vph1_R1_Plate06",14,23,1340,17,"T phase",3.8176644715137,3.55702666411046
254778860,"YIL047C","SYG1","","dma2292","Vph1_R1_Plate06",14,23,1340,21,"S/G2 phase",0.491867114022615,0.719146972020598
254778869,"YIL047C","SYG1","","dma2292","Vph1_R1_Plate06",14,23,1340,30,"S/G2 phase",2.01308384256114,2.63533712791353
254778895,"YIL047C","SYG1","","dma2292","Vph1_R1_Plate06",14,23,1340,56,"S/G2 phase",1.37551506662955,0.915513843820552
254778903,"YIL047C","SYG1","","dma2292","Vph1_R1_Plate06",14,23,1340,64,"MA-single",1.59549493668782,1.14764896123437
254778909,"YIL047C","SYG1","","dma2292","Vph1_R1_Plate06",14,23,1340,70,"S/G2 phase",1.41279979036824,1.07762604832883
254778970,"YIL047C","SYG1","","dma2292","Vph1_R1_Plate06",14,23,1340,133,"S/G2 phase",-0.309754446359206,-0.411336710621651
254779011,"YIL047C","SYG1","","dma2292","Vph1_R1_Plate06",14,23,1340,175,"T phase",1.34941576001247,1.15322530242139
254779023,"YIL047C","SYG1","","dma2292","Vph1_R1_Plate06",14,23,1340,187,"S/G2 phase",1.19654839268384,1.4678106073861
254779039,"YIL047C","SYG1","","dma2292","Vph1_R1_Plate06",14,23,1340,203,"S/G2 phase",1.03622408060748,1.50891620813611
254779054,"YIL047C","SYG1","","dma2292","Vph1_R1_Plate06",14,23,1340,219,"S/G2 phase",0.700661566959275,0.594077605397503
254779100,"YIL047C","SYG1","","dma2292","Vph1_R1_Plate06",14,23,1340,265,"MA-single",-0.123330827665759,-0.0267284927513969
254779133,"YIL047C","SYG1","","dma2292","Vph1_R1_Plate06",14,23,1340,299,"S/G2 phase",0.864714351409508,0.746550705853938
254779145,"YIL047C","SYG1","","dma2292","Vph1_R1_Plate06",14,23,1340,311,"S/G2 phase",0.637277536603503,0.829000893404832
254779152,"YIL047C","SYG1","","dma2292","Vph1_R1_Plate06",14,23,1340,318,"S/G2 phase",1.97207064644858,2.03357025181744
254863077,"YHR018C","ARG4","","dma2096","Vph1_R1_Plate06",13,15,1209,23,"S/G2 phase",0.562708089126125,1.00075220196495
254863112,"YHR018C","ARG4","","dma2096","Vph1_R1_Plate06",13,15,1209,62,"S/G2 phase",0.883356713278853,1.73013762922677
254863182,"YHR018C","ARG4","","dma2096","Vph1_R1_Plate06",13,15,1209,132,"S/G2 phase",0.935555326513018,0.874408243070542
254863194,"YHR018C","ARG4","","dma2096","Vph1_R1_Plate06",13,15,1209,146,"T phase",2.0540970386737,1.69309479134158
254863209,"YHR018C","ARG4","","dma2096","Vph1_R1_Plate06",13,15,1209,162,"T phase",4.45150477507142,3.23686501795873
254863248,"YHR018C","ARG4","","dma2096","Vph1_R1_Plate06",13,15,1209,205,"MA-single",-1.3910114347812,-1.58850233520093
254863254,"YHR018C","ARG4","","dma2096","Vph1_R1_Plate06",13,15,1209,211,"MA phase",0.484410169274877,0.536481967137314
254863270,"YHR018C","ARG4","","dma2096","Vph1_R1_Plate06",13,15,1209,227,"G1 phase",-0.369410004341109,-0.308333722695753
254863297,"YHR018C","ARG4","","dma2096","Vph1_R1_Plate06",13,15,1209,254,"S/G2 phase",-0.0562183249361186,1.05428507736032
254863300,"YHR018C","ARG4","","dma2096","Vph1_R1_Plate06",13,15,1209,257,"S/G2 phase",0.517966420639697,0.348240621067014
254863305,"YHR018C","ARG4","","dma2096","Vph1_R1_Plate06",13,15,1210,1,"S/G2 phase",1.47245534835014,1.53910811256296
254863330,"YHR018C","ARG4","","dma2096","Vph1_R1_Plate06",13,15,1210,28,"S/G2 phase",0.954197688382363,1.26714198667045
254863332,"YHR018C","ARG4","","dma2096","Vph1_R1_Plate06",13,15,1210,30,"S/G2 phase",1.82666022386769,2.36743376488584
254863355,"YHR018C","ARG4","","dma2096","Vph1_R1_Plate06",13,15,1210,53,"S/G2 phase",0.148847655626673,1.08041421892234
254863368,"YHR018C","ARG4","","dma2096","Vph1_R1_Plate06",13,15,1210,66,"MA-single",-0.600575291520983,-0.460806823152187
254863402,"YHR018C","ARG4","","dma2096","Vph1_R1_Plate06",13,15,1210,102,"MA-single",-0.0599467973099876,-0.102327746843955
254863405,"YHR018C","ARG4","","dma2096","Vph1_R1_Plate06",13,15,1210,105,"S/G2 phase",1.18163450318837,1.61749553724902
254863407,"YHR018C","ARG4","","dma2096","Vph1_R1_Plate06",13,15,1210,107,"T phase",1.55821021294913,1.6943693836129
254863448,"YHR018C","ARG4","","dma2096","Vph1_R1_Plate06",13,15,1210,149,"S/G2 phase",0.976568522625576,1.30012206169081
254863455,"YHR018C","ARG4","","dma2096","Vph1_R1_Plate06",13,15,1210,156,"S/G2 phase",1.37924353900342,1.75069042960177
254863459,"YHR018C","ARG4","","dma2096","Vph1_R1_Plate06",13,15,1210,160,"S/G2 phase",2.2703484363581,2.42502940314603
254863462,"YHR018C","ARG4","","dma2096","Vph1_R1_Plate06",13,15,1210,163,"S/G2 phase",0.875899768531115,0.831789063998341
254863474,"YHR018C","ARG4","","dma2096","Vph1_R1_Plate06",13,15,1210,175,"S/G2 phase",0.570165033873862,0.235598529089271
254863479,"YHR018C","ARG4","","dma2096","Vph1_R1_Plate06",13,15,1210,180,"G1 phase",-0.309754446359206,-0.397634843704981
254863488,"YHR018C","ARG4","","dma2096","Vph1_R1_Plate06",13,15,1210,189,"S/G2 phase",1.38670048375116,1.50206527467777
254863510,"YHR018C","ARG4","","dma2096","Vph1_R1_Plate06",13,15,1210,214,"S/G2 phase",0.201046268860838,0.379946103816054
254863520,"YHR018C","ARG4","","dma2096","Vph1_R1_Plate06",13,15,1210,224,"MA-single",-1.23814406745257,-1.27112885964271
254863532,"YHR018C","ARG4","","dma2096","Vph1_R1_Plate06",13,15,1210,236,"S/G2 phase",3.24720819831176,2.37707286893768
254863534,"YHR018C","ARG4","","dma2096","Vph1_R1_Plate06",13,15,1210,238,"MA-single",-1.37236907291185,-1.6022042021176
254863547,"YHR018C","ARG4","","dma2096","Vph1_R1_Plate06",13,15,1210,251,"S/G2 phase",1.79683244487674,1.52134348278146
254863555,"YHR018C","ARG4","","dma2096","Vph1_R1_Plate06",13,15,1210,259,"S/G2 phase",0.547794199630649,0.573524805022498
254863570,"YHR018C","ARG4","","dma2096","Vph1_R1_Plate06",13,15,1211,12,"MA-single",-1.18594545421841,-1.3535790471936
254863608,"YHR018C","ARG4","","dma2096","Vph1_R1_Plate06",13,15,1211,52,"MA-single",-1.1151044791149,-1.13665937501864
254863622,"YHR018C","ARG4","","dma2096","Vph1_R1_Plate06",13,15,1211,66,"S/G2 phase",0.61490670236029,1.50206527467778
254863637,"YHR018C","ARG4","","dma2096","Vph1_R1_Plate06",13,15,1211,81,"S/G2 phase",1.15180672419742,1.25622829034729
254863651,"YHR018C","ARG4","","dma2096","Vph1_R1_Plate06",13,15,1211,97,"S/G2 phase",0.0630927910276873,0.146297408080043
254863662,"YHR018C","ARG4","","dma2096","Vph1_R1_Plate06",13,15,1211,108,"S/G2 phase",0.931826854139149,1.38536041983521
254863672,"YHR018C","ARG4","","dma2096","Vph1_R1_Plate06",13,15,1211,121,"S/G2 phase",1.12570741758033,1.0707751148705
254863760,"YHR018C","ARG4","","dma2096","Vph1_R1_Plate06",13,15,1211,215,"S/G2 phase",-0.0487613801883808,0.00625158226896055
254863771,"YHR018C","ARG4","","dma2096","Vph1_R1_Plate06",13,15,1211,226,"S/G2 phase",0.462039335031663,0.547395663460476
254863780,"YHR018C","ARG4","","dma2096","Vph1_R1_Plate06",13,15,1211,235,"MA-single",-1.07409128300234,-1.12423210037329
254863830,"YHR018C","ARG4","","dma2096","Vph1_R1_Plate06",13,15,1211,287,"S/G2 phase",0.26443029921661,0.536481967137314
254863831,"YHR018C","ARG4","","dma2096","Vph1_R1_Plate06",13,15,1211,288,"S/G2 phase",-0.0189336011974293,-0.0541322265847374
254863875,"YHR018C","ARG4","","dma2096","Vph1_R1_Plate06",13,15,1212,42,"S/G2 phase",2.03545467680435,2.54882417749781
254891843,"YIL034C","CAP2","","dma2258","Vph1_R1_Plate06",10,3,873,15,"S/G2 phase",0.0742782081492941,0.0199534491856305
254891896,"YIL034C","CAP2","","dma2258","Vph1_R1_Plate06",10,3,873,69,"G1 phase",-0.805641272083775,-0.756113920013213
254892092,"YIL034C","CAP2","","dma2258","Vph1_R1_Plate06",10,3,874,53,"T phase",1.18909144793611,1.33310213671116
254892214,"YIL034C","CAP2","","dma2258","Vph1_R1_Plate06",10,3,874,177,"MA-single",-1.53642185736209,-1.78486920700088
254892218,"YIL034C","CAP2","","dma2258","Vph1_R1_Plate06",10,3,874,181,"S/G2 phase",-0.130787772413497,0.231535766224445
254892274,"YIL034C","CAP2","","dma2258","Vph1_R1_Plate06",10,3,875,11,"S/G2 phase",0.532880310135173,0.536481967137314
254892275,"YIL034C","CAP2","","dma2258","Vph1_R1_Plate06",10,3,875,13,"S/G2 phase",2.78487762395201,1.98967648047393
254892414,"YIL034C","CAP2","","dma2258","Vph1_R1_Plate06",10,3,875,154,"G1 phase",-0.745985714101872,-0.716282911534521
254892501,"YIL034C","CAP2","","dma2258","Vph1_R1_Plate06",10,3,876,42,"S/G2 phase",0.726760873576358,0.763040743364117
254892547,"YIL034C","CAP2","","dma2258","Vph1_R1_Plate06",10,3,876,89,"T phase",1.81174633437222,2.22459976848125
254892641,"YIL034C","CAP2","","dma2258","Vph1_R1_Plate06",10,3,876,185,"T phase",3.39261862089265,2.58992977824782
254894996,"YIL032C","","","dma2259","Vph1_R1_Plate06",10,5,881,15,"S/G2 phase",0.275615716338217,0.763040743364117
254895032,"YIL032C","","","dma2259","Vph1_R1_Plate06",10,5,881,51,"S/G2 phase",1.12570741758033,1.23973825283711
254895035,"YIL032C","","","dma2259","Vph1_R1_Plate06",10,5,881,54,"S/G2 phase",2.08392481766465,1.65860113799903
254895079,"YIL032C","","","dma2259","Vph1_R1_Plate06",10,5,881,98,"S/G2 phase",0.0258080672889979,0.451243608992912
254895116,"YIL032C","","","dma2259","Vph1_R1_Plate06",10,5,881,137,"T phase",1.78191855538127,1.42646602058522
254895285,"YIL032C","","","dma2259","Vph1_R1_Plate06",10,5,882,73,"S/G2 phase",2.97875818739319,2.32353999354232
254895296,"YIL032C","","","dma2259","Vph1_R1_Plate06",10,5,882,86,"G1 phase",-0.473807230809439,-0.42782674813183
254895334,"YIL032C","","","dma2259","Vph1_R1_Plate06",10,5,882,124,"G1 phase",0.0407219567844737,-0.113241443167117
254895335,"YIL032C","","","dma2259","Vph1_R1_Plate06",10,5,882,125,"S/G2 phase",0.711846984080882,0.956858430621435
254895338,"YIL032C","","","dma2259","Vph1_R1_Plate06",10,5,882,128,"S/G2 phase",0.696933094585406,0.702656934510419
254895367,"YIL032C","","","dma2259","Vph1_R1_Plate06",10,5,882,158,"S/G2 phase",0.156304600374411,0.241174870276288
254895401,"YIL032C","","","dma2259","Vph1_R1_Plate06",10,5,882,192,"MA-single",-0.425337089949143,-0.554170707026242
254895485,"YIL032C","","","dma2259","Vph1_R1_Plate06",10,5,883,69,"S/G2 phase",1.561938685323,1.6311974041657
254895488,"YIL032C","","","dma2259","Vph1_R1_Plate06",10,5,883,72,"T phase",4.47014713694077,3.12016016311617
254895496,"YIL032C","","","dma2259","Vph1_R1_Plate06",10,5,883,80,"S/G2 phase",1.3941574284989,2.0459975264628
254895525,"YIL032C","","","dma2259","Vph1_R1_Plate06",10,5,883,110,"G1 phase",-0.768356548345085,-0.853540566752094
254895526,"YIL032C","","","dma2259","Vph1_R1_Plate06",10,5,883,111,"S/G2 phase",1.74836230401645,2.66274086174687
254895637,"YIL032C","","","dma2259","Vph1_R1_Plate06",10,5,883,223,"S/G2 phase",0.454582390283925,0.798808988977984
254895667,"YIL032C","","","dma2259","Vph1_R1_Plate06",10,5,884,18,"S/G2 phase",0.633549064229634,0.500713721523449
254895734,"YIL032C","","","dma2259","Vph1_R1_Plate06",10,5,884,85,"MA phase",3.2546651430595,2.78223388718294
254895753,"YIL032C","","","dma2259","Vph1_R1_Plate06",10,5,884,104,"T phase",3.13162555472182,2.39077473585436
254895772,"YIL032C","","","dma2259","Vph1_R1_Plate06",10,5,884,123,"G1 phase",0.346456691441726,0.401773496462376
254895799,"YIL032C","","","dma2259","Vph1_R1_Plate06",10,5,884,151,"S/G2 phase",2.22560676787167,2.48971496091543
254895812,"YIL032C","","","dma2259","Vph1_R1_Plate06",10,5,884,164,"S/G2 phase",3.39261862089265,2.71627373714223
254895814,"YIL032C","","","dma2259","Vph1_R1_Plate06",10,5,884,166,"S/G2 phase",4.17559781940512,3.60498319831882
254895822,"YIL032C","","","dma2259","Vph1_R1_Plate06",10,5,884,174,"S/G2 phase",1.68124980128681,1.5487472166148
254895855,"YIL032C","","","dma2259","Vph1_R1_Plate06",10,5,884,208,"T phase",4.47760408168851,3.53774845600678
254895871,"YIL032C","","","dma2259","Vph1_R1_Plate06",10,5,884,224,"S/G2 phase",1.00639630161653,1.54062169088515
254898279,"YIL030C","SSM4","","dma2260","Vph1_R1_Plate06",10,7,889,22,"T phase",2.3784741352003,2.51990686534228
254898290,"YIL030C","SSM4","","dma2260","Vph1_R1_Plate06",10,7,889,33,"S/G2 phase",1.12197894520646,1.32903937384634
254898304,"YIL030C","SSM4","","dma2260","Vph1_R1_Plate06",10,7,889,47,"T phase",2.14730884802042,2.1944078640544
254898340,"YIL030C","SSM4","","dma2260","Vph1_R1_Plate06",10,7,889,83,"S/G2 phase",1.87885883710186,2.27813264387661
254898351,"YIL030C","SSM4","","dma2260","Vph1_R1_Plate06",10,7,889,95,"S/G2 phase",2.102567179534,1.68345568728974
254898352,"YIL030C","SSM4","","dma2260","Vph1_R1_Plate06",10,7,889,96,"S/G2 phase",4.89146451518796,4.50333176354723
254898376,"YIL030C","SSM4","","dma2260","Vph1_R1_Plate06",10,7,890,20,"T phase",3.1577248613389,3.24244135914576
254898386,"YIL030C","SSM4","","dma2260","Vph1_R1_Plate06",10,7,890,32,"T phase",2.0540970386737,2.18604335227388
254898454,"YIL030C","SSM4","","dma2260","Vph1_R1_Plate06",10,7,891,1,"S/G2 phase",-0.320939863480813,-0.385207569059629
254898458,"YIL030C","SSM4","","dma2260","Vph1_R1_Plate06",10,7,891,6,"S/G2 phase",0.242059464973396,0.194492928339262
254898482,"YIL030C","SSM4","","dma2260","Vph1_R1_Plate06",10,7,891,30,"T phase",2.52761303015505,2.1312358846072
255515051,"YJR054W","KCH1","","dma2649","Vph1_R1_Plate07",10,17,929,34,"MA-single",-0.706165999310622,-0.467999615109009
255515065,"YJR054W","KCH1","","dma2649","Vph1_R1_Plate07",10,17,929,49,"S/G2 phase",1.15029240384204,1.17216319566118
255515089,"YJR054W","KCH1","","dma2649","Vph1_R1_Plate07",10,17,929,73,"S/G2 phase",3.36619275313702,3.16355395580777
255515130,"YJR054W","KCH1","","dma2649","Vph1_R1_Plate07",10,17,929,114,"MA-single",0.174664264312873,0.232642856071342
255515223,"YJR054W","KCH1","","dma2649","Vph1_R1_Plate07",10,17,929,207,"G1 phase",0.0996159458875528,0.0578119523803397
255515358,"YJR054W","KCH1","","dma2649","Vph1_R1_Plate07",10,17,929,343,"S/G2 phase",1.51368426148043,1.50187729974605
255515376,"YJR054W","KCH1","","dma2649","Vph1_R1_Plate07",10,17,929,361,"S/G2 phase",2.07062178242622,1.64835279048575
255515406,"YJR054W","KCH1","","dma2649","Vph1_R1_Plate07",10,17,929,392,"S/G2 phase",0.798750280691851,1.31995754281723
255515553,"YJR054W","KCH1","","dma2649","Vph1_R1_Plate07",10,17,929,539,"S/G2 phase",0.399809219588833,0.725895155782309
255515782,"YJR054W","KCH1","","dma2649","Vph1_R1_Plate07",10,17,930,225,"S/G2 phase",0.466957715022015,0.492787284194305
255515826,"YJR054W","KCH1","","dma2649","Vph1_R1_Plate07",10,17,930,270,"S/G2 phase",2.01532302148125,1.61266123871857
255515840,"YJR054W","KCH1","","dma2649","Vph1_R1_Plate07",10,17,930,285,"G1 phase",0.660503378329419,0.609341219988307
255515852,"YJR054W","KCH1","","dma2649","Vph1_R1_Plate07",10,17,930,297,"S/G2 phase",0.664453289825489,0.558153105329131
255515924,"YJR054W","KCH1","","dma2649","Vph1_R1_Plate07",10,17,930,369,"S/G2 phase",3.6268869118776,3.44760265647689
255516008,"YJR054W","KCH1","","dma2649","Vph1_R1_Plate07",10,17,930,453,"G1 phase",-0.461271486554314,-0.432555348919886
255516159,"YJR054W","KCH1","","dma2649","Vph1_R1_Plate07",10,17,931,36,"G1 phase",-0.425722283089689,-0.41260764562275
255516219,"YJR054W","KCH1","","dma2649","Vph1_R1_Plate07",10,17,931,97,"S/G2 phase",2.35501541014323,1.87989452007936
255516258,"YJR054W","KCH1","","dma2649","Vph1_R1_Plate07",10,17,931,137,"S/G2 phase",1.46628532352759,1.46775188997327
255516262,"YJR054W","KCH1","","dma2649","Vph1_R1_Plate07",10,17,931,141,"S/G2 phase",4.95405717455695,3.96500651431207
255516329,"YJR054W","KCH1","","dma2649","Vph1_R1_Plate07",10,17,931,209,"T phase",4.81976018369059,3.52582732767102
255516348,"YJR054W","KCH1","","dma2649","Vph1_R1_Plate07",10,17,931,228,"S/G2 phase",3.95867947754744,3.07247043455433
255516397,"YJR054W","KCH1","","dma2649","Vph1_R1_Plate07",10,17,931,277,"S/G2 phase",0.178614175808942,0.465750727659346
255516458,"YJR054W","KCH1","","dma2649","Vph1_R1_Plate07",10,17,931,338,"S/G2 phase",0.948846917542492,0.778402126857825
255516510,"YJR054W","KCH1","","dma2649","Vph1_R1_Plate07",10,17,931,390,"S/G2 phase",1.77832833171708,1.38952721877913
255516537,"YJR054W","KCH1","","dma2649","Vph1_R1_Plate07",10,17,931,417,"S/G2 phase",3.4846900980191,2.65876166245384
255516547,"YJR054W","KCH1","","dma2649","Vph1_R1_Plate07",10,17,931,427,"S/G2 phase",1.27668957171626,1.10391237611561
255516550,"YJR054W","KCH1","","dma2649","Vph1_R1_Plate07",10,17,931,430,"S/G2 phase",1.72697948226818,1.73210017292331
255516569,"YJR054W","KCH1","","dma2649","Vph1_R1_Plate07",10,17,931,449,"T phase",1.34778797864551,1.18634090213683
255516570,"YJR054W","KCH1","","dma2649","Vph1_R1_Plate07",10,17,931,450,"S/G2 phase",2.76580620573445,2.26656673564488
255516640,"YJR054W","KCH1","","dma2649","Vph1_R1_Plate07",10,17,931,521,"S/G2 phase",1.90867541108738,1.35408295259001
255516661,"YJR054W","KCH1","","dma2649","Vph1_R1_Plate07",10,17,931,542,"S/G2 phase",3.3424932841606,3.10948084273785
255516672,"YJR054W","KCH1","","dma2649","Vph1_R1_Plate07",10,17,931,553,"T phase",3.27929470022349,2.51673731211928
255516698,"YJR054W","KCH1","","dma2649","Vph1_R1_Plate07",10,17,931,580,"G1 phase",0.036417361950441,-0.217829038634612
255516728,"YJR054W","KCH1","","dma2649","Vph1_R1_Plate07",10,17,932,1,"S/G2 phase",1.30433895218875,1.53311771110809
255516734,"YJR054W","KCH1","","dma2649","Vph1_R1_Plate07",10,17,932,7,"S/G2 phase",0.715802139274392,0.76579056237658
255516742,"YJR054W","KCH1","","dma2649","Vph1_R1_Plate07",10,17,932,15,"S/G2 phase",1.48603488100794,1.45068918508688
255516782,"YJR054W","KCH1","","dma2649","Vph1_R1_Plate07",10,17,932,57,"S/G2 phase",3.97842903502779,2.64746895438893
255516786,"YJR054W","KCH1","","dma2649","Vph1_R1_Plate07",10,17,932,61,"S/G2 phase",1.29248921770054,1.07267196475357
255516790,"YJR054W","KCH1","","dma2649","Vph1_R1_Plate07",10,17,932,65,"T phase",1.52948390746471,1.32993139446579
255516808,"YJR054W","KCH1","","dma2649","Vph1_R1_Plate07",10,17,932,83,"G1 phase",-0.804913786712359,-0.979633476122707
255516830,"YJR054W","KCH1","","dma2649","Vph1_R1_Plate07",10,17,932,105,"S/G2 phase",1.77832833171708,1.56303926605379
255516839,"YJR054W","KCH1","","dma2649","Vph1_R1_Plate07",10,17,932,114,"T phase",2.41821399408034,2.36605796655249
255516931,"YJR054W","KCH1","","dma2649","Vph1_R1_Plate07",10,17,932,208,"S/G2 phase",1.10684337738527,0.987358440321612
255516956,"YJR054W","KCH1","","dma2649","Vph1_R1_Plate07",10,17,932,233,"MA phase",3.67033593833437,2.80812215160428
255516962,"YJR054W","KCH1","","dma2649","Vph1_R1_Plate07",10,17,932,239,"S/G2 phase",1.41493647407869,1.02725384691588
255517025,"YJR054W","KCH1","","dma2649","Vph1_R1_Plate07",10,17,932,304,"G1 phase",-0.560019273956051,-0.536250434654576
255517112,"YJR054W","KCH1","","dma2649","Vph1_R1_Plate07",10,17,932,391,"T phase",3.8599316901457,3.41215839028777
255517135,"YJR054W","KCH1","","dma2649","Vph1_R1_Plate07",10,17,932,414,"T phase",1.31618868667695,1.6042535290644
255517158,"YJR054W","KCH1","","dma2649","Vph1_R1_Plate07",10,17,932,437,"S/G2 phase",1.07129417392065,1.21049246026105
255517170,"YJR054W","KCH1","","dma2649","Vph1_R1_Plate07",10,17,932,449,"T phase",4.22332354778409,3.70774708459985
255535122,"YIL134W","FLX1","","dma2373","Vph1_R1_Plate07",11,18,1031,16,"S/G2 phase",0.901447979589658,0.914903765948963
255541600,"YJL036W","SNX4","","dma2471","Vph1_R1_Plate07",11,21,1042,45,"S/G2 phase",-0.496820690018939,-0.257724445228882
255541610,"YJL036W","SNX4","","dma2471","Vph1_R1_Plate07",11,21,1042,55,"MA-single",-1.16435573285468,-1.16864208628936
255541755,"YJL036W","SNX4","","dma2471","Vph1_R1_Plate07",11,21,1042,208,"T phase",-0.433622106081827,-0.334382974428614
255541856,"YJL036W","SNX4","","dma2471","Vph1_R1_Plate07",11,21,1042,322,"S/G2 phase",-0.244026354270492,0.342107938627519
255541859,"YJL036W","SNX4","","dma2471","Vph1_R1_Plate07",11,21,1042,325,"S/G2 phase",0.277361963210679,0.538205402031996
255541878,"YJL036W","SNX4","","dma2471","Vph1_R1_Plate07",11,21,1042,345,"G1 phase",-0.232176619782284,-0.0500869881814347
255541915,"YJL036W","SNX4","","dma2471","Vph1_R1_Plate07",11,21,1042,391,"S/G2 phase",3.51233947849159,2.90472838410115
255542810,"YJL036W","SNX4","","dma2471","Vph1_R1_Plate07",11,21,1044,397,"S/G2 phase",0.143064972344317,0.227120144827922
255542850,"YJL036W","SNX4","","dma2471","Vph1_R1_Plate07",11,21,1044,439,"S/G2 phase",0.0245676274622326,0.245501706130652
255700324,"YIR023W","DAL81","","dma2435","Vph1_R1_Plate07",5,21,465,147,"MA-single",-1.23545413978393,-1.32929528350471
255700343,"YIR023W","DAL81","","dma2435","Vph1_R1_Plate07",5,21,465,167,"MA-single",-0.512620336003217,-0.505010023292535
255700454,"YIR023W","DAL81","","dma2435","Vph1_R1_Plate07",5,21,465,284,"MA-single",-0.528419981987495,-0.698222488286269
255700587,"YIR023W","DAL81","","dma2435","Vph1_R1_Plate07",5,21,465,422,"MA-single",-1.27100334324856,-1.19567864282432
255700656,"YIR023W","DAL81","","dma2435","Vph1_R1_Plate07",5,21,466,31,"MA-single",-1.16040582135861,-1.2014486396458
255700669,"YIR023W","DAL81","","dma2435","Vph1_R1_Plate07",5,21,466,45,"MA-single",-1.48034865254024,-1.60782127293041
255700741,"YIR023W","DAL81","","dma2435","Vph1_R1_Plate07",5,21,466,122,"G1 phase",0.162814529824664,-0.0429981349436101
255700745,"YIR023W","DAL81","","dma2435","Vph1_R1_Plate07",5,21,466,128,"S/G2 phase",-0.295375203719396,0.430306461470223
255700746,"YIR023W","DAL81","","dma2435","Vph1_R1_Plate07",5,21,466,129,"G1 phase",-1.48429856403631,-1.66898323923815
255700751,"YIR023W","DAL81","","dma2435","Vph1_R1_Plate07",5,21,466,135,"S/G2 phase",1.06339435092851,1.93396763314927
255700752,"YIR023W","DAL81","","dma2435","Vph1_R1_Plate07",5,21,466,136,"T phase",2.78950567471087,2.93176494063611
255700809,"YIR023W","DAL81","","dma2435","Vph1_R1_Plate07",5,21,466,195,"S/G2 phase",1.4267862085669,1.93396763314927
255700833,"YIR023W","DAL81","","dma2435","Vph1_R1_Plate07",5,21,466,221,"MA-single",-0.654817149861718,-0.67118593175131
255700841,"YIR023W","DAL81","","dma2435","Vph1_R1_Plate07",5,21,466,229,"S/G2 phase",2.01137310998518,2.32904755836897
255700881,"YIR023W","DAL81","","dma2435","Vph1_R1_Plate07",5,21,466,274,"T phase",1.32013859817302,1.61134238230223
255700964,"YIR023W","DAL81","","dma2435","Vph1_R1_Plate07",5,21,466,362,"T phase",1.05549452793637,0.805438683392784
255700969,"YIR023W","DAL81","","dma2435","Vph1_R1_Plate07",5,21,466,368,"G1 phase",0.000868158485815676,-0.162437069148354
255700979,"YIR023W","DAL81","","dma2435","Vph1_R1_Plate07",5,21,466,378,"MA-single",-1.5119479445088,-1.72726020713515
255701033,"YIR023W","DAL81","","dma2435","Vph1_R1_Plate07",5,21,467,2,"MA phase",-0.129478920884477,-0.0800085431271366
255701057,"YIR023W","DAL81","","dma2435","Vph1_R1_Plate07",5,21,467,28,"S/G2 phase",0.707902316282253,1.1096823729371
255701068,"YIR023W","DAL81","","dma2435","Vph1_R1_Plate07",5,21,467,39,"S/G2 phase",0.838249395652546,0.519823840729265
255701139,"YIR023W","DAL81","","dma2435","Vph1_R1_Plate07",5,21,467,115,"S/G2 phase",0.944897006046422,1.04852040662936
255701162,"YIR023W","DAL81","","dma2435","Vph1_R1_Plate07",5,21,467,140,"G1 phase",-0.820713432696637,-0.703992485107755
255701253,"YIR023W","DAL81","","dma2435","Vph1_R1_Plate07",5,21,467,237,"G1 phase",-0.666666884349927,-0.654123226864918
255701256,"YIR023W","DAL81","","dma2435","Vph1_R1_Plate07",5,21,467,240,"T phase",2.35106549864716,2.21537862098571
255701257,"YIR023W","DAL81","","dma2435","Vph1_R1_Plate07",5,21,467,241,"S/G2 phase",2.28786691471005,2.54509272507058
255701367,"YIR023W","DAL81","","dma2435","Vph1_R1_Plate07",5,21,467,358,"S/G2 phase",0.557805679431613,0.91069991112188
255701418,"YIR023W","DAL81","","dma2435","Vph1_R1_Plate07",5,21,467,418,"MA phase",1.58083275691361,1.78905828440398
255701426,"YIR023W","DAL81","","dma2435","Vph1_R1_Plate07",5,21,467,426,"T phase",1.62823169486644,1.64546779207501
255701432,"YIR023W","DAL81","","dma2435","Vph1_R1_Plate07",5,21,467,433,"S/G2 phase",0.336610635651722,0.563923102150618
255701438,"YIR023W","DAL81","","dma2435","Vph1_R1_Plate07",5,21,467,439,"T phase",0.676303024313697,0.990243438732354
255701441,"YIR023W","DAL81","","dma2435","Vph1_R1_Plate07",5,21,467,442,"S/G2 phase",0.715802139274392,0.866600649700528
255701474,"YIR023W","DAL81","","dma2435","Vph1_R1_Plate07",5,21,468,26,"S/G2 phase",-0.070230248443435,0.526912693967089
255701512,"YIR023W","DAL81","","dma2435","Vph1_R1_Plate07",5,21,468,65,"T phase",0.202313644785359,0.389092198459614
255701563,"YIR023W","DAL81","","dma2435","Vph1_R1_Plate07",5,21,468,116,"T phase",2.20491877329259,1.82029869576601
255701610,"YIR023W","DAL81","","dma2435","Vph1_R1_Plate07",5,21,468,165,"MA-single",-1.05770812246081,-0.999581179419841
255701647,"YIR023W","DAL81","","dma2435","Vph1_R1_Plate07",5,21,468,204,"G1 phase",-1.29470281222497,-1.55242930344415
255701649,"YIR023W","DAL81","","dma2435","Vph1_R1_Plate07",5,21,468,206,"S/G2 phase",0.166764441320734,0.619315071636875
255701760,"YIR023W","DAL81","","dma2435","Vph1_R1_Plate07",5,21,468,320,"MA-single",-1.08140759143722,-1.29516987373193
255701768,"YIR023W","DAL81","","dma2435","Vph1_R1_Plate07",5,21,468,328,"MA-single",-1.05770812246081,-1.19567864282432
255701777,"YIR023W","DAL81","","dma2435","Vph1_R1_Plate07",5,21,468,337,"G1 phase",-1.3302520156896,-1.55242930344415
255750592,"YJR092W","BUD4","","dma2673","Vph1_R1_Plate07",14,17,1313,95,"S/G2 phase",2.10617098589085,1.64967164690209
255750626,"YJR092W","BUD4","","dma2673","Vph1_R1_Plate07",14,17,1313,130,"S/G2 phase",2.18516921581224,1.60845738389148
255750708,"YJR092W","BUD4","","dma2673","Vph1_R1_Plate07",14,17,1313,214,"S/G2 phase",0.245762671242124,0.616430073226132
255750879,"YJR092W","BUD4","","dma2673","Vph1_R1_Plate07",14,17,1313,387,"T phase",0.952796829038561,1.37823451071422
255750894,"YJR092W","BUD4","","dma2673","Vph1_R1_Plate07",14,17,1313,403,"S/G2 phase",1.45048567754332,1.60713852747515
255750952,"YJR092W","BUD4","","dma2673","Vph1_R1_Plate07",14,17,1313,462,"S/G2 phase",1.74672903974853,1.65255664531284
255750999,"YJR092W","BUD4","","dma2673","Vph1_R1_Plate07",14,17,1313,509,"S/G2 phase",0.312911166675305,0.454458019594439
255751006,"YJR092W","BUD4","","dma2673","Vph1_R1_Plate07",14,17,1313,516,"S/G2 phase",3.06599947943573,2.22667132905061
255751235,"YJR092W","BUD4","","dma2673","Vph1_R1_Plate07",14,17,1314,129,"S/G2 phase",2.95145204604972,3.40350339505554
255751268,"YJR092W","BUD4","","dma2673","Vph1_R1_Plate07",14,17,1314,165,"S/G2 phase",3.29904425770383,2.91049838092263
255751381,"YJR092W","BUD4","","dma2673","Vph1_R1_Plate07",14,17,1314,280,"G1 phase",-0.891811839625888,-0.864645682323109
255751396,"YJR092W","BUD4","","dma2673","Vph1_R1_Plate07",14,17,1314,295,"S/G2 phase",0.289211697698888,0.897841061062569
255751564,"YJR092W","BUD4","","dma2673","Vph1_R1_Plate07",14,17,1314,468,"S/G2 phase",2.07062178242622,2.82938871131776
255751620,"YJR092W","BUD4","","dma2673","Vph1_R1_Plate07",14,17,1314,527,"T phase",0.609154528880516,0.907814912711137
255751626,"YJR092W","BUD4","","dma2673","Vph1_R1_Plate07",14,17,1314,533,"S/G2 phase",1.20954107628308,1.17504819407192
255751627,"YJR092W","BUD4","","dma2673","Vph1_R1_Plate07",14,17,1314,534,"T phase",0.42350868856525,0.620633928053214
255751646,"YJR092W","BUD4","","dma2673","Vph1_R1_Plate07",14,17,1315,7,"S/G2 phase",1.60058231439396,1.43651147861123
255751667,"YJR092W","BUD4","","dma2673","Vph1_R1_Plate07",14,17,1315,28,"T phase",1.88892585360703,1.95391533644641
255751681,"YJR092W","BUD4","","dma2673","Vph1_R1_Plate07",14,17,1315,44,"S/G2 phase",2.70260762179734,2.50099346364923
255751693,"YJR092W","BUD4","","dma2673","Vph1_R1_Plate07",14,17,1315,56,"S/G2 phase",0.692102670297975,0.971614591851559
255751819,"YJR092W","BUD4","","dma2673","Vph1_R1_Plate07",14,17,1315,187,"T phase",2.65125877234844,2.56792542677846
255751823,"YJR092W","BUD4","","dma2673","Vph1_R1_Plate07",14,17,1315,191,"S/G2 phase",0.865898776125032,0.791260976917135
255751833,"YJR092W","BUD4","","dma2673","Vph1_R1_Plate07",14,17,1315,201,"S/G2 phase",1.77437842022101,1.53600270951884
255751924,"YJR092W","BUD4","","dma2673","Vph1_R1_Plate07",14,17,1315,293,"S/G2 phase",2.18911912730831,1.55595041281597
255751973,"YJR092W","BUD4","","dma2673","Vph1_R1_Plate07",14,17,1315,342,"S/G2 phase",1.42283629707083,1.10679737452636
255751993,"YJR092W","BUD4","","dma2673","Vph1_R1_Plate07",14,17,1315,363,"S/G2 phase",1.40703665108655,1.71792246644766
255751999,"YJR092W","BUD4","","dma2673","Vph1_R1_Plate07",14,17,1315,369,"S/G2 phase",1.71907965927604,1.81452869894453
255752000,"YJR092W","BUD4","","dma2673","Vph1_R1_Plate07",14,17,1315,370,"S/G2 phase",1.2845893947084,1.47195574480035
255752014,"YJR092W","BUD4","","dma2673","Vph1_R1_Plate07",14,17,1315,384,"S/G2 phase",1.48998479250401,1.73498517133406
255752026,"YJR092W","BUD4","","dma2673","Vph1_R1_Plate07",14,17,1315,398,"S/G2 phase",1.30433895218875,1.20340360702322
255752046,"YJR092W","BUD4","","dma2673","Vph1_R1_Plate07",14,17,1315,418,"G1 phase",0.542006033447335,0.469954582486428
255752050,"YJR092W","BUD4","","dma2673","Vph1_R1_Plate07",14,17,1315,422,"T phase",2.67100832982879,2.62463625268105
255752238,"YJR092W","BUD4","","dma2673","Vph1_R1_Plate07",14,17,1316,80,"S/G2 phase",2.2681173572297,2.52514502177345
255752261,"YJR092W","BUD4","","dma2673","Vph1_R1_Plate07",14,17,1316,105,"S/G2 phase",2.70260762179734,2.0591765641755
255752266,"YJR092W","BUD4","","dma2673","Vph1_R1_Plate07",14,17,1316,110,"S/G2 phase",0.534106210455196,0.548179253680564
255752286,"YJR092W","BUD4","","dma2673","Vph1_R1_Plate07",14,17,1316,130,"MA phase",1.07524408541672,0.927762616008272
255752407,"YJR092W","BUD4","","dma2673","Vph1_R1_Plate07",14,17,1316,255,"S/G2 phase",1.37148744762193,1.72501131968549
255752408,"YJR092W","BUD4","","dma2673","Vph1_R1_Plate07",14,17,1316,256,"S/G2 phase",1.28853930620447,1.06846810992649
255752424,"YJR092W","BUD4","","dma2673","Vph1_R1_Plate07",14,17,1316,272,"T phase",3.15684744384533,2.62620239467546
255752455,"YJR092W","BUD4","","dma2673","Vph1_R1_Plate07",14,17,1316,305,"S/G2 phase",-0.291425292223326,0.298008677206168
255752630,"YJR092W","BUD4","","dma2673","Vph1_R1_Plate07",14,17,1316,486,"S/G2 phase",1.2845893947084,1.43230762378415
255759036,"YJR090C","GRR1","","dma2675","Vph1_R1_Plate07",14,21,1329,17,"S/G2 phase",-0.0465307794670181,0.293804822379086
255759071,"YJR090C","GRR1","","dma2675","Vph1_R1_Plate07",14,21,1330,27,"T phase",2.57226054242705,2.91181723733897
255759136,"YJR090C","GRR1","","dma2675","Vph1_R1_Plate07",14,21,1332,1,"S/G2 phase",0.411658954077042,0.879459499759839
255759156,"YJR090C","GRR1","","dma2675","Vph1_R1_Plate07",14,21,1332,23,"S/G2 phase",-0.449421752066105,-0.00178387193300119
256029494,"YKL130C","SHE2","","dma2850","Vph1_R1_Plate08",11,11,1001,474,"S/G2 phase",-0.685573440095485,-0.291716199524138
256029504,"YKL130C","SHE2","","dma2850","Vph1_R1_Plate08",11,11,1001,484,"S/G2 phase",0.011452052724696,0.319444685887229
256029583,"YKL130C","SHE2","","dma2850","Vph1_R1_Plate08",11,11,1001,574,"MA-single",-1.22008003562599,-1.36637546505075
256030137,"YKL130C","SHE2","","dma2850","Vph1_R1_Plate08",11,11,1002,17,"S/G2 phase",1.66914480507943,2.15418471310841
256030603,"YKL130C","SHE2","","dma2850","Vph1_R1_Plate08",11,11,1002,511,"G1 phase",-1.38259893291567,-1.34460722983679
256030650,"YKL130C","SHE2","","dma2850","Vph1_R1_Plate08",11,11,1002,562,"S/G2 phase",0.661527641883414,0.767933199844112
256030679,"YKL130C","SHE2","","dma2850","Vph1_R1_Plate08",11,11,1002,591,"G1 phase",-0.0607785682929393,0.0348859143719198
256031049,"YKL130C","SHE2","","dma2850","Vph1_R1_Plate08",11,11,1002,994,"MA-single",0.188417074217902,0.258383607326778
256031084,"YKL130C","SHE2","","dma2850","Vph1_R1_Plate08",11,11,1002,1035,"G1 phase",-1.43677189867889,-1.56810492279165
256031542,"YKL130C","SHE2","","dma2850","Vph1_R1_Plate08",11,11,1003,126,"S/G2 phase",1.16714198900686,1.36683471813137
256032712,"YKL130C","SHE2","","dma2850","Vph1_R1_Plate08",11,11,1004,466,"MA phase",0.867384911783674,0.679838645061272
256055230,"YKR088C","TVP38","","dma3006","Vph1_R1_Plate08",6,11,521,32,"S/G2 phase",1.51384896989151,1.42239479862331
256055253,"YKR088C","TVP38","","dma3006","Vph1_R1_Plate08",6,11,521,55,"MA-single",-0.783084778469292,-0.722680105348484
256055292,"YKR088C","TVP38","","dma3006","Vph1_R1_Plate08",6,11,521,95,"MA phase",0.744592856053694,0.75842433175426
256055293,"YKR088C","TVP38","","dma3006","Vph1_R1_Plate08",6,11,521,96,"S/G2 phase",3.29433377797622,3.16503240104031
256055535,"YKR088C","TVP38","","dma3006","Vph1_R1_Plate08",6,11,522,79,"S/G2 phase",1.81721757816558,2.03481305502177
256055629,"YKR088C","TVP38","","dma3006","Vph1_R1_Plate08",6,11,522,174,"S/G2 phase",1.44522987992476,1.59583340915474
256055638,"YKR088C","TVP38","","dma3006","Vph1_R1_Plate08",6,11,522,183,"S/G2 phase",1.376610789958,1.70019520108302
256055689,"YKR088C","TVP38","","dma3006","Vph1_R1_Plate08",6,11,522,234,"T phase",2.59730828515604,2.64471656944604
256055774,"YKR088C","TVP38","","dma3006","Vph1_R1_Plate08",6,11,523,38,"MA-single",-1.17313013196452,-1.22672869979731
256055797,"YKR088C","TVP38","","dma3006","Vph1_R1_Plate08",6,11,523,61,"S/G2 phase",2.59369675410516,3.01186889767568
256055826,"YKR088C","TVP38","","dma3006","Vph1_R1_Plate08",6,11,523,90,"S/G2 phase",-0.530277604907569,-0.684644632989077
256055904,"YKR088C","TVP38","","dma3006","Vph1_R1_Plate08",6,11,523,168,"MA-single",0.0945172668949766,0.0957112358722925
256056003,"YKR088C","TVP38","","dma3006","Vph1_R1_Plate08",6,11,524,8,"S/G2 phase",3.29072224692534,3.1079791925012
256056050,"YKR088C","TVP38","","dma3006","Vph1_R1_Plate08",6,11,524,55,"MA phase",2.10614006223612,2.22451890269864
256056056,"YKR088C","TVP38","","dma3006","Vph1_R1_Plate08",6,11,524,61,"S/G2 phase",2.52868919518929,2.01453794785498
256056109,"YKR088C","TVP38","","dma3006","Vph1_R1_Plate08",6,11,524,114,"S/G2 phase",1.85694441972528,2.28958785128043
256056114,"YKR088C","TVP38","","dma3006","Vph1_R1_Plate08",6,11,524,119,"S/G2 phase",2.20003986955905,1.69744470204877
256056115,"YKR088C","TVP38","","dma3006","Vph1_R1_Plate08",6,11,524,120,"S/G2 phase",2.3083858010855,2.04432192311162
256056153,"YKR088C","TVP38","","dma3006","Vph1_R1_Plate08",6,11,524,160,"T phase",4.11776285757726,3.70837383883563
256056178,"YKR088C","TVP38","","dma3006","Vph1_R1_Plate08",6,11,524,187,"S/G2 phase",1.38744538311065,1.31528250766077
256056187,"YKR088C","TVP38","","dma3006","Vph1_R1_Plate08",6,11,524,196,"T phase",2.6045313472578,2.31135608649439
256056207,"YKR088C","TVP38","","dma3006","Vph1_R1_Plate08",6,11,524,217,"S/G2 phase",0.368993626761991,0.584985721222835
256056213,"YKR088C","TVP38","","dma3006","Vph1_R1_Plate08",6,11,524,224,"S/G2 phase",2.57202756779987,2.15143421407416
256056257,"YKR088C","TVP38","","dma3006","Vph1_R1_Plate08",6,11,524,268,"T phase",2.8826192381757,2.85469752428971
256057685,"YKR087C","OMA1","","dma3007","Vph1_R1_Plate08",6,13,529,141,"S/G2 phase",2.31922039423814,2.20275066748468
256057710,"YKR087C","OMA1","","dma3007","Vph1_R1_Plate08",6,13,529,168,"MA phase",3.81439424930319,3.75167455220346
256057729,"YKR087C","OMA1","","dma3007","Vph1_R1_Plate08",6,13,529,187,"S/G2 phase",0.852938787580147,1.36007634907577
256057897,"YKR087C","OMA1","","dma3007","Vph1_R1_Plate08",6,13,529,359,"S/G2 phase",0.311209129947883,0.215082893958941
256057950,"YKR087C","OMA1","","dma3007","Vph1_R1_Plate08",6,13,530,4,"S/G2 phase",-0.0932823477508752,0.122980469154759
256058043,"YKR087C","OMA1","","dma3007","Vph1_R1_Plate08",6,13,530,99,"S/G2 phase",1.71248317769001,1.66215972872362
256058059,"YKR087C","OMA1","","dma3007","Vph1_R1_Plate08",6,13,530,115,"S/G2 phase",1.32604935524566,0.945379680396878
256058077,"YKR087C","OMA1","","dma3007","Vph1_R1_Plate08",6,13,530,133,"S/G2 phase",0.213697791574075,0.316694186852974
256058114,"YKR087C","OMA1","","dma3007","Vph1_R1_Plate08",6,13,530,170,"S/G2 phase",2.57563909885075,2.74082686427157
256058123,"YKR087C","OMA1","","dma3007","Vph1_R1_Plate08",6,13,530,179,"S/G2 phase",1.08768830588746,1.41838692860197
256058125,"YKR087C","OMA1","","dma3007","Vph1_R1_Plate08",6,13,530,181,"S/G2 phase",1.1599189269051,0.839760517481504
256058151,"YKR087C","OMA1","","dma3007","Vph1_R1_Plate08",6,13,530,207,"S/G2 phase",1.67997939823207,1.23268895094644
256058159,"YKR087C","OMA1","","dma3007","Vph1_R1_Plate08",6,13,530,215,"S/G2 phase",3.4568526752659,3.00110265859874
256058198,"YKR087C","OMA1","","dma3007","Vph1_R1_Plate08",6,13,530,255,"S/G2 phase",2.45645857417165,1.80856486303265
256058215,"YKR087C","OMA1","","dma3007","Vph1_R1_Plate08",6,13,530,272,"S/G2 phase",3.30516837112887,2.73131799618171
256058219,"YKR087C","OMA1","","dma3007","Vph1_R1_Plate08",6,13,530,277,"G1 phase",1.06963065063305,0.774691568899708
256058229,"YKR087C","OMA1","","dma3007","Vph1_R1_Plate08",6,13,530,287,"S/G2 phase",0.762650511308103,1.48070537814951
256058240,"YKR087C","OMA1","","dma3007","Vph1_R1_Plate08",6,13,530,299,"T phase",1.20686883056656,1.33705074287473
256058282,"YKR087C","OMA1","","dma3007","Vph1_R1_Plate08",6,13,530,341,"S/G2 phase",3.05236119756714,3.03489450387673
256058325,"YKR087C","OMA1","","dma3007","Vph1_R1_Plate08",6,13,531,38,"T phase",3.81800578035408,3.27340206298994
256058336,"YKR087C","OMA1","","dma3007","Vph1_R1_Plate08",6,13,531,49,"T phase",3.43518348896061,2.54986364560761
256058365,"YKR087C","OMA1","","dma3007","Vph1_R1_Plate08",6,13,531,78,"S/G2 phase",1.29354557578772,1.46168764196981
256058378,"YKR087C","OMA1","","dma3007","Vph1_R1_Plate08",6,13,531,91,"S/G2 phase",0.383439750965518,0.511665275538277
256058385,"YKR087C","OMA1","","dma3007","Vph1_R1_Plate08",6,13,531,98,"S/G2 phase",0.343712909405818,0.300426949707526
256058433,"YKR087C","OMA1","","dma3007","Vph1_R1_Plate08",6,13,531,146,"T phase",2.63703512671574,2.01728844688923
256058461,"YKR087C","OMA1","","dma3007","Vph1_R1_Plate08",6,13,531,178,"T phase",3.96607855344023,2.71505075903627
256058506,"YKR087C","OMA1","","dma3007","Vph1_R1_Plate08",6,13,531,223,"T phase",1.376610789958,1.74899691251937
256058519,"YKR087C","OMA1","","dma3007","Vph1_R1_Plate08",6,13,531,237,"T phase",1.02629227802247,1.48471324817085
256058529,"YKR087C","OMA1","","dma3007","Vph1_R1_Plate08",6,13,531,247,"T phase",1.75582155030059,2.11889973978326
256058536,"YKR087C","OMA1","","dma3007","Vph1_R1_Plate08",6,13,531,254,"G1 phase",-0.584450570670795,-0.644094418655496
256058589,"YKR087C","OMA1","","dma3007","Vph1_R1_Plate08",6,13,531,309,"S/G2 phase",0.480951089339326,0.376262137366259
256058598,"YKR087C","OMA1","","dma3007","Vph1_R1_Plate08",6,13,531,318,"T phase",5.37457566328412,3.8723035812772
256058599,"YKR087C","OMA1","","dma3007","Vph1_R1_Plate08",6,13,531,319,"MA-single",-0.179959092972038,-0.179338667553166
256058674,"YKR087C","OMA1","","dma3007","Vph1_R1_Plate08",6,13,531,394,"T phase",2.59730828515604,2.59041385994119
256058743,"YKR087C","OMA1","","dma3007","Vph1_R1_Plate08",6,13,532,46,"S/G2 phase",0.683196828188704,1.10930942283845
256058847,"YKR087C","OMA1","","dma3007","Vph1_R1_Plate08",6,13,532,154,"T phase",2.60814287830869,2.2720632431479
256058901,"YKR087C","OMA1","","dma3007","Vph1_R1_Plate08",6,13,532,210,"T phase",1.86777901287792,1.76652152065191
256058905,"YKR087C","OMA1","","dma3007","Vph1_R1_Plate08",6,13,532,214,"S/G2 phase",2.70204268563161,3.05941323812493
256058933,"YKR087C","OMA1","","dma3007","Vph1_R1_Plate08",6,13,532,242,"S/G2 phase",0.130632577403794,0.286910211596332
256058939,"YKR087C","OMA1","","dma3007","Vph1_R1_Plate08",6,13,532,248,"S/G2 phase",-0.418320142330234,-0.350026779050335
256059019,"YKR087C","OMA1","","dma3007","Vph1_R1_Plate08",6,13,532,329,"S/G2 phase",3.52908329628354,3.25964956781867
256059069,"YKR087C","OMA1","","dma3007","Vph1_R1_Plate08",6,13,532,379,"G1 phase",0.419555061474335,0.235358001125732
256061695,"YKR082W","NUP133","","dma3009","Vph1_R1_Plate08",6,17,545,236,"G1 phase",-1.48733333339124,-1.63867486944195
256061730,"YKR082W","NUP133","","dma3009","Vph1_R1_Plate08",6,17,545,274,"T phase",0.990176967513654,1.29225690145973
256061851,"YKR082W","NUP133","","dma3009","Vph1_R1_Plate08",6,17,545,411,"S/G2 phase",0.278705350489947,0.320702056874317
256061936,"YKR082W","NUP133","","dma3009","Vph1_R1_Plate08",6,17,546,29,"S/G2 phase",2.01224025491319,1.80856486303265
256061950,"YKR082W","NUP133","","dma3009","Vph1_R1_Plate08",6,17,546,43,"T phase",0.181194012116139,0.368246397323576
256062146,"YKR082W","NUP133","","dma3009","Vph1_R1_Plate08",6,17,546,255,"S/G2 phase",0.0656250184879225,0.454847824059247
256062249,"YKR082W","NUP133","","dma3009","Vph1_R1_Plate08",6,17,546,371,"T phase",0.708477545544877,1.04573360230382
256062393,"YKR082W","NUP133","","dma3009","Vph1_R1_Plate08",6,17,547,109,"S/G2 phase",0.686808359239586,1.33430024384047
256062542,"YKR082W","NUP133","","dma3009","Vph1_R1_Plate08",6,17,547,278,"T phase",1.50301437673886,1.70019520108302
256062601,"YKR082W","NUP133","","dma3009","Vph1_R1_Plate08",6,17,547,343,"S/G2 phase",2.33005498739079,2.05933178926998
256062756,"YKR082W","NUP133","","dma3009","Vph1_R1_Plate08",6,17,547,510,"S/G2 phase",0.585685489814897,0.338462422066933
256062768,"YKR082W","NUP133","","dma3009","Vph1_R1_Plate08",6,17,547,522,"MA-single",-1.1984108493207,-1.42445028751687
256062786,"YKR082W","NUP133","","dma3009","Vph1_R1_Plate08",6,17,547,540,"S/G2 phase",-0.81920008897811,-0.732188973438336
256062815,"YKR082W","NUP133","","dma3009","Vph1_R1_Plate08",6,17,548,29,"S/G2 phase",1.08407677483658,1.25170668712615
256062820,"YKR082W","NUP133","","dma3009","Vph1_R1_Plate08",6,17,548,34,"S/G2 phase",-0.313585741854663,-0.157570432339207
256062832,"YKR082W","NUP133","","dma3009","Vph1_R1_Plate08",6,17,548,47,"S/G2 phase",0.072848080589686,0.296419079686184
256062841,"YKR082W","NUP133","","dma3009","Vph1_R1_Plate08",6,17,548,56,"S/G2 phase",0.93961553280131,1.15284589326637
256062924,"YKR082W","NUP133","","dma3009","Vph1_R1_Plate08",6,17,548,141,"T phase",1.22853801687185,1.03622473421397
256062948,"YKR082W","NUP133","","dma3009","Vph1_R1_Plate08",6,17,548,170,"S/G2 phase",1.27187638948243,1.39386819435376
256062977,"YKR082W","NUP133","","dma3009","Vph1_R1_Plate08",6,17,548,201,"S/G2 phase",0.166747887912612,0.418305479747008
256063021,"YKR082W","NUP133","","dma3009","Vph1_R1_Plate08",6,17,548,249,"T phase",0.925169408597782,0.967147915610837
256063149,"YKR082W","NUP133","","dma3009","Vph1_R1_Plate08",6,17,548,389,"S/G2 phase",2.36617029789961,2.75009997530134
256063163,"YKR082W","NUP133","","dma3009","Vph1_R1_Plate08",6,17,548,406,"S/G2 phase",1.34410701050007,1.81933110210959
256105999,"YKR070W","","","dma2993","Vph1_R1_Plate08",4,9,321,227,"S/G2 phase",-0.281081962396727,-0.10476085088152
256106059,"YKR070W","","","dma2993","Vph1_R1_Plate08",4,9,321,291,"S/G2 phase",2.29393967688197,2.06333965929132
256106098,"YKR070W","","","dma2993","Vph1_R1_Plate08",4,9,321,333,"S/G2 phase",1.72331777084265,2.39394964320872
256106109,"YKR070W","","","dma2993","Vph1_R1_Plate08",4,9,321,345,"S/G2 phase",1.48856825253534,1.73948804442952
256106137,"YKR070W","","","dma2993","Vph1_R1_Plate08",4,9,322,25,"T phase",2.94040373498981,2.45226022273491
256106149,"YKR070W","","","dma2993","Vph1_R1_Plate08",4,9,322,37,"S/G2 phase",0.733758262901049,0.754416461732918
256106195,"YKR070W","","","dma2993","Vph1_R1_Plate08",4,9,322,84,"S/G2 phase",1.09491136798923,1.15410326425345
256106197,"YKR070W","","","dma2993","Vph1_R1_Plate08",4,9,322,86,"S/G2 phase",4.1899934785949,4.06876779800967
256106217,"YKR070W","","","dma2993","Vph1_R1_Plate08",4,9,322,106,"MA phase",1.19242270636303,1.24094044804921
256106246,"YKR070W","","","dma2993","Vph1_R1_Plate08",4,9,322,135,"S/G2 phase",1.36938772785624,1.92243552305079
256106305,"YKR070W","","","dma2993","Vph1_R1_Plate08",4,9,322,195,"S/G2 phase",2.90067689343011,2.18671918739931
256106346,"YKR070W","","","dma2993","Vph1_R1_Plate08",4,9,322,237,"S/G2 phase",3.60131391730117,3.23811708966479
256106361,"YKR070W","","","dma2993","Vph1_R1_Plate08",4,9,322,253,"S/G2 phase",0.824046539173093,0.915595705140236
256106475,"YKR070W","","","dma2993","Vph1_R1_Plate08",4,9,323,3,"S/G2 phase",-0.125786127208811,0.0376364134061752
256106520,"YKR070W","","","dma2993","Vph1_R1_Plate08",4,9,323,49,"MA phase",1.26826485843155,1.45217877387996
256106569,"YKR070W","","","dma2993","Vph1_R1_Plate08",4,9,323,99,"S/G2 phase",1.44522987992476,1.8696259415931
256106706,"YKR070W","","","dma2993","Vph1_R1_Plate08",4,9,323,237,"S/G2 phase",1.14547280270157,1.51724772246175
256106732,"YKR070W","","","dma2993","Vph1_R1_Plate08",4,9,323,264,"MA phase",2.26504742847492,2.04031405309028
256106923,"YKR070W","","","dma2993","Vph1_R1_Plate08",4,9,324,101,"T phase",1.66553327402854,1.69343683202743
256106969,"YKR070W","","","dma2993","Vph1_R1_Plate08",4,9,324,149,"G1 phase",0.517066399848143,0.17979792063379
256109996,"YKR069W","MET1","","dma2994","Vph1_R1_Plate08",4,11,329,14,"S/G2 phase",0.719312138697522,1.25571455714749
256110056,"YKR069W","MET1","","dma2994","Vph1_R1_Plate08",4,11,329,75,"S/G2 phase",1.90389432338674,1.62286688537713
256110194,"YKR069W","MET1","","dma2994","Vph1_R1_Plate08",4,11,329,214,"T phase",2.20726293166081,2.79363644572926
256110238,"YKR069W","MET1","","dma2994","Vph1_R1_Plate08",4,11,329,259,"S/G2 phase",2.52868919518929,2.790885946695
256110244,"YKR069W","MET1","","dma2994","Vph1_R1_Plate08",4,11,329,265,"S/G2 phase",1.73054083294442,1.86813281354594
256110293,"YKR069W","MET1","","dma2994","Vph1_R1_Plate08",4,11,329,314,"S/G2 phase",1.07324218168393,1.1961466066342
256110309,"YKR069W","MET1","","dma2994","Vph1_R1_Plate08",4,11,329,330,"S/G2 phase",-0.198016748226446,-0.140045824206672
256110356,"YKR069W","MET1","","dma2994","Vph1_R1_Plate08",4,11,330,31,"S/G2 phase",1.46328753517917,1.06875920850487
256110389,"YKR069W","MET1","","dma2994","Vph1_R1_Plate08",4,11,330,65,"S/G2 phase",1.8533328886744,1.47119651005966
256110398,"YKR069W","MET1","","dma2994","Vph1_R1_Plate08",4,11,330,74,"MA-single",-0.718077219553421,-0.733446344425423
256110521,"YKR069W","MET1","","dma2994","Vph1_R1_Plate08",4,11,330,200,"MA phase",2.90067689343011,2.41697524940976
256110530,"YKR069W","MET1","","dma2994","Vph1_R1_Plate08",4,11,330,209,"S/G2 phase",0.990176967513654,1.31001726665234
256110538,"YKR069W","MET1","","dma2994","Vph1_R1_Plate08",4,11,330,217,"S/G2 phase",2.51424307098576,2.37367453604193
256110545,"YKR069W","MET1","","dma2994","Vph1_R1_Plate08",4,11,330,224,"T phase",3.0017997628548,2.5498636456076
256110553,"YKR069W","MET1","","dma2994","Vph1_R1_Plate08",4,11,330,232,"S/G2 phase",1.6546986808759,1.22042958382234
256110601,"YKR069W","MET1","","dma2994","Vph1_R1_Plate08",4,11,330,281,"T phase",3.76383281459085,3.06467847913336
256110636,"YKR069W","MET1","","dma2994","Vph1_R1_Plate08",4,11,330,317,"T phase",2.99457670075303,3.01312626866277
256110687,"YKR069W","MET1","","dma2994","Vph1_R1_Plate08",4,11,331,47,"MA phase",3.66632147621704,3.68660560362167
256110728,"YKR069W","MET1","","dma2994","Vph1_R1_Plate08",4,11,331,88,"S/G2 phase",3.44601808211325,3.08094571627882
256110768,"YKR069W","MET1","","dma2994","Vph1_R1_Plate08",4,11,331,128,"G1 phase",-0.0138286646314764,0.0511531515173701
256110772,"YKR069W","MET1","","dma2994","Vph1_R1_Plate08",4,11,331,132,"T phase",2.72732340298778,2.73131799618172
256110787,"YKR069W","MET1","","dma2994","Vph1_R1_Plate08",4,11,331,147,"MA phase",2.9620729212951,3.35874611873852
256110794,"YKR069W","MET1","","dma2994","Vph1_R1_Plate08",4,11,331,154,"S/G2 phase",1.33327241734742,1.73948804442952
256110917,"YKR069W","MET1","","dma2994","Vph1_R1_Plate08",4,11,331,280,"T phase",2.91512301763363,2.37367453604193
256110931,"YKR069W","MET1","","dma2994","Vph1_R1_Plate08",4,11,331,294,"S/G2 phase",1.47051059728093,1.54027332866279
256110935,"YKR069W","MET1","","dma2994","Vph1_R1_Plate08",4,11,331,298,"T phase",2.35533570474696,2.43473561460238
256110952,"YKR069W","MET1","","dma2994","Vph1_R1_Plate08",4,11,332,7,"S/G2 phase",4.47169290056367,3.28966930013539
256111012,"YKR069W","MET1","","dma2994","Vph1_R1_Plate08",4,11,332,69,"S/G2 phase",1.28632251368596,1.29500740049398
256111030,"YKR069W","MET1","","dma2994","Vph1_R1_Plate08",4,11,332,87,"S/G2 phase",1.46689906623005,1.36007634907577
256111048,"YKR069W","MET1","","dma2994","Vph1_R1_Plate08",4,11,332,105,"S/G2 phase",1.32604935524566,1.67316172486064
256111121,"YKR069W","MET1","","dma2994","Vph1_R1_Plate08",4,11,332,179,"MA phase",3.911905587677,3.35874611873852
256111155,"YKR069W","MET1","","dma2994","Vph1_R1_Plate08",4,11,332,214,"T phase",4.79673069514303,3.70562333980137
256111159,"YKR069W","MET1","","dma2994","Vph1_R1_Plate08",4,11,332,218,"S/G2 phase",2.63342359566486,3.16904027106165
256113920,"YKR067W","GPT2","","dma2995","Vph1_R1_Plate08",4,13,337,21,"S/G2 phase",-0.263024307142318,0.297676450673272
256113977,"YKR067W","GPT2","","dma2995","Vph1_R1_Plate08",4,13,337,78,"S/G2 phase",0.271482288388183,0.445338955969396
256114081,"YKR067W","GPT2","","dma2995","Vph1_R1_Plate08",4,13,337,182,"S/G2 phase",1.25381873422802,0.994181391833226
256114090,"YKR067W","GPT2","","dma2995","Vph1_R1_Plate08",4,13,337,191,"MA-single",-0.548335260161978,-0.416353098619217
256114114,"YKR067W","GPT2","","dma2995","Vph1_R1_Plate08",4,13,337,215,"S/G2 phase",0.907111753343374,1.13783602710801
256114197,"YKR067W","GPT2","","dma2995","Vph1_R1_Plate08",4,13,337,302,"T phase",1.58969112196003,2.37768240606327
256114270,"YKR067W","GPT2","","dma2995","Vph1_R1_Plate08",4,13,338,58,"S/G2 phase",1.59330265301091,1.8315904692337
256114277,"YKR067W","GPT2","","dma2995","Vph1_R1_Plate08",4,13,338,65,"S/G2 phase",1.26465332738067,1.52274872053026
256114315,"YKR067W","GPT2","","dma2995","Vph1_R1_Plate08",4,13,338,103,"S/G2 phase",-0.537500667009332,-0.564015603915341
256114476,"YKR067W","GPT2","","dma2995","Vph1_R1_Plate08",4,13,339,13,"S/G2 phase",1.67275633613031,2.01453794785498
256114483,"YKR067W","GPT2","","dma2995","Vph1_R1_Plate08",4,13,339,20,"T phase",2.82483474136159,2.82491354903306
256114513,"YKR067W","GPT2","","dma2995","Vph1_R1_Plate08",4,13,339,50,"MA phase",-0.425543204431998,0.170289052543938
256114555,"YKR067W","GPT2","","dma2995","Vph1_R1_Plate08",4,13,339,94,"S/G2 phase",0.907111753343374,0.823493280336055
256114591,"YKR067W","GPT2","","dma2995","Vph1_R1_Plate08",4,13,339,130,"S/G2 phase",0.249813102082893,0.248874739236926
256114605,"YKR067W","GPT2","","dma2995","Vph1_R1_Plate08",4,13,339,145,"S/G2 phase",4.04192070550874,3.95214663895728
256114625,"YKR067W","GPT2","","dma2995","Vph1_R1_Plate08",4,13,339,165,"S/G2 phase",1.44522987992476,1.10129368279577
256114636,"YKR067W","GPT2","","dma2995","Vph1_R1_Plate08",4,13,339,176,"T phase",1.76304461240235,1.10530155281711
256114671,"YKR067W","GPT2","","dma2995","Vph1_R1_Plate08",4,13,339,211,"S/G2 phase",1.98334800650614,1.63512625250123
256114682,"YKR067W","GPT2","","dma2995","Vph1_R1_Plate08",4,13,339,222,"S/G2 phase",3.00541129390568,2.67025691762126
256114766,"YKR067W","GPT2","","dma2995","Vph1_R1_Plate08",4,13,340,50,"S/G2 phase",1.10935749219275,0.752923333685751
256114777,"YKR067W","GPT2","","dma2995","Vph1_R1_Plate08",4,13,340,61,"S/G2 phase",-0.223297465582619,-0.023424665154277
256114863,"YKR067W","GPT2","","dma2995","Vph1_R1_Plate08",4,13,340,147,"S/G2 phase",1.25381873422802,1.14333702517652
256114887,"YKR067W","GPT2","","dma2995","Vph1_R1_Plate08",4,13,340,171,"G1 phase",-0.382204831821416,-0.596550078206238
256117655,"YKR066C","CCP1","","dma2996","Vph1_R1_Plate08",4,15,345,79,"T phase",3.93718630503317,3.22860822157494
256117690,"YKR066C","CCP1","","dma2996","Vph1_R1_Plate08",4,15,345,115,"S/G2 phase",0.275093819439065,0.286910211596332
256117756,"YKR066C","CCP1","","dma2996","Vph1_R1_Plate08",4,15,345,184,"S/G2 phase",1.52468356304416,1.33705074287473
256117805,"YKR066C","CCP1","","dma2996","Vph1_R1_Plate08",4,15,345,235,"S/G2 phase",0.119797984251149,0.400780871614473
256117908,"YKR066C","CCP1","","dma2996","Vph1_R1_Plate08",4,15,345,338,"MA-single",-0.147455313514102,-0.341775281947571
256117910,"YKR066C","CCP1","","dma2996","Vph1_R1_Plate08",4,15,345,340,"S/G2 phase",1.17436505110862,0.811233913211948
256117912,"YKR066C","CCP1","","dma2996","Vph1_R1_Plate08",4,15,345,342,"S/G2 phase",-0.125786127208811,0.00235144008102269
256117950,"YKR066C","CCP1","","dma2996","Vph1_R1_Plate08",4,15,346,1,"S/G2 phase",2.13142077959229,2.13241647789446
256117988,"YKR066C","CCP1","","dma2996","Vph1_R1_Plate08",4,15,346,39,"MA phase",0.863773380732793,0.693355383172466
256117996,"YKR066C","CCP1","","dma2996","Vph1_R1_Plate08",4,15,346,47,"S/G2 phase",2.76705024454748,2.44675922466641
256118013,"YKR066C","CCP1","","dma2996","Vph1_R1_Plate08",4,15,346,64,"S/G2 phase",2.1892052764064,1.91567715399519
256118015,"YKR066C","CCP1","","dma2996","Vph1_R1_Plate08",4,15,346,66,"S/G2 phase",2.38061642210313,2.33163119366118
256118040,"YKR066C","CCP1","","dma2996","Vph1_R1_Plate08",4,15,346,91,"S/G2 phase",0.28592841259171,1.430410538666
256118082,"YKR066C","CCP1","","dma2996","Vph1_R1_Plate08",4,15,346,134,"G1 phase",-0.241355120837028,-0.246922358109135
256118104,"YKR066C","CCP1","","dma2996","Vph1_R1_Plate08",4,15,346,160,"T phase",1.46328753517917,1.36408421909712
256118109,"YKR066C","CCP1","","dma2996","Vph1_R1_Plate08",4,15,346,165,"S/G2 phase",3.39545664740091,3.04440337196658
256118123,"YKR066C","CCP1","","dma2996","Vph1_R1_Plate08",4,15,346,180,"S/G2 phase",0.874607973885438,0.735398725553214
256118146,"YKR066C","CCP1","","dma2996","Vph1_R1_Plate08",4,15,346,203,"S/G2 phase",1.43078375572123,1.49972311432921
256118164,"YKR066C","CCP1","","dma2996","Vph1_R1_Plate08",4,15,346,221,"G1 phase",1.56802193565474,1.05249197135942
256118247,"YKR066C","CCP1","","dma2996","Vph1_R1_Plate08",4,15,346,306,"T phase",-0.151066844564983,0.411547110691411
256118248,"YKR066C","CCP1","","dma2996","Vph1_R1_Plate08",4,15,346,307,"S/G2 phase",2.06641322067642,2.59717222899679
256118388,"YKR066C","CCP1","","dma2996","Vph1_R1_Plate08",4,15,347,96,"S/G2 phase",1.10213443009099,1.53076446057294
256118401,"YKR066C","CCP1","","dma2996","Vph1_R1_Plate08",4,15,347,109,"S/G2 phase",0.607354676120187,0.418305479747008
256118456,"YKR066C","CCP1","","dma2996","Vph1_R1_Plate08",4,15,347,166,"S/G2 phase",1.21048036161744,1.2096633447454
256118674,"YKR066C","CCP1","","dma2996","Vph1_R1_Plate08",4,15,348,36,"S/G2 phase",-0.497773825449633,0.471115061204696
256118675,"YKR066C","CCP1","","dma2996","Vph1_R1_Plate08",4,15,348,37,"S/G2 phase",0.00422899062293247,-0.111519219937117
256118705,"YKR066C","CCP1","","dma2996","Vph1_R1_Plate08",4,15,348,68,"S/G2 phase",0.0800711426914495,0.129738838210358
256118720,"YKR066C","CCP1","","dma2996","Vph1_R1_Plate08",4,15,348,84,"S/G2 phase",2.65148125091927,2.74907836137433
256118818,"YKR066C","CCP1","","dma2996","Vph1_R1_Plate08",4,15,348,190,"S/G2 phase",0.137855639505558,0.052410522504456
256118972,"YKR066C","CCP1","","dma2996","Vph1_R1_Plate08",4,15,348,347,"S/G2 phase",1.74859848819882,1.70019520108303
256119031,"YKR066C","CCP1","","dma2996","Vph1_R1_Plate08",4,15,348,410,"S/G2 phase",0.246201571032011,0.261134106361033
256132837,"YKR061W","KTR2","","dma2999","Vph1_R1_Plate08",4,21,369,26,"S/G2 phase",0.538735586153434,0.983415152756285
256132838,"YKR061W","KTR2","","dma2999","Vph1_R1_Plate08",4,21,369,27,"MA phase",1.16353045795598,1.23268895094644
256132853,"YKR061W","KTR2","","dma2999","Vph1_R1_Plate08",4,21,369,42,"S/G2 phase",1.6944255224356,1.85461607543475
256132857,"YKR061W","KTR2","","dma2999","Vph1_R1_Plate08",4,21,369,46,"S/G2 phase",-0.100505409852639,-0.177845539505999
256132859,"YKR061W","KTR2","","dma2999","Vph1_R1_Plate08",4,21,369,48,"G1 phase",1.75221001924971,1.06600870947061
256132893,"YKR061W","KTR2","","dma2999","Vph1_R1_Plate08",4,21,369,82,"T phase",2.9620729212951,3.88031932131988
256132894,"YKR061W","KTR2","","dma2999","Vph1_R1_Plate08",4,21,369,83,"S/G2 phase",1.86777901287792,2.35190630082797
256132964,"YKR061W","KTR2","","dma2999","Vph1_R1_Plate08",4,21,369,154,"S/G2 phase",-0.566392915416386,-0.488180416256608
256132967,"YKR061W","KTR2","","dma2999","Vph1_R1_Plate08",4,21,369,157,"S/G2 phase",0.177582481065257,0.545692877876341
256133006,"YKR061W","KTR2","","dma2999","Vph1_R1_Plate08",4,21,369,197,"S/G2 phase",3.76744434564173,2.81265418190895
256133064,"YKR061W","KTR2","","dma2999","Vph1_R1_Plate08",4,21,369,258,"T phase",2.94040373498981,2.74758523332717
256133073,"YKR061W","KTR2","","dma2999","Vph1_R1_Plate08",4,21,369,267,"T phase",2.59008522305428,1.70294570011728
256133094,"YKR061W","KTR2","","dma2999","Vph1_R1_Plate08",4,21,369,288,"S/G2 phase",-0.226908996633501,-0.397335362439514
256133101,"YKR061W","KTR2","","dma2999","Vph1_R1_Plate08",4,21,369,296,"S/G2 phase",2.47090469837518,2.34389056078528
256133113,"YKR061W","KTR2","","dma2999","Vph1_R1_Plate08",4,21,369,309,"T phase",2.57925062990163,2.65949067854433
256133147,"YKR061W","KTR2","","dma2999","Vph1_R1_Plate08",4,21,369,343,"MA-single",-0.837257744232519,-0.707670239190122
256133214,"YKR061W","KTR2","","dma2999","Vph1_R1_Plate08",4,21,370,62,"T phase",0.93961553280131,1.42915316767891
256133311,"YKR061W","KTR2","","dma2999","Vph1_R1_Plate08",4,21,370,160,"T phase",1.31160323104213,1.25846505618174
256133323,"YKR061W","KTR2","","dma2999","Vph1_R1_Plate08",4,21,370,172,"S/G2 phase",1.28632251368596,1.07826807659472
256133330,"YKR061W","KTR2","","dma2999","Vph1_R1_Plate08",4,21,370,179,"S/G2 phase",2.43840091891724,2.30035409035737
256133399,"YKR061W","KTR2","","dma2999","Vph1_R1_Plate08",4,21,370,250,"S/G2 phase",1.54274121829856,2.44149398365797
256133466,"YKR061W","KTR2","","dma2999","Vph1_R1_Plate08",4,21,370,319,"S/G2 phase",1.03712687117512,0.833002148425906
256133467,"YKR061W","KTR2","","dma2999","Vph1_R1_Plate08",4,21,370,320,"T phase",3.65909841411528,3.02813613482113
256133547,"YKR061W","KTR2","","dma2999","Vph1_R1_Plate08",4,21,371,41,"S/G2 phase",7.34647161706556,5.17996940784851
256133613,"YKR061W","KTR2","","dma2999","Vph1_R1_Plate08",4,21,371,109,"T phase",1.38022232100888,1.50373098435056
256133614,"YKR061W","KTR2","","dma2999","Vph1_R1_Plate08",4,21,371,111,"S/G2 phase",2.08808240698171,2.5118281732482
256133688,"YKR061W","KTR2","","dma2999","Vph1_R1_Plate08",4,21,371,186,"MA phase",-0.00299407147883106,0.305927947776036
256133712,"YKR061W","KTR2","","dma2999","Vph1_R1_Plate08",4,21,371,210,"S/G2 phase",0.549570179306079,0.66082090888157
256133714,"YKR061W","KTR2","","dma2999","Vph1_R1_Plate08",4,21,371,212,"T phase",1.71609470874089,2.4792936989573
256133729,"YKR061W","KTR2","","dma2999","Vph1_R1_Plate08",4,21,371,228,"S/G2 phase",0.545958648255197,0.545692877876342
256133789,"YKR061W","KTR2","","dma2999","Vph1_R1_Plate08",4,21,371,291,"S/G2 phase",1.04434993327688,1.18938823757861
256133951,"YKR061W","KTR2","","dma2999","Vph1_R1_Plate08",4,21,372,77,"S/G2 phase",0.589297020865778,1.43316103770025
256133961,"YKR061W","KTR2","","dma2999","Vph1_R1_Plate08",4,21,372,87,"S/G2 phase",1.31882629314389,1.07551757756047
256134047,"YKR061W","KTR2","","dma2999","Vph1_R1_Plate08",4,21,372,175,"G1 phase",0.249813102082893,0.235358001125732
256134127,"YKR061W","KTR2","","dma2999","Vph1_R1_Plate08",4,21,372,257,"T phase",1.71609470874089,2.30459771743879
256134221,"YKR061W","KTR2","","dma2999","Vph1_R1_Plate08",4,21,372,352,"MA-single",-0.216074403480855,-0.000399058953231616
256134224,"YKR061W","KTR2","","dma2999","Vph1_R1_Plate08",4,21,372,355,"S/G2 phase",0.0909057358440948,0.166281182522596
256147980,"YLL020C","","","dma3043","Vph1_R1_Plate08",12,13,1105,21,"MA phase",0.831269601274857,0.786950936023815
256148168,"YLL020C","","","dma3043","Vph1_R1_Plate08",12,13,1105,212,"MA-single",-0.891430709995745,-0.900126585901251
256148255,"YLL020C","","","dma3043","Vph1_R1_Plate08",12,13,1105,299,"S/G2 phase",0.650693048730768,0.597245088346942
256148433,"YLL020C","","","dma3043","Vph1_R1_Plate08",12,13,1106,133,"S/G2 phase",3.44601808211325,2.35866466988357
256148511,"YLL020C","","","dma3043","Vph1_R1_Plate08",12,13,1106,212,"S/G2 phase",0.802377352867803,0.56196011502179
256148540,"YLL020C","","","dma3043","Vph1_R1_Plate08",12,13,1106,241,"S/G2 phase",0.213697791574075,0.669072405984333
256148541,"YLL020C","","","dma3043","Vph1_R1_Plate08",12,13,1106,242,"S/G2 phase",0.831269601274857,0.98066465372203
256148606,"YLL020C","","","dma3043","Vph1_R1_Plate08",12,13,1107,55,"S/G2 phase",0.517066399848143,0.620270694547988
256148643,"YLL020C","","","dma3043","Vph1_R1_Plate08",12,13,1107,92,"S/G2 phase",3.24377234326388,3.09171195535576
256148656,"YLL020C","","","dma3043","Vph1_R1_Plate08",12,13,1107,106,"MA phase",3.40629124055356,2.55387151562895
256148688,"YLL020C","","","dma3043","Vph1_R1_Plate08",12,13,1107,141,"S/G2 phase",1.94000963389556,2.15143421407416
256148699,"YLL020C","","","dma3043","Vph1_R1_Plate08",12,13,1107,152,"S/G2 phase",2.35894723579784,2.1622004531511
256148754,"YLL020C","","","dma3043","Vph1_R1_Plate08",12,13,1107,209,"S/G2 phase",0.759038980257221,0.40203824260156
256148771,"YLL020C","","","dma3043","Vph1_R1_Plate08",12,13,1107,226,"S/G2 phase",-0.335254928159953,-0.171087170450401
256148785,"YLL020C","","","dma3043","Vph1_R1_Plate08",12,13,1107,240,"S/G2 phase",2.05557862752377,1.98475397259833
256148795,"YLL020C","","","dma3043","Vph1_R1_Plate08",12,13,1107,250,"S/G2 phase",2.78149636875101,2.95230094716239
256148811,"YLL020C","","","dma3043","Vph1_R1_Plate08",12,13,1107,266,"S/G2 phase",1.48495672148446,1.2544571861604
256148818,"YLL020C","","","dma3043","Vph1_R1_Plate08",12,13,1107,273,"S/G2 phase",4.52947739737778,3.27740993301128
256148842,"YLL020C","","","dma3043","Vph1_R1_Plate08",12,13,1107,298,"T phase",4.4066853416478,3.1405136667921
256149094,"YLL020C","","","dma3043","Vph1_R1_Plate08",12,13,1108,255,"S/G2 phase",0.564016303509606,0.857285125614039
256158147,"YLL016W","SDC25","","dma3046","Vph1_R1_Plate08",12,19,1129,117,"S/G2 phase",1.13463820954892,0.89257009893919
256158159,"YLL016W","SDC25","","dma3046","Vph1_R1_Plate08",12,19,1129,129,"MA phase",0.567627834560488,0.526675141696638
256158234,"YLL016W","SDC25","","dma3046","Vph1_R1_Plate08",12,19,1129,205,"S/G2 phase",1.5355181561968,1.73673754539526
256158277,"YLL016W","SDC25","","dma3046","Vph1_R1_Plate08",12,19,1129,248,"S/G2 phase",1.08407677483658,1.55654056580825
256158393,"YLL016W","SDC25","","dma3046","Vph1_R1_Plate08",12,19,1129,367,"S/G2 phase",0.870996442834556,1.60534227724459
256158396,"YLL016W","SDC25","","dma3046","Vph1_R1_Plate08",12,19,1129,370,"S/G2 phase",0.455670371983153,0.495633795452909
256158411,"YLL016W","SDC25","","dma3046","Vph1_R1_Plate08",12,19,1129,386,"G1 phase",0.210086260523193,0.126988339176102
256158412,"YLL016W","SDC25","","dma3046","Vph1_R1_Plate08",12,19,1129,387,"S/G2 phase",1.66914480507943,1.67716959488198
256158467,"YLL016W","SDC25","","dma3046","Vph1_R1_Plate08",12,19,1130,14,"S/G2 phase",0.134244108454676,0.0158681781922169
256158498,"YLL016W","SDC25","","dma3046","Vph1_R1_Plate08",12,19,1130,45,"S/G2 phase",4.37057003113899,3.86004421415309
256158517,"YLL016W","SDC25","","dma3046","Vph1_R1_Plate08",12,19,1130,64,"S/G2 phase",1.07324218168393,1.55779793679533
256158519,"YLL016W","SDC25","","dma3046","Vph1_R1_Plate08",12,19,1130,66,"S/G2 phase",0.444835778830508,0.640545801714778
256158535,"YLL016W","SDC25","","dma3046","Vph1_R1_Plate08",12,19,1130,83,"S/G2 phase",1.12741514744716,1.35457535100726
256158547,"YLL016W","SDC25","","dma3046","Vph1_R1_Plate08",12,19,1130,95,"S/G2 phase",3.04513813546538,3.46585840970107
256158586,"YLL016W","SDC25","","dma3046","Vph1_R1_Plate08",12,19,1130,134,"S/G2 phase",2.29393967688197,2.10263250263781
256158604,"YLL016W","SDC25","","dma3046","Vph1_R1_Plate08",12,19,1130,152,"T phase",1.5355181561968,1.35206060903309
256158626,"YLL016W","SDC25","","dma3046","Vph1_R1_Plate08",12,19,1130,175,"T phase",0.506231806695498,0.888562228917849
256158646,"YLL016W","SDC25","","dma3046","Vph1_R1_Plate08",12,19,1130,195,"S/G2 phase",1.24659567212626,1.4819627491366
256158687,"YLL016W","SDC25","","dma3046","Vph1_R1_Plate08",12,19,1130,238,"S/G2 phase",0.0981287979458584,0.0944538648852049
256158730,"YLL016W","SDC25","","dma3046","Vph1_R1_Plate08",12,19,1130,281,"S/G2 phase",2.09169393803259,2.02404681594483
256158837,"YLL016W","SDC25","","dma3046","Vph1_R1_Plate08",12,19,1130,390,"S/G2 phase",0.412331999372572,0.702864251262317
256158854,"YLL016W","SDC25","","dma3046","Vph1_R1_Plate08",12,19,1130,407,"S/G2 phase",1.36577619680536,1.54978219675265
256158874,"YLL016W","SDC25","","dma3046","Vph1_R1_Plate08",12,19,1130,427,"S/G2 phase",0.300374536795237,0.483374428328802
256158911,"YLL016W","SDC25","","dma3046","Vph1_R1_Plate08",12,19,1131,30,"S/G2 phase",2.65870431302103,2.45626809275626
256158912,"YLL016W","SDC25","","dma3046","Vph1_R1_Plate08",12,19,1131,31,"T phase",2.11697465538876,1.89665941781549
256158996,"YLL016W","SDC25","","dma3046","Vph1_R1_Plate08",12,19,1131,118,"T phase",2.51424307098576,2.27607111316924
256158999,"YLL016W","SDC25","","dma3046","Vph1_R1_Plate08",12,19,1131,121,"S/G2 phase",1.67275633613031,1.65689448771519
256159108,"YLL016W","SDC25","","dma3046","Vph1_R1_Plate08",12,19,1131,231,"S/G2 phase",1.4957913146371,1.53076446057294
256159110,"YLL016W","SDC25","","dma3046","Vph1_R1_Plate08",12,19,1131,233,"S/G2 phase",2.83205780346335,2.99285116149598
256159184,"YLL016W","SDC25","","dma3046","Vph1_R1_Plate08",12,19,1131,310,"S/G2 phase",0.3473244404567,0.36549589828932
256159305,"YLL016W","SDC25","","dma3046","Vph1_R1_Plate08",12,19,1131,434,"T phase",0.856550318631029,0.716380989373512
256159314,"YLL016W","SDC25","","dma3046","Vph1_R1_Plate08",12,19,1132,8,"MA-single",-0.342477990261717,-0.291716199524138
256159324,"YLL016W","SDC25","","dma3046","Vph1_R1_Plate08",12,19,1132,18,"S/G2 phase",0.610966207171069,0.464356692149099
256159342,"YLL016W","SDC25","","dma3046","Vph1_R1_Plate08",12,19,1132,36,"S/G2 phase",2.52146613308752,1.82208160114385
256159367,"YLL016W","SDC25","","dma3046","Vph1_R1_Plate08",12,19,1132,61,"S/G2 phase",1.5752449977565,1.78278875779736
256159404,"YLL016W","SDC25","","dma3046","Vph1_R1_Plate08",12,19,1132,98,"T phase",2.70565421668249,2.41972574844402
256159425,"YLL016W","SDC25","","dma3046","Vph1_R1_Plate08",12,19,1132,120,"S/G2 phase",0.354547502558464,0.258383607326778
256159441,"YLL016W","SDC25","","dma3046","Vph1_R1_Plate08",12,19,1132,136,"S/G2 phase",3.88301333926995,3.50640862403465
256159458,"YLL016W","SDC25","","dma3046","Vph1_R1_Plate08",12,19,1132,155,"G1 phase",0.249813102082893,0.126988339176102
256159467,"YLL016W","SDC25","","dma3046","Vph1_R1_Plate08",12,19,1132,164,"S/G2 phase",0.188417074217902,0.381763135434769
256159476,"YLL016W","SDC25","","dma3046","Vph1_R1_Plate08",12,19,1132,173,"G1 phase",0.473728027237562,0.404788741635814
256159485,"YLL016W","SDC25","","dma3046","Vph1_R1_Plate08",12,19,1132,182,"S/G2 phase",1.52829509409504,1.18789510953144
256159529,"YLL016W","SDC25","","dma3046","Vph1_R1_Plate08",12,19,1132,226,"S/G2 phase",2.59008522305428,1.8506082054134
256159569,"YLL016W","SDC25","","dma3046","Vph1_R1_Plate08",12,19,1132,266,"S/G2 phase",1.1599189269051,1.46168764196981
256159592,"YLL016W","SDC25","","dma3046","Vph1_R1_Plate08",12,19,1132,290,"S/G2 phase",0.683196828188704,0.513158403585445
256159605,"YLL016W","SDC25","","dma3046","Vph1_R1_Plate08",12,19,1132,303,"T phase",2.85372698976865,2.04031405309027
256159615,"YLL016W","SDC25","","dma3046","Vph1_R1_Plate08",12,19,1132,313,"MA phase",5.20122217284179,3.81674350078526
256159635,"YLL016W","SDC25","","dma3046","Vph1_R1_Plate08",12,19,1132,333,"S/G2 phase",1.66553327402854,1.57681567297504
256159656,"YLL016W","SDC25","","dma3046","Vph1_R1_Plate08",12,19,1132,355,"S/G2 phase",2.25060130427139,2.36416566795208
256161385,"YLL015W","BPT1","","dma3047","Vph1_R1_Plate08",12,21,1137,124,"S/G2 phase",1.9111173854885,1.91567715399519
256161396,"YLL015W","BPT1","","dma3047","Vph1_R1_Plate08",12,21,1137,135,"MA phase",1.93278657179379,2.35465679986222
256161405,"YLL015W","BPT1","","dma3047","Vph1_R1_Plate08",12,21,1137,144,"T phase",4.78950763304127,3.16904027106165
256161408,"YLL015W","BPT1","","dma3047","Vph1_R1_Plate08",12,21,1137,147,"T phase",3.73132903513291,3.10397132247986
256161433,"YLL015W","BPT1","","dma3047","Vph1_R1_Plate08",12,21,1137,172,"S/G2 phase",2.41312020156107,2.10939087169341
256161448,"YLL015W","BPT1","","dma3047","Vph1_R1_Plate08",12,21,1137,187,"S/G2 phase",2.08808240698171,1.88840792071273
256161473,"YLL015W","BPT1","","dma3047","Vph1_R1_Plate08",12,21,1137,212,"G1 phase",0.936004001750428,0.728640356497618
256161497,"YLL015W","BPT1","","dma3047","Vph1_R1_Plate08",12,21,1137,238,"MA phase",2.56841603674899,2.72055175710477
256161590,"YLL015W","BPT1","","dma3047","Vph1_R1_Plate08",12,21,1138,28,"T phase",2.95484985919333,2.71505075903627
256161609,"YLL015W","BPT1","","dma3047","Vph1_R1_Plate08",12,21,1138,49,"S/G2 phase",2.33727804949255,1.87764168163579
256161618,"YLL015W","BPT1","","dma3047","Vph1_R1_Plate08",12,21,1138,58,"T phase",2.93679220393893,2.03080518500042
256161622,"YLL015W","BPT1","","dma3047","Vph1_R1_Plate08",12,21,1138,62,"S/G2 phase",0.780708166562512,0.896577968960533
256161624,"YLL015W","BPT1","","dma3047","Vph1_R1_Plate08",12,21,1138,64,"S/G2 phase",2.3481126426452,1.58632454106489
256161686,"YLL015W","BPT1","","dma3047","Vph1_R1_Plate08",12,21,1138,126,"S/G2 phase",2.01585178596408,2.13241647789446
256161694,"YLL015W","BPT1","","dma3047","Vph1_R1_Plate08",12,21,1138,135,"S/G2 phase",3.11736875648301,2.84393128521277
256161776,"YLL015W","BPT1","","dma3047","Vph1_R1_Plate08",12,21,1138,219,"T phase",5.20844523494356,3.56998444456928
256161781,"YLL015W","BPT1","","dma3047","Vph1_R1_Plate08",12,21,1138,225,"T phase",1.78832532975852,1.32628450379779
256161787,"YLL015W","BPT1","","dma3047","Vph1_R1_Plate08",12,21,1138,231,"S/G2 phase",0.0295097079791048,0.286910211596332
256161789,"YLL015W","BPT1","","dma3047","Vph1_R1_Plate08",12,21,1138,233,"S/G2 phase",0.89988869124161,0.823493280336055
256161828,"YLL015W","BPT1","","dma3047","Vph1_R1_Plate08",12,21,1138,272,"MA-single",-0.81920008897811,-0.96244503544879
256161902,"YLL015W","BPT1","","dma3047","Vph1_R1_Plate08",12,21,1139,68,"S/G2 phase",1.10935749219275,1.14058652614226
256161982,"YLL015W","BPT1","","dma3047","Vph1_R1_Plate08",12,21,1139,148,"G1 phase",0.173970950014375,0.208324524903344
256161997,"YLL015W","BPT1","","dma3047","Vph1_R1_Plate08",12,21,1139,164,"S/G2 phase",2.02307484806584,1.61485114533444
256162004,"YLL015W","BPT1","","dma3047","Vph1_R1_Plate08",12,21,1139,171,"S/G2 phase",2.31560886318726,1.89390891878124
256162018,"YLL015W","BPT1","","dma3047","Vph1_R1_Plate08",12,21,1139,185,"S/G2 phase",0.3473244404567,0.492883296418655
256162061,"YLL015W","BPT1","","dma3047","Vph1_R1_Plate08",12,21,1139,228,"S/G2 phase",1.82444064026734,1.77076514773333
256162150,"YLL015W","BPT1","","dma3047","Vph1_R1_Plate08",12,21,1139,321,"S/G2 phase",1.96167882020085,1.61485114533444
256162162,"YLL015W","BPT1","","dma3047","Vph1_R1_Plate08",12,21,1140,1,"S/G2 phase",1.32604935524566,1.49822998628204
256162166,"YLL015W","BPT1","","dma3047","Vph1_R1_Plate08",12,21,1140,5,"S/G2 phase",1.0010115606663,0.899328467994787
256162201,"YLL015W","BPT1","","dma3047","Vph1_R1_Plate08",12,21,1140,40,"MA phase",1.88222513708145,1.46168764196981
256162238,"YLL015W","BPT1","","dma3047","Vph1_R1_Plate08",12,21,1140,78,"T phase",3.89023640137171,3.05516961104352
256162256,"YLL015W","BPT1","","dma3047","Vph1_R1_Plate08",12,21,1140,96,"S/G2 phase",1.44522987992476,1.12031141897547
256162326,"YLL015W","BPT1","","dma3047","Vph1_R1_Plate08",12,21,1140,168,"S/G2 phase",3.67354453831881,2.88448149954635
256162330,"YLL015W","BPT1","","dma3047","Vph1_R1_Plate08",12,21,1140,172,"T phase",3.01985741810921,2.48479469702581
256162338,"YLL015W","BPT1","","dma3047","Vph1_R1_Plate08",12,21,1140,180,"T phase",2.48896235362959,2.21100216458744
256162340,"YLL015W","BPT1","","dma3047","Vph1_R1_Plate08",12,21,1140,182,"S/G2 phase",0.524289461949907,0.580977851201494
256162366,"YLL015W","BPT1","","dma3047","Vph1_R1_Plate08",12,21,1140,208,"S/G2 phase",2.11697465538876,1.76927201968616
256162406,"YLL015W","BPT1","","dma3047","Vph1_R1_Plate08",12,21,1140,248,"S/G2 phase",-0.562781384365505,-0.566766102949596
256167472,"YKL048C","ELM1","","dma2781","Vph1_R1_Plate08",15,18,1413,5,"S/G2 phase",1.20325729951568,0.869544492738145
256167489,"YKL048C","ELM1","","dma2781","Vph1_R1_Plate08",15,18,1413,22,"S/G2 phase",3.576033199945,2.63371457330903
256167844,"YKL048C","ELM1","","dma2781","Vph1_R1_Plate08",15,18,1415,98,"T phase",1.040738402226,1.10255105378285
256167854,"YKL048C","ELM1","","dma2781","Vph1_R1_Plate08",15,18,1415,109,"S/G2 phase",-0.38942789392318,-0.0559591394451741
256167901,"YKL048C","ELM1","","dma2781","Vph1_R1_Plate08",15,18,1415,158,"S/G2 phase",0.856550318631029,0.708365249330827
256266767,"YKR059W","TIF1","","dma2978","Vph1_R1_Plate08",2,3,105,25,"S/G2 phase",0.137855639505558,0.00360881106811092
256266777,"YKR059W","TIF1","","dma2978","Vph1_R1_Plate08",2,3,105,35,"S/G2 phase",1.91472891653939,2.10939087169341
256266804,"YKR059W","TIF1","","dma2978","Vph1_R1_Plate08",2,3,105,62,"S/G2 phase",3.01985741810921,2.68251628474537
256266819,"YKR059W","TIF1","","dma2978","Vph1_R1_Plate08",2,3,105,77,"S/G2 phase",-0.0318863198858852,0.159522813467
256266835,"YKR059W","TIF1","","dma2978","Vph1_R1_Plate08",2,3,105,94,"S/G2 phase",0.0403443011317501,-0.0587096384794284
256266866,"YKR059W","TIF1","","dma2978","Vph1_R1_Plate08",2,3,105,125,"S/G2 phase",1.79193686080941,1.81807373112251
256266875,"YKR059W","TIF1","","dma2978","Vph1_R1_Plate08",2,3,105,134,"S/G2 phase",0.629023862425478,0.876302861793743
256266901,"YKR059W","TIF1","","dma2978","Vph1_R1_Plate08",2,3,105,160,"S/G2 phase",2.96929598339686,2.75984460045127
256266934,"YKR059W","TIF1","","dma2978","Vph1_R1_Plate08",2,3,105,194,"S/G2 phase",1.27548792053331,1.27598966431428
256266938,"YKR059W","TIF1","","dma2978","Vph1_R1_Plate08",2,3,105,198,"S/G2 phase",1.5355181561968,1.59583340915474
256266947,"YKR059W","TIF1","","dma2978","Vph1_R1_Plate08",2,3,105,207,"S/G2 phase",1.040738402226,1.22042958382234
256267039,"YKR059W","TIF1","","dma2978","Vph1_R1_Plate08",2,3,105,299,"T phase",1.97973647545526,2.37642503507618
256267087,"YKR059W","TIF1","","dma2978","Vph1_R1_Plate08",2,3,105,348,"S/G2 phase",2.39145101525578,2.14742634405282
256267126,"YKR059W","TIF1","","dma2978","Vph1_R1_Plate08",2,3,105,388,"S/G2 phase",1.46328753517917,1.35056748098592
256267137,"YKR059W","TIF1","","dma2978","Vph1_R1_Plate08",2,3,105,399,"MA phase",1.89667126128498,1.9156771539952
256267222,"YKR059W","TIF1","","dma2978","Vph1_R1_Plate08",2,3,106,60,"S/G2 phase",1.10213443009099,1.00243288893599
256267273,"YKR059W","TIF1","","dma2978","Vph1_R1_Plate08",2,3,106,113,"S/G2 phase",0.805988883918684,0.545692877876341
256267369,"YKR059W","TIF1","","dma2978","Vph1_R1_Plate08",2,3,106,211,"S/G2 phase",1.80638298501293,1.37084258815271
256267548,"YKR059W","TIF1","","dma2978","Vph1_R1_Plate08",2,3,106,396,"S/G2 phase",3.60131391730117,2.73807636523731
256267550,"YKR059W","TIF1","","dma2978","Vph1_R1_Plate08",2,3,106,398,"S/G2 phase",0.47011649618668,0.992688263786056
256267616,"YKR059W","TIF1","","dma2978","Vph1_R1_Plate08",2,3,107,55,"MA phase",1.19242270636303,1.48070537814951
256267641,"YKR059W","TIF1","","dma2978","Vph1_R1_Plate08",2,3,107,81,"S/G2 phase",1.69081399138472,1.72997917633967
256267712,"YKR059W","TIF1","","dma2978","Vph1_R1_Plate08",2,3,107,153,"T phase",1.47412212833181,1.69343683202743
256267729,"YKR059W","TIF1","","dma2978","Vph1_R1_Plate08",2,3,107,170,"S/G2 phase",0.491785682491971,0.476616059273205
256267732,"YKR059W","TIF1","","dma2978","Vph1_R1_Plate08",2,3,107,173,"S/G2 phase",0.618189269272833,0.998189261854566
256267765,"YKR059W","TIF1","","dma2978","Vph1_R1_Plate08",2,3,107,206,"T phase",2.85011545871776,3.16904027106165
256267796,"YKR059W","TIF1","","dma2978","Vph1_R1_Plate08",2,3,107,239,"T phase",2.08085934487995,2.38444077511887
256267905,"YKR059W","TIF1","","dma2978","Vph1_R1_Plate08",2,3,108,28,"S/G2 phase",-0.151066844564983,-0.0532086404109193
256267929,"YKR059W","TIF1","","dma2978","Vph1_R1_Plate08",2,3,108,52,"S/G2 phase",0.361770564660227,0.430564846871115
256267932,"YKR059W","TIF1","","dma2978","Vph1_R1_Plate08",2,3,108,55,"S/G2 phase",2.29393967688197,2.07960689643677
256267967,"YKR059W","TIF1","","dma2978","Vph1_R1_Plate08",2,3,108,90,"G1 phase",0.192028605268784,-0.0166662960986802
256267976,"YKR059W","TIF1","","dma2978","Vph1_R1_Plate08",2,3,108,99,"T phase",1.56802193565474,1.5918255391334
256267989,"YKR059W","TIF1","","dma2978","Vph1_R1_Plate08",2,3,108,112,"S/G2 phase",2.28310508372933,2.04982292118013
256267990,"YKR059W","TIF1","","dma2978","Vph1_R1_Plate08",2,3,108,113,"S/G2 phase",3.34850674373945,2.39670014224297
256267993,"YKR059W","TIF1","","dma2978","Vph1_R1_Plate08",2,3,108,116,"T phase",2.61175440935957,2.94805732008098
256268017,"YKR059W","TIF1","","dma2978","Vph1_R1_Plate08",2,3,108,140,"T phase",3.01985741810921,2.73956949328448
256268059,"YKR059W","TIF1","","dma2978","Vph1_R1_Plate08",2,3,108,182,"S/G2 phase",3.178764784348,3.01736989574419
256268063,"YKR059W","TIF1","","dma2978","Vph1_R1_Plate08",2,3,108,186,"S/G2 phase",2.83928086556512,2.74758523332717
256268095,"YKR059W","TIF1","","dma2978","Vph1_R1_Plate08",2,3,108,218,"S/G2 phase",0.954061657004837,0.892570098939192
256268139,"YKR059W","TIF1","","dma2978","Vph1_R1_Plate08",2,3,108,262,"T phase",1.99418259965878,2.19072705742065
256268140,"YKR059W","TIF1","","dma2978","Vph1_R1_Plate08",2,3,108,263,"T phase",1.26465332738067,1.15284589326637
256268193,"YKR059W","TIF1","","dma2978","Vph1_R1_Plate08",2,3,108,316,"S/G2 phase",3.50019104787648,2.88173100051209
256270088,"YKR058W","GLG1","","dma2979","Vph1_R1_Plate08",2,5,113,17,"S/G2 phase",0.668750703985177,0.945379680396878
256270136,"YKR058W","GLG1","","dma2979","Vph1_R1_Plate08",2,5,113,66,"S/G2 phase",0.459281903034035,0.624278564569329
256270143,"YKR058W","GLG1","","dma2979","Vph1_R1_Plate08",2,5,113,73,"S/G2 phase",1.54996428040033,1.82082423015676
256270204,"YKR058W","GLG1","","dma2979","Vph1_R1_Plate08",2,5,113,135,"S/G2 phase",-0.353312583414362,0.555201745966193
256270290,"YKR058W","GLG1","","dma2979","Vph1_R1_Plate08",2,5,113,223,"G1 phase",-0.324420335007308,-0.315999176712271
256270305,"YKR058W","GLG1","","dma2979","Vph1_R1_Plate08",2,5,113,238,"MA-single",-1.64262916857915,-1.91097427383315
256270406,"YKR058W","GLG1","","dma2979","Vph1_R1_Plate08",2,5,114,13,"S/G2 phase",0.0403443011317501,0.20557402586909
256270474,"YKR058W","GLG1","","dma2979","Vph1_R1_Plate08",2,5,114,83,"T phase",2.24337824216963,2.33163119366118
256270484,"YKR058W","GLG1","","dma2979","Vph1_R1_Plate08",2,5,114,93,"S/G2 phase",0.50984333774638,0.285417083549166
256270549,"YKR058W","GLG1","","dma2979","Vph1_R1_Plate08",2,5,114,158,"S/G2 phase",2.03390944121848,2.00777957879938
256270718,"YKR058W","GLG1","","dma2979","Vph1_R1_Plate08",2,5,114,329,"S/G2 phase",0.340101378354937,0.22584913303588
256270776,"YKR058W","GLG1","","dma2979","Vph1_R1_Plate08",2,5,115,52,"S/G2 phase",-0.360535645516126,-0.30122506761399
256270782,"YKR058W","GLG1","","dma2979","Vph1_R1_Plate08",2,5,115,58,"S/G2 phase",0.119797984251149,0.147263446342893
256270801,"YKR058W","GLG1","","dma2979","Vph1_R1_Plate08",2,5,115,77,"S/G2 phase",1.22131495477009,1.34105861289607
256270816,"YKR058W","GLG1","","dma2979","Vph1_R1_Plate08",2,5,115,92,"S/G2 phase",1.13463820954892,1.32754187478488
256270854,"YKR058W","GLG1","","dma2979","Vph1_R1_Plate08",2,5,115,134,"S/G2 phase",2.90067689343011,2.77061083952821
256270924,"YKR058W","GLG1","","dma2979","Vph1_R1_Plate08",2,5,115,205,"S/G2 phase",4.23694338225636,3.28966930013539
256270945,"YKR058W","GLG1","","dma2979","Vph1_R1_Plate08",2,5,115,229,"T phase",1.44884141097564,2.57288925180865
256270948,"YKR058W","GLG1","","dma2979","Vph1_R1_Plate08",2,5,115,232,"S/G2 phase",2.85372698976865,2.23127727175423
256270967,"YKR058W","GLG1","","dma2979","Vph1_R1_Plate08",2,5,115,251,"S/G2 phase",0.647081517679887,0.950880678465388
256270981,"YKR058W","GLG1","","dma2979","Vph1_R1_Plate08",2,5,115,265,"S/G2 phase",1.24298414107538,1.39512556534085
256270984,"YKR058W","GLG1","","dma2979","Vph1_R1_Plate08",2,5,115,268,"G1 phase",0.513454868797261,0.22584913303588
256271028,"YKR058W","GLG1","","dma2979","Vph1_R1_Plate08",2,5,115,313,"S/G2 phase",0.831269601274857,0.792451934092325
256271086,"YKR058W","GLG1","","dma2979","Vph1_R1_Plate08",2,5,116,44,"S/G2 phase",3.42434889580796,2.93053271194844
256271099,"YKR058W","GLG1","","dma2979","Vph1_R1_Plate08",2,5,116,58,"S/G2 phase",0.462893434084917,0.328953553977082
256271105,"YKR058W","GLG1","","dma2979","Vph1_R1_Plate08",2,5,116,64,"S/G2 phase",2.88984230027746,2.97658392435053
256271118,"YKR058W","GLG1","","dma2979","Vph1_R1_Plate08",2,5,116,79,"S/G2 phase",2.18198221430464,2.97933442338478
256271120,"YKR058W","GLG1","","dma2979","Vph1_R1_Plate08",2,5,116,81,"S/G2 phase",0.488174151441089,0.513158403585445
256271135,"YKR058W","GLG1","","dma2979","Vph1_R1_Plate08",2,5,116,96,"S/G2 phase",1.2393726100245,1.51850509344884
256271201,"YKR058W","GLG1","","dma2979","Vph1_R1_Plate08",2,5,116,165,"S/G2 phase",2.10614006223612,2.12290760980461
256271226,"YKR058W","GLG1","","dma2979","Vph1_R1_Plate08",2,5,116,191,"S/G2 phase",1.33327241734742,1.12832715901815
256271249,"YKR058W","GLG1","","dma2979","Vph1_R1_Plate08",2,5,116,214,"T phase",2.79233096190366,2.45226022273491
256271255,"YKR058W","GLG1","","dma2979","Vph1_R1_Plate08",2,5,116,220,"S/G2 phase",3.06319579071979,2.23001990076715
256271273,"YKR058W","GLG1","","dma2979","Vph1_R1_Plate08",2,5,116,239,"MA-single",-1.15507247671011,-1.2537621760197
256271286,"YKR058W","GLG1","","dma2979","Vph1_R1_Plate08",2,5,116,252,"S/G2 phase",1.25381873422802,1.31402513667368
256271292,"YKR058W","GLG1","","dma2979","Vph1_R1_Plate08",2,5,116,258,"S/G2 phase",0.719312138697522,0.875045490806656
256271323,"YKR058W","GLG1","","dma2979","Vph1_R1_Plate08",2,5,116,290,"S/G2 phase",0.0511788942843954,0.307185318763123
256271325,"YKR058W","GLG1","","dma2979","Vph1_R1_Plate08",2,5,116,292,"S/G2 phase",1.48134519043357,1.64864299061243
256271330,"YKR058W","GLG1","","dma2979","Vph1_R1_Plate08",2,5,116,297,"S/G2 phase",1.08407677483658,1.72322080728407
256271331,"YKR058W","GLG1","","dma2979","Vph1_R1_Plate08",2,5,116,298,"S/G2 phase",1.2790994515842,1.18789510953144
256271408,"YKL184W","SPE1","","dma2883","Vph1_R1_Plate08",2,6,117,87,"MA-single",-0.949215206809854,-1.06405632834282
256271432,"YKL184W","SPE1","","dma2883","Vph1_R1_Plate08",2,6,118,5,"MA-single",-1.50900251969653,-1.74429403235733
256271476,"YKL184W","SPE1","","dma2883","Vph1_R1_Plate08",2,6,118,55,"MA-single",-1.45844108498418,-1.68873395186538
256271515,"YKL184W","SPE1","","dma2883","Vph1_R1_Plate08",2,6,118,101,"MA-single",-1.60290232701945,-1.66845884469859
256271537,"YKL184W","SPE1","","dma2883","Vph1_R1_Plate08",2,6,119,9,"S/G2 phase",0.538735586153434,0.565967985043132
256271606,"YKL184W","SPE1","","dma2883","Vph1_R1_Plate08",2,6,120,39,"MA-single",-1.62818304437563,-1.83914695619576
256271907,"YKR057W","RPS21A","","dma2980","Vph1_R1_Plate08",2,7,121,258,"S/G2 phase",0.93961553280131,1.42514529765757
256271978,"YKR057W","RPS21A","","dma2980","Vph1_R1_Plate08",2,7,121,332,"S/G2 phase",0.896277160190728,1.11481042090696
256272010,"YKR057W","RPS21A","","dma2980","Vph1_R1_Plate08",2,7,121,368,"S/G2 phase",2.57202756779987,1.95622736832878
256272011,"YKR057W","RPS21A","","dma2980","Vph1_R1_Plate08",2,7,121,369,"T phase",2.1892052764064,1.90616828590535
256272013,"YKR057W","RPS21A","","dma2980","Vph1_R1_Plate08",2,7,121,371,"S/G2 phase",2.40950867051019,2.15269158506125
256272045,"YKR057W","RPS21A","","dma2980","Vph1_R1_Plate08",2,7,121,404,"MA-single",-0.570004446467268,-0.467905309089817
256272070,"YKR057W","RPS21A","","dma2980","Vph1_R1_Plate08",2,7,121,429,"S/G2 phase",0.213697791574075,0.499641665474251
256272124,"YKR057W","RPS21A","","dma2980","Vph1_R1_Plate08",2,7,121,483,"S/G2 phase",0.773485104460748,0.608011327423882
256272128,"YKR057W","RPS21A","","dma2980","Vph1_R1_Plate08",2,7,121,487,"S/G2 phase",-0.201628279277328,0.160780184454087
256272209,"YKR057W","RPS21A","","dma2980","Vph1_R1_Plate08",2,7,122,35,"S/G2 phase",-0.335254928159953,-0.0952519827916681
256272238,"YKR057W","RPS21A","","dma2980","Vph1_R1_Plate08",2,7,122,64,"S/G2 phase",3.36295286794297,3.42782293734166
256272268,"YKR057W","RPS21A","","dma2980","Vph1_R1_Plate08",2,7,122,94,"S/G2 phase",2.14225537274494,2.26106124701088
256272313,"YKR057W","RPS21A","","dma2980","Vph1_R1_Plate08",2,7,122,140,"T phase",2.63342359566486,3.16754714301449
256272317,"YKR057W","RPS21A","","dma2980","Vph1_R1_Plate08",2,7,122,144,"S/G2 phase",3.2184916259077,2.38719127415312
256272325,"YKR057W","RPS21A","","dma2980","Vph1_R1_Plate08",2,7,122,152,"G1 phase",0.177582481065257,0.00510193911527756
256272366,"YKR057W","RPS21A","","dma2980","Vph1_R1_Plate08",2,7,122,193,"MA-single",-0.353312583414362,-0.302482438601077
256272438,"YKR057W","RPS21A","","dma2980","Vph1_R1_Plate08",2,7,122,265,"T phase",3.85773262191378,2.75858722946418
256272454,"YKR057W","RPS21A","","dma2980","Vph1_R1_Plate08",2,7,122,282,"S/G2 phase",0.361770564660227,0.376262137366259
256272494,"YKR057W","RPS21A","","dma2980","Vph1_R1_Plate08",2,7,122,322,"G1 phase",-0.490550763347869,-0.557257234859744
256272498,"YKR057W","RPS21A","","dma2980","Vph1_R1_Plate08",2,7,122,326,"MA phase",2.40228560840842,2.17721031930946
256272514,"YKR057W","RPS21A","","dma2980","Vph1_R1_Plate08",2,7,122,342,"S/G2 phase",-0.158289906666747,-0.0436997723210681
256272518,"YKR057W","RPS21A","","dma2980","Vph1_R1_Plate08",2,7,122,346,"G1 phase",-1.34287209135597,-1.36488233700358
256272571,"YKR057W","RPS21A","","dma2980","Vph1_R1_Plate08",2,7,122,400,"S/G2 phase",0.89988869124161,0.873552362759487
256272608,"YKR057W","RPS21A","","dma2980","Vph1_R1_Plate08",2,7,122,437,"T phase",4.69199629466746,3.96039813606004
256272705,"YKR057W","RPS21A","","dma2980","Vph1_R1_Plate08",2,7,123,59,"S/G2 phase",1.51384896989151,1.44817090385861
256272713,"YKR057W","RPS21A","","dma2980","Vph1_R1_Plate08",2,7,123,67,"S/G2 phase",0.957673188055718,1.00219713187591
256272859,"YKR057W","RPS21A","","dma2980","Vph1_R1_Plate08",2,7,123,214,"S/G2 phase",1.88583666813233,2.10939087169341
256272864,"YKR057W","RPS21A","","dma2980","Vph1_R1_Plate08",2,7,123,221,"T phase",3.8324519045576,3.66758786744197
256272890,"YKR057W","RPS21A","","dma2980","Vph1_R1_Plate08",2,7,123,247,"S/G2 phase",1.49940284568798,1.19339610759995
256272897,"YKR057W","RPS21A","","dma2980","Vph1_R1_Plate08",2,7,123,254,"S/G2 phase",0.556793241407842,0.67583077503993
256272931,"YKR057W","RPS21A","","dma2980","Vph1_R1_Plate08",2,7,123,288,"S/G2 phase",0.0800711426914495,0.0944538648852049
256272937,"YKR057W","RPS21A","","dma2980","Vph1_R1_Plate08",2,7,123,294,"S/G2 phase",0.112574922149385,0.549700747897684
256272950,"YKR057W","RPS21A","","dma2980","Vph1_R1_Plate08",2,7,123,307,"S/G2 phase",2.28310508372933,1.93320176212773
256272972,"YKR057W","RPS21A","","dma2980","Vph1_R1_Plate08",2,7,123,330,"S/G2 phase",0.553181710356961,0.845025758489933
256273017,"YKR057W","RPS21A","","dma2980","Vph1_R1_Plate08",2,7,123,375,"S/G2 phase",-0.642235067484903,-0.782248055861769
256273063,"YKR057W","RPS21A","","dma2980","Vph1_R1_Plate08",2,7,123,421,"S/G2 phase",-0.241355120837028,-0.0166662960986802
256273074,"YKR057W","RPS21A","","dma2980","Vph1_R1_Plate08",2,7,123,432,"T phase",1.69803705348648,1.5715504319666
256273102,"YKR057W","RPS21A","","dma2980","Vph1_R1_Plate08",2,7,124,23,"T phase",1.376610789958,1.14734489519786
256273121,"YKR057W","RPS21A","","dma2980","Vph1_R1_Plate08",2,7,124,42,"T phase",3.26544152956917,2.5118281732482
256273194,"YKR057W","RPS21A","","dma2980","Vph1_R1_Plate08",2,7,124,117,"S/G2 phase",1.42717222467035,1.36958521716563
256273222,"YKR057W","RPS21A","","dma2980","Vph1_R1_Plate08",2,7,124,146,"S/G2 phase",3.53269482733442,3.55120246544965
256273296,"YKR057W","RPS21A","","dma2980","Vph1_R1_Plate08",2,7,124,223,"S/G2 phase",1.6149718393162,1.35056748098592
256273312,"YKR057W","RPS21A","","dma2980","Vph1_R1_Plate08",2,7,124,239,"S/G2 phase",5.11093389656975,4.32755046428968
256273346,"YKR057W","RPS21A","","dma2980","Vph1_R1_Plate08",2,7,124,274,"S/G2 phase",1.45245294202652,2.2002359255105
256273359,"YKR057W","RPS21A","","dma2980","Vph1_R1_Plate08",2,7,124,287,"S/G2 phase",1.12380361639628,1.03622473421397
256273395,"YKR057W","RPS21A","","dma2980","Vph1_R1_Plate08",2,7,124,323,"T phase",1.09491136798923,1.45367190192712
256273487,"YKR057W","RPS21A","","dma2980","Vph1_R1_Plate08",2,7,124,415,"T phase",3.50741410997824,3.18782225018129
256273514,"YKR057W","RPS21A","","dma2980","Vph1_R1_Plate08",2,7,124,442,"T phase",2.02307484806584,1.86962594159311
256276808,"YKR056W","TRM2","","dma2981","Vph1_R1_Plate08",2,9,129,113,"T phase",1.41272610046682,1.27748279236145
256276846,"YKR056W","TRM2","","dma2981","Vph1_R1_Plate08",2,9,129,151,"S/G2 phase",0.343712909405818,0.915595705140236
256276875,"YKR056W","TRM2","","dma2981","Vph1_R1_Plate08",2,9,129,180,"T phase",2.69843115458073,2.33163119366118
256276898,"YKR056W","TRM2","","dma2981","Vph1_R1_Plate08",2,9,129,203,"T phase",1.2971571068386,2.01728844688923
256276902,"YKR056W","TRM2","","dma2981","Vph1_R1_Plate08",2,9,129,207,"T phase",1.82444064026734,1.98475397259833
256276929,"YKR056W","TRM2","","dma2981","Vph1_R1_Plate08",2,9,129,235,"S/G2 phase",0.00784052167381423,0.40753924067007
256277000,"YKR056W","TRM2","","dma2981","Vph1_R1_Plate08",2,9,129,307,"S/G2 phase",0.329266785202291,0.198815656813493
256277049,"YKR056W","TRM2","","dma2981","Vph1_R1_Plate08",2,9,130,32,"S/G2 phase",1.69081399138472,1.5525326957869
256277052,"YKR056W","TRM2","","dma2981","Vph1_R1_Plate08",2,9,130,35,"S/G2 phase",2.31560886318726,2.64872443946739
256277062,"YKR056W","TRM2","","dma2981","Vph1_R1_Plate08",2,9,130,45,"S/G2 phase",0.842104194427502,0.8465188865371
256277090,"YKR056W","TRM2","","dma2981","Vph1_R1_Plate08",2,9,130,73,"MA phase",2.08447087593083,2.48880256704715
256277117,"YKR056W","TRM2","","dma2981","Vph1_R1_Plate08",2,9,130,102,"T phase",2.12780924854141,2.31261345748148
256277146,"YKR056W","TRM2","","dma2981","Vph1_R1_Plate08",2,9,130,132,"S/G2 phase",0.011452052724696,0.355987030199468
256277235,"YKR056W","TRM2","","dma2981","Vph1_R1_Plate08",2,9,130,224,"S/G2 phase",1.65831021192678,2.29909671937028
256277319,"YKR056W","TRM2","","dma2981","Vph1_R1_Plate08",2,9,130,310,"S/G2 phase",1.45967600412828,1.4942221162607
256277325,"YKR056W","TRM2","","dma2981","Vph1_R1_Plate08",2,9,130,316,"S/G2 phase",-0.136620720361456,0.0484026524831146
256277369,"YKR056W","TRM2","","dma2981","Vph1_R1_Plate08",2,9,131,39,"S/G2 phase",0.134244108454676,0.224591762048793
256277398,"YKR056W","TRM2","","dma2981","Vph1_R1_Plate08",2,9,131,68,"S/G2 phase",0.22453238472672,0.372254267344918
256277402,"YKR056W","TRM2","","dma2981","Vph1_R1_Plate08",2,9,131,72,"S/G2 phase",-0.313585741854663,-0.265940094288838
256277478,"YKR056W","TRM2","","dma2981","Vph1_R1_Plate08",2,9,131,149,"S/G2 phase",1.13463820954892,1.59984127917608
256277488,"YKR056W","TRM2","","dma2981","Vph1_R1_Plate08",2,9,131,159,"MA-single",-0.681961909044603,-0.726687975369826
256277586,"YKR056W","TRM2","","dma2981","Vph1_R1_Plate08",2,9,131,260,"S/G2 phase",1.12741514744716,1.75976315159631
256277592,"YKR056W","TRM2","","dma2981","Vph1_R1_Plate08",2,9,131,266,"S/G2 phase",-0.00660560252971282,0.754416461732918
256277617,"YKR056W","TRM2","","dma2981","Vph1_R1_Plate08",2,9,131,291,"S/G2 phase",0.809600414969566,1.59308291012048
256277624,"YKR056W","TRM2","","dma2981","Vph1_R1_Plate08",2,9,131,298,"S/G2 phase",0.419555061474335,0.781449937955305
256277639,"YKR056W","TRM2","","dma2981","Vph1_R1_Plate08",2,9,131,313,"S/G2 phase",0.0800711426914495,0.194807786792152
256277701,"YKR056W","TRM2","","dma2981","Vph1_R1_Plate08",2,9,132,56,"S/G2 phase",1.86777901287792,1.99827071070953
256277715,"YKR056W","TRM2","","dma2981","Vph1_R1_Plate08",2,9,132,70,"S/G2 phase",0.235366977879365,0.139247706300209
256277777,"YKR056W","TRM2","","dma2981","Vph1_R1_Plate08",2,9,132,134,"S/G2 phase",1.35494160365271,1.54302382769705
256277782,"YKR056W","TRM2","","dma2981","Vph1_R1_Plate08",2,9,132,140,"S/G2 phase",0.795154290766039,0.823493280336055
256277849,"YKR056W","TRM2","","dma2981","Vph1_R1_Plate08",2,9,132,209,"T phase",1.64747561877414,1.87913480968296
256277892,"YKR056W","TRM2","","dma2981","Vph1_R1_Plate08",2,9,132,252,"MA phase",1.06601911958217,0.837010018447248
256277903,"YKR056W","TRM2","","dma2981","Vph1_R1_Plate08",2,9,132,263,"S/G2 phase",-0.0174401956823581,0.0253770462820687
256277938,"YKR056W","TRM2","","dma2981","Vph1_R1_Plate08",2,9,132,298,"S/G2 phase",1.81721757816558,2.59866535704395
256277940,"YKR056W","TRM2","","dma2981","Vph1_R1_Plate08",2,9,132,300,"S/G2 phase",1.79554839186029,1.49296474527362
256280185,"YKR055W","RHO4","","dma2982","Vph1_R1_Plate08",2,11,137,16,"T phase",3.01624588705832,3.26114269586583
256280268,"YKR055W","RHO4","","dma2982","Vph1_R1_Plate08",2,11,137,102,"G1 phase",0.556793241407842,0.323452555908572
256280295,"YKR055W","RHO4","","dma2982","Vph1_R1_Plate08",2,11,138,10,"S/G2 phase",0.943227063852191,1.08101857562898
256280324,"YKR055W","RHO4","","dma2982","Vph1_R1_Plate08",2,11,138,39,"S/G2 phase",1.93278657179379,2.23402777078849
256280367,"YKR055W","RHO4","","dma2982","Vph1_R1_Plate08",2,11,138,82,"S/G2 phase",1.1599189269051,2.22852677271998
256280386,"YKR055W","RHO4","","dma2982","Vph1_R1_Plate08",2,11,139,1,"T phase",2.87178464502305,3.20707574342106
256280389,"YKR055W","RHO4","","dma2982","Vph1_R1_Plate08",2,11,139,4,"S/G2 phase",2.30477427003462,2.32212232557133
256280412,"YKR055W","RHO4","","dma2982","Vph1_R1_Plate08",2,11,139,28,"S/G2 phase",0.972119312259246,1.03221686419263
256280413,"YKR055W","RHO4","","dma2982","Vph1_R1_Plate08",2,11,139,29,"S/G2 phase",1.86777901287792,1.54577432673131
256280414,"YKR055W","RHO4","","dma2982","Vph1_R1_Plate08",2,11,139,30,"S/G2 phase",1.81721757816558,2.05383079120147
256280485,"YKR055W","RHO4","","dma2982","Vph1_R1_Plate08",2,11,140,3,"S/G2 phase",2.61897747146133,2.71104288901492
256280492,"YKR055W","RHO4","","dma2982","Vph1_R1_Plate08",2,11,140,10,"S/G2 phase",1.41994916256858,1.5402733286628
256280536,"YKR055W","RHO4","","dma2982","Vph1_R1_Plate08",2,11,140,54,"S/G2 phase",2.27588202162756,2.27607111316924
256283725,"YKR054C","DYN1","","dma2983","Vph1_R1_Plate08",2,13,146,32,"T phase",3.98052467764376,3.40078946111928
256283888,"YKR054C","DYN1","","dma2983","Vph1_R1_Plate08",2,13,148,2,"S/G2 phase",1.25743026527891,1.27598966431428
256283957,"YKR054C","DYN1","","dma2983","Vph1_R1_Plate08",2,13,148,72,"S/G2 phase",0.863773380732793,0.830251649391653
256286827,"YKR053C","YSR3","","dma2984","Vph1_R1_Plate08",2,15,153,59,"S/G2 phase",-0.317197272905545,-0.406844230529365
256286871,"YKR053C","YSR3","","dma2984","Vph1_R1_Plate08",2,15,153,105,"S/G2 phase",0.206474729472311,0.59850245933403
256286901,"YKR053C","YSR3","","dma2984","Vph1_R1_Plate08",2,15,153,135,"S/G2 phase",2.42034326366283,1.96573623641863
256286953,"YKR053C","YSR3","","dma2984","Vph1_R1_Plate08",2,15,153,189,"S/G2 phase",1.10574596114187,1.45217877387996
256287079,"YKR053C","YSR3","","dma2984","Vph1_R1_Plate08",2,15,154,111,"S/G2 phase",1.77026767450412,1.51724772246175
256287136,"YKR053C","YSR3","","dma2984","Vph1_R1_Plate08",2,15,154,168,"T phase",2.16031302799935,1.98475397259833
256287197,"YKR053C","YSR3","","dma2984","Vph1_R1_Plate08",2,15,155,8,"T phase",2.09891700013436,2.25304550696819
256287290,"YKR053C","YSR3","","dma2984","Vph1_R1_Plate08",2,15,155,101,"S/G2 phase",0.484562620390207,1.40062656340936
256287291,"YKR053C","YSR3","","dma2984","Vph1_R1_Plate08",2,15,155,102,"S/G2 phase",0.358159033609345,0.549700747897684
256287344,"YKR053C","YSR3","","dma2984","Vph1_R1_Plate08",2,15,155,157,"T phase",0.881831035987201,1.1961466066342
256287354,"YKR053C","YSR3","","dma2984","Vph1_R1_Plate08",2,15,155,167,"T phase",3.52908329628354,3.68935610265592
256287358,"YKR053C","YSR3","","dma2984","Vph1_R1_Plate08",2,15,155,171,"T phase",1.71248317769001,2.09988200360356
256287402,"YKR053C","YSR3","","dma2984","Vph1_R1_Plate08",2,15,156,19,"T phase",2.27588202162756,2.25304550696819
256287429,"YKR053C","YSR3","","dma2984","Vph1_R1_Plate08",2,15,156,47,"S/G2 phase",1.42356069361947,1.22443745384368
256287434,"YKR053C","YSR3","","dma2984","Vph1_R1_Plate08",2,15,156,52,"S/G2 phase",1.43800681782299,1.34781698195167
256287435,"YKR053C","YSR3","","dma2984","Vph1_R1_Plate08",2,15,156,53,"S/G2 phase",1.43800681782299,1.46718864003832
256287442,"YKR053C","YSR3","","dma2984","Vph1_R1_Plate08",2,15,156,60,"S/G2 phase",2.47451622942606,2.36817353797342
256287446,"YKR053C","YSR3","","dma2984","Vph1_R1_Plate08",2,15,156,64,"S/G2 phase",2.39145101525578,2.29233835031468
256287486,"YKR053C","YSR3","","dma2984","Vph1_R1_Plate08",2,15,156,104,"T phase",3.74938669038732,2.97383342531628
256287533,"YKR053C","YSR3","","dma2984","Vph1_R1_Plate08",2,15,156,152,"S/G2 phase",1.90028279233586,1.87489118260154
256287569,"YKR053C","YSR3","","dma2984","Vph1_R1_Plate08",2,15,156,189,"MA phase",2.90428842448099,2.78962857570791
256287577,"YKR053C","YSR3","","dma2984","Vph1_R1_Plate08",2,15,156,197,"S/G2 phase",3.66632147621704,3.59301005077033
256287606,"YKR053C","YSR3","","dma2984","Vph1_R1_Plate08",2,15,156,226,"S/G2 phase",4.37057003113899,3.33171264251614
256288865,"YKR052C","MRS4","","dma2985","Vph1_R1_Plate08",2,17,161,21,"T phase",1.17075352005774,1.31677563570794
256288882,"YKR052C","MRS4","","dma2985","Vph1_R1_Plate08",2,17,161,39,"MA phase",2.00862872386231,2.498311435137
256288935,"YKR052C","MRS4","","dma2985","Vph1_R1_Plate08",2,17,161,94,"S/G2 phase",-0.0246632577841217,0.189306788723642
256289136,"YKR052C","MRS4","","dma2985","Vph1_R1_Plate08",2,17,161,300,"S/G2 phase",0.932392470699546,0.682589144095527
256289252,"YKR052C","MRS4","","dma2985","Vph1_R1_Plate08",2,17,162,119,"S/G2 phase",0.112574922149385,0.101212233940802
256289323,"YKR052C","MRS4","","dma2985","Vph1_R1_Plate08",2,17,162,190,"G1 phase",-0.360535645516126,-0.219888881886747
256289336,"YKR052C","MRS4","","dma2985","Vph1_R1_Plate08",2,17,162,203,"T phase",3.29433377797622,2.52683803940656
256289416,"YKR052C","MRS4","","dma2985","Vph1_R1_Plate08",2,17,163,34,"MA phase",1.53912968724768,1.41563642956772
256289441,"YKR052C","MRS4","","dma2985","Vph1_R1_Plate08",2,17,163,60,"G1 phase",-0.38942789392318,-0.397335362439514
256289498,"YKR052C","MRS4","","dma2985","Vph1_R1_Plate08",2,17,163,117,"MA phase",3.7132713798785,3.32896214348189
256289503,"YKR052C","MRS4","","dma2985","Vph1_R1_Plate08",2,17,163,122,"S/G2 phase",1.45245294202652,1.2354394499807
256289575,"YKR052C","MRS4","","dma2985","Vph1_R1_Plate08",2,17,163,195,"G1 phase",-0.14384378246322,-0.0925014837574132
256289623,"YKR052C","MRS4","","dma2985","Vph1_R1_Plate08",2,17,163,243,"S/G2 phase",0.780708166562512,0.790958806045157
256289681,"YKR052C","MRS4","","dma2985","Vph1_R1_Plate08",2,17,164,4,"S/G2 phase",2.01585178596408,1.35732585004152
256289695,"YKR052C","MRS4","","dma2985","Vph1_R1_Plate08",2,17,164,18,"S/G2 phase",3.59047932414853,2.68251628474537
256289770,"YKR052C","MRS4","","dma2985","Vph1_R1_Plate08",2,17,164,94,"S/G2 phase",1.57163346670562,1.28824903143838
256289785,"YKR052C","MRS4","","dma2985","Vph1_R1_Plate08",2,17,164,110,"S/G2 phase",-0.909488365250154,-0.789006424917366
256289787,"YKR052C","MRS4","","dma2985","Vph1_R1_Plate08",2,17,164,113,"S/G2 phase",0.751815918155458,0.809976542224861
256289832,"YKR052C","MRS4","","dma2985","Vph1_R1_Plate08",2,17,164,159,"G1 phase",-0.627788943281376,-0.526215888616015
256289834,"YKR052C","MRS4","","dma2985","Vph1_R1_Plate08",2,17,164,161,"S/G2 phase",1.87500207497969,1.73548017440818
256289859,"YKR052C","MRS4","","dma2985","Vph1_R1_Plate08",2,17,164,186,"S/G2 phase",1.0804652437857,0.693355383172467
256289913,"YKR052C","MRS4","","dma2985","Vph1_R1_Plate08",2,17,164,243,"S/G2 phase",3.47852186157119,2.44000085561081
256289937,"YKR052C","MRS4","","dma2985","Vph1_R1_Plate08",2,17,164,267,"MA-single",-0.241355120837028,-0.255173855211898
256295433,"YKR050W","TRK2","","dma2987","Vph1_R1_Plate08",2,21,177,28,"S/G2 phase",1.51384896989151,1.65265086063376
256295450,"YKR050W","TRK2","","dma2987","Vph1_R1_Plate08",2,21,177,47,"T phase",1.97973647545526,2.64998181045447
256295497,"YKR050W","TRK2","","dma2987","Vph1_R1_Plate08",2,21,177,94,"T phase",2.87900770712482,2.85870539431104
256295616,"YKR050W","TRK2","","dma2987","Vph1_R1_Plate08",2,21,178,28,"S/G2 phase",-0.436377797584643,-0.164328801394804
256295642,"YKR050W","TRK2","","dma2987","Vph1_R1_Plate08",2,21,178,54,"S/G2 phase",2.18559374535552,2.35190630082797
256295685,"YKR050W","TRK2","","dma2987","Vph1_R1_Plate08",2,21,178,99,"S/G2 phase",0.538735586153434,0.513158403585444
256295694,"YKR050W","TRK2","","dma2987","Vph1_R1_Plate08",2,21,178,108,"S/G2 phase",1.25743026527891,1.30726676761809
256295720,"YKR050W","TRK2","","dma2987","Vph1_R1_Plate08",2,21,178,135,"S/G2 phase",-0.826423151079874,-0.82829926826386
256295734,"YKR050W","TRK2","","dma2987","Vph1_R1_Plate08",2,21,178,149,"S/G2 phase",-0.111340003005284,-0.0206741661200227
256295747,"YKR050W","TRK2","","dma2987","Vph1_R1_Plate08",2,21,178,162,"S/G2 phase",0.972119312259246,1.42640266864466
256295827,"YKR050W","TRK2","","dma2987","Vph1_R1_Plate08",2,21,179,18,"S/G2 phase",1.36577619680536,1.857366574469
256295877,"YKR050W","TRK2","","dma2987","Vph1_R1_Plate08",2,21,179,69,"S/G2 phase",1.52829509409504,1.69343683202743
256295911,"YKR050W","TRK2","","dma2987","Vph1_R1_Plate08",2,21,179,104,"T phase",3.15709559804271,3.66357999742063
256295948,"YKR050W","TRK2","","dma2987","Vph1_R1_Plate08",2,21,179,145,"S/G2 phase",0.737369793951931,0.679838645061272
256295966,"YKR050W","TRK2","","dma2987","Vph1_R1_Plate08",2,21,179,163,"S/G2 phase",1.08407677483658,1.18938823757861
256295972,"YKR050W","TRK2","","dma2987","Vph1_R1_Plate08",2,21,179,169,"T phase",1.26465332738067,1.53076446057294
256296045,"YKR050W","TRK2","","dma2987","Vph1_R1_Plate08",2,21,180,38,"S/G2 phase",2.57563909885075,2.18396868836506
256296075,"YKR050W","TRK2","","dma2987","Vph1_R1_Plate08",2,21,180,68,"S/G2 phase",0.289539943642592,0.418305479747009
256296103,"YKR050W","TRK2","","dma2987","Vph1_R1_Plate08",2,21,180,97,"S/G2 phase",0.361770564660227,0.545692877876342
256296123,"YKR050W","TRK2","","dma2987","Vph1_R1_Plate08",2,21,180,118,"S/G2 phase",0.990176967513654,1.13783602710801
256296126,"YKR050W","TRK2","","dma2987","Vph1_R1_Plate08",2,21,180,121,"G1 phase",-0.338866459210835,-0.536982127692953
256296222,"YKR050W","TRK2","","dma2987","Vph1_R1_Plate08",2,21,180,220,"S/G2 phase",2.2289321179661,2.02129631691057
256296245,"YKR050W","TRK2","","dma2987","Vph1_R1_Plate08",2,21,180,243,"MA-single",-1.08645338674336,-1.26327104410955
256349158,"YKR099W","BAS1","","dma3018","Vph1_R1_Plate08",8,11,715,8,"S/G2 phase",0.354547502558464,0.637795302680524
256360568,"YKR001C","VPS1","","dma2924","Vph1_R1_Plate08",8,16,733,5,"MA-single",-0.793919371621938,-0.572267101018105
256360572,"YKR001C","VPS1","","dma2924","Vph1_R1_Plate08",8,16,733,9,"MA-single",-1.0395034830819,-0.864841612576098
256360672,"YKR001C","VPS1","","dma2924","Vph1_R1_Plate08",8,16,734,12,"G1 phase",0.484562620390207,0.31394368781872
256360680,"YKR001C","VPS1","","dma2924","Vph1_R1_Plate08",8,16,734,20,"T phase",1.48495672148446,1.82758259921236
256360757,"YKR001C","VPS1","","dma2924","Vph1_R1_Plate08",8,16,735,3,"MA-single",-1.15146094565923,-1.14940038409141
256360987,"YKR001C","VPS1","","dma2924","Vph1_R1_Plate08",8,16,736,99,"G1 phase",-1.10812257304865,-1.2212277017288
256418400,"YLL009C","COX17","","dma3029","Vph1_R1_Plate08",10,9,897,37,"T phase",1.31160323104213,1.32754187478488
256418495,"YLL009C","COX17","","dma3029","Vph1_R1_Plate08",10,9,897,136,"S/G2 phase",-0.710854157451657,-0.67788626393348
256418549,"YLL009C","COX17","","dma3029","Vph1_R1_Plate08",10,9,897,191,"S/G2 phase",1.10574596114187,1.48872111819219
256418575,"YLL009C","COX17","","dma3029","Vph1_R1_Plate08",10,9,897,218,"S/G2 phase",-0.0896708166999934,-0.259181725233241
256418623,"YLL009C","COX17","","dma3029","Vph1_R1_Plate08",10,9,898,42,"S/G2 phase",1.66192174297766,1.93996013118333
256418624,"YLL009C","COX17","","dma3029","Vph1_R1_Plate08",10,9,898,43,"S/G2 phase",1.78471379870764,1.97524510450848
256418632,"YLL009C","COX17","","dma3029","Vph1_R1_Plate08",10,9,898,51,"S/G2 phase",1.34771854155095,1.53626545864145
256418654,"YLL009C","COX17","","dma3029","Vph1_R1_Plate08",10,9,898,73,"T phase",3.01624588705832,2.73406849521597
256418730,"YLL009C","COX17","","dma3029","Vph1_R1_Plate08",10,9,898,151,"S/G2 phase",-0.671127315891958,-0.44087183286743
256418738,"YLL009C","COX17","","dma3029","Vph1_R1_Plate08",10,9,898,161,"S/G2 phase",1.21770342371921,1.17437837142024
256418791,"YLL009C","COX17","","dma3029","Vph1_R1_Plate08",10,9,898,218,"T phase",6.1510548392237,4.53627404814625
256418793,"YLL009C","COX17","","dma3029","Vph1_R1_Plate08",10,9,898,220,"G1 phase",-0.580839039619913,-0.451638071944368
256418808,"YLL009C","COX17","","dma3029","Vph1_R1_Plate08",10,9,898,237,"S/G2 phase",2.44923551206989,2.2069942945661
256418817,"YLL009C","COX17","","dma3029","Vph1_R1_Plate08",10,9,898,246,"S/G2 phase",2.37339336000137,2.17445982027521
256418830,"YLL009C","COX17","","dma3029","Vph1_R1_Plate08",10,9,898,260,"T phase",0.390662813067281,0.65005466980463
256418879,"YLL009C","COX17","","dma3029","Vph1_R1_Plate08",10,9,899,11,"MA-single",-0.75780406111312,-0.902877084935506
256418975,"YLL009C","COX17","","dma3029","Vph1_R1_Plate08",10,9,899,109,"S/G2 phase",1.26104179632979,1.11481042090696
256419050,"YLL009C","COX17","","dma3029","Vph1_R1_Plate08",10,9,899,184,"T phase",2.48535082257871,2.04031405309027
256419092,"YLL009C","COX17","","dma3029","Vph1_R1_Plate08",10,9,899,227,"G1 phase",-1.1984108493207,-1.41093354940567
256419159,"YLL009C","COX17","","dma3029","Vph1_R1_Plate08",10,9,900,20,"S/G2 phase",0.199251667370548,0.178540549646703
256419180,"YLL009C","COX17","","dma3029","Vph1_R1_Plate08",10,9,900,41,"S/G2 phase",2.37700489105225,1.64864299061242
256419248,"YLL009C","COX17","","dma3029","Vph1_R1_Plate08",10,9,900,113,"S/G2 phase",1.43439528677211,1.51048935340615
256419254,"YLL009C","COX17","","dma3029","Vph1_R1_Plate08",10,9,900,119,"S/G2 phase",1.40911456941594,2.07834952544968
256419336,"YLL009C","COX17","","dma3029","Vph1_R1_Plate08",10,9,900,202,"S/G2 phase",-0.291916555549372,-0.206372143775553
256453151,"YKL127W","PGM1","","dma2853","Vph1_R1_Plate08",11,17,1025,210,"G1 phase",-0.884207647893982,-0.96244503544879
256453453,"YKL127W","PGM1","","dma2853","Vph1_R1_Plate08",11,17,1025,545,"MA-single",-1.63901763752827,-1.80260461188352
256453497,"YKL127W","PGM1","","dma2853","Vph1_R1_Plate08",11,17,1025,590,"S/G2 phase",-0.526666073856687,0.00235144008102269
256454336,"YKL127W","PGM1","","dma2853","Vph1_R1_Plate08",11,17,1026,665,"MA-single",-1.59567926491769,-1.88794866763211
256454933,"YKL127W","PGM1","","dma2853","Vph1_R1_Plate08",11,17,1027,387,"MA-single",-1.58845620281593,-1.77682850664822
256512965,"YKR102W","FLO10","","dma3015","Vph1_R1_Plate08",8,5,690,17,"T phase",1.47051059728093,2.23127727175423
256512998,"YKR102W","FLO10","","dma3015","Vph1_R1_Plate08",8,5,690,50,"MA-single",-0.663904253790194,-0.675135764899226
256513022,"YKR102W","FLO10","","dma3015","Vph1_R1_Plate08",8,5,690,74,"T phase",1.04434993327688,1.52125559248309
256513129,"YKR102W","FLO10","","dma3015","Vph1_R1_Plate08",8,5,691,82,"S/G2 phase",0.423166592525217,1.2354394499807
256513177,"YKR102W","FLO10","","dma3015","Vph1_R1_Plate08",8,5,692,41,"S/G2 phase",0.639858455578123,0.781449937955305
256513216,"YKR102W","FLO10","","dma3015","Vph1_R1_Plate08",8,5,692,82,"S/G2 phase",0.340101378354937,0.617520195513732
256513220,"YKR102W","FLO10","","dma3015","Vph1_R1_Plate08",8,5,692,86,"S/G2 phase",0.238978508930247,0.198815656813493
256513223,"YKR102W","FLO10","","dma3015","Vph1_R1_Plate08",8,5,692,89,"S/G2 phase",0.441224247779626,0.332961423998424
256575767,"YKL139W","CTK1","ctk1-supp1","dma2867","Vph1_R1_Plate08",13,21,1236,24,"G1 phase",-0.356924114465244,-0.490930915290862
256582100,"YKR048C","NAP1","","dma2953","Vph1_R1_Plate08",14,2,1254,5,"MA-single",-0.606119756976086,-0.700911870134526
256582247,"YLL045C","RPL8B","","dma3050","Vph1_R1_Plate08",14,3,1257,7,"S/G2 phase",1.40550303836506,1.37909408525548
256582273,"YLL045C","RPL8B","","dma3050","Vph1_R1_Plate08",14,3,1257,33,"S/G2 phase",2.58286216095251,2.26255437505804
256582334,"YLL045C","RPL8B","","dma3050","Vph1_R1_Plate08",14,3,1257,101,"S/G2 phase",-0.0138286646314764,0.0416442834275167
256582338,"YLL045C","RPL8B","","dma3050","Vph1_R1_Plate08",14,3,1257,105,"MA-single",0.582073958764015,0.415554980712753
256582341,"YLL045C","RPL8B","","dma3050","Vph1_R1_Plate08",14,3,1257,108,"MA phase",3.13542641173742,2.44950972370066
256582390,"YLL045C","RPL8B","","dma3050","Vph1_R1_Plate08",14,3,1257,161,"T phase",2.00862872386231,1.94420375826475
256582429,"YLL045C","RPL8B","","dma3050","Vph1_R1_Plate08",14,3,1257,203,"S/G2 phase",1.82805217131822,1.73948804442952
256582487,"YLL045C","RPL8B","","dma3050","Vph1_R1_Plate08",14,3,1257,264,"T phase",0.621800800323714,0.564710614056045
256582589,"YLL045C","RPL8B","","dma3050","Vph1_R1_Plate08",14,3,1258,88,"S/G2 phase",1.78832532975852,1.86137444449034
256582624,"YLL045C","RPL8B","","dma3050","Vph1_R1_Plate08",14,3,1258,123,"T phase",0.535124055102552,1.21241384377965
256582651,"YLL045C","RPL8B","","dma3050","Vph1_R1_Plate08",14,3,1258,151,"S/G2 phase",0.849327256529265,0.885811729883594
256582653,"YLL045C","RPL8B","","dma3050","Vph1_R1_Plate08",14,3,1258,153,"G1 phase",0.842104194427502,0.499641665474251
256582720,"YLL045C","RPL8B","","dma3050","Vph1_R1_Plate08",14,3,1258,220,"S/G2 phase",-0.591673632772559,-0.60605894629609
256582729,"YLL045C","RPL8B","","dma3050","Vph1_R1_Plate08",14,3,1258,229,"MA-single",-1.43677189867889,-1.71175955806643
256582750,"YLL045C","RPL8B","","dma3050","Vph1_R1_Plate08",14,3,1258,250,"S/G2 phase",1.01545768486983,1.137836027108
256582763,"YLL045C","RPL8B","","dma3050","Vph1_R1_Plate08",14,3,1258,263,"S/G2 phase",0.759038980257221,0.588993591244178
256582766,"YLL045C","RPL8B","","dma3050","Vph1_R1_Plate08",14,3,1258,266,"G1 phase",0.235366977879365,0.181055291620877
256582785,"YLL045C","RPL8B","","dma3050","Vph1_R1_Plate08",14,3,1259,8,"T phase",1.11296902324363,1.00369025992308
256582877,"YLL045C","RPL8B","","dma3050","Vph1_R1_Plate08",14,3,1259,100,"S/G2 phase",1.06601911958217,1.34781698195167
256582895,"YLL045C","RPL8B","","dma3050","Vph1_R1_Plate08",14,3,1259,120,"S/G2 phase",0.267870757337301,0.305927947776036
256582902,"YLL045C","RPL8B","","dma3050","Vph1_R1_Plate08",14,3,1259,127,"G1 phase",-0.331643397109072,-0.320242803793693
256582915,"YLL045C","RPL8B","","dma3050","Vph1_R1_Plate08",14,3,1259,140,"S/G2 phase",1.2971571068386,1.30302314053666
256582925,"YLL045C","RPL8B","","dma3050","Vph1_R1_Plate08",14,3,1259,150,"S/G2 phase",0.152301763709085,0.601252958368284
256583051,"YLL045C","RPL8B","","dma3050","Vph1_R1_Plate08",14,3,1260,49,"S/G2 phase",0.419555061474335,0.27740134350648
256583105,"YLL045C","RPL8B","","dma3050","Vph1_R1_Plate08",14,3,1260,104,"S/G2 phase",0.733758262901049,0.784200436989561
256583137,"YLL045C","RPL8B","","dma3050","Vph1_R1_Plate08",14,3,1260,136,"G1 phase",0.112574922149385,-0.107511349915774
256583139,"YLL045C","RPL8B","","dma3050","Vph1_R1_Plate08",14,3,1260,138,"S/G2 phase",1.20686883056656,1.24494831807055
256583150,"YLL045C","RPL8B","","dma3050","Vph1_R1_Plate08",14,3,1260,149,"S/G2 phase",3.40990277160444,2.45226022273492
256583174,"YLL045C","RPL8B","","dma3050","Vph1_R1_Plate08",14,3,1260,173,"S/G2 phase",2.43840091891724,1.84109933732355
256583190,"YLL045C","RPL8B","","dma3050","Vph1_R1_Plate08",14,3,1260,189,"G1 phase",0.116186453200267,-0.00590005702174079
256583198,"YLL045C","RPL8B","","dma3050","Vph1_R1_Plate08",14,3,1260,198,"S/G2 phase",1.84249829552175,2.69878352189082
256586648,"YLL043W","FPS1","","dma3052","Vph1_R1_Plate08",14,7,1273,10,"G1 phase",0.213697791574075,0.0091098091366201
256613080,"YKR092C","SRP40","","dma3002","Vph1_R1_Plate08",6,3,489,98,"S/G2 phase",0.903500222292492,0.942629181362624
256613130,"YKR092C","SRP40","","dma3002","Vph1_R1_Plate08",6,3,489,148,"MA-single",-1.35731821555949,-1.60063939708255
256613184,"YKR092C","SRP40","","dma3002","Vph1_R1_Plate08",6,3,489,204,"S/G2 phase",1.30076863788949,0.957639047520985
256613267,"YKR092C","SRP40","","dma3002","Vph1_R1_Plate08",6,3,490,42,"S/G2 phase",0.116186453200267,-0.152069434270697
256613396,"YKR092C","SRP40","","dma3002","Vph1_R1_Plate08",6,3,490,173,"S/G2 phase",0.982953905411891,1.04023260423532
256613431,"YKR092C","SRP40","","dma3002","Vph1_R1_Plate08",6,3,490,211,"S/G2 phase",2.25782436637315,2.85469752428971
256613537,"YKR092C","SRP40","","dma3002","Vph1_R1_Plate08",6,3,491,88,"S/G2 phase",2.42034326366283,2.42797724554678
256613541,"YKR092C","SRP40","","dma3002","Vph1_R1_Plate08",6,3,491,92,"S/G2 phase",2.73093493403867,2.59992272803104
256613569,"YKR092C","SRP40","","dma3002","Vph1_R1_Plate08",6,3,491,120,"S/G2 phase",0.852938787580147,0.643296300749033
256613617,"YKR092C","SRP40","","dma3002","Vph1_R1_Plate08",6,3,491,170,"S/G2 phase",4.48975055581808,4.03348282468452
256613639,"YKR092C","SRP40","","dma3002","Vph1_R1_Plate08",6,3,491,192,"S/G2 phase",2.05196709647289,1.94396800120467
256613663,"YKR092C","SRP40","","dma3002","Vph1_R1_Plate08",6,3,492,3,"S/G2 phase",2.45284704312077,1.96172836639729
256613709,"YKR092C","SRP40","","dma3002","Vph1_R1_Plate08",6,3,492,50,"S/G2 phase",1.03351534012424,1.37634358622122
256613731,"YKR092C","SRP40","","dma3002","Vph1_R1_Plate08",6,3,492,73,"S/G2 phase",2.97651904549863,3.1717907700959
256613765,"YKR092C","SRP40","","dma3002","Vph1_R1_Plate08",6,3,492,107,"T phase",4.05636682971227,4.12432787850161
256613778,"YKR092C","SRP40","","dma3002","Vph1_R1_Plate08",6,3,492,120,"S/G2 phase",3.4568526752659,3.02813613482113
256613861,"YKR092C","SRP40","","dma3002","Vph1_R1_Plate08",6,3,492,209,"S/G2 phase",2.73815799614043,2.34389056078529
256613869,"YKR092C","SRP40","","dma3002","Vph1_R1_Plate08",6,3,492,217,"S/G2 phase",3.82522884245584,4.06200942895407
256613875,"YKR092C","SRP40","","dma3002","Vph1_R1_Plate08",6,3,492,223,"T phase",5.80434785833905,4.26523201474214
256613876,"YKR092C","SRP40","","dma3002","Vph1_R1_Plate08",6,3,492,224,"T phase",2.95484985919333,2.56613088275305
256624562,"YLL042C","ATG10","","dma3053","Vph1_R1_Plate08",14,9,1281,190,"MA phase",2.06641322067642,2.18396868836506
256624670,"YLL042C","ATG10","","dma3053","Vph1_R1_Plate08",14,9,1282,28,"S/G2 phase",2.59730828515604,2.09587413358222
256624681,"YLL042C","ATG10","","dma3053","Vph1_R1_Plate08",14,9,1282,39,"G1 phase",-0.338866459210835,-0.29572406954548
256624716,"YLL042C","ATG10","","dma3053","Vph1_R1_Plate08",14,9,1282,74,"G1 phase",-0.649458129586667,-0.485429917222353
256624757,"YLL042C","ATG10","","dma3053","Vph1_R1_Plate08",14,9,1282,115,"S/G2 phase",1.23576107897361,1.31677563570794
256624803,"YLL042C","ATG10","","dma3053","Vph1_R1_Plate08",14,9,1282,162,"T phase",1.05879605748041,1.05524247039368
256624917,"YLL042C","ATG10","","dma3053","Vph1_R1_Plate08",14,9,1283,6,"S/G2 phase",0.20286319842143,0.361488028267979
256624922,"YLL042C","ATG10","","dma3053","Vph1_R1_Plate08",14,9,1283,11,"MA-single",-0.472493108093461,-0.625076682475793
256624967,"YLL042C","ATG10","","dma3053","Vph1_R1_Plate08",14,9,1283,57,"T phase",1.87861360603057,2.12840860787311
256625018,"YLL042C","ATG10","","dma3053","Vph1_R1_Plate08",14,9,1283,109,"S/G2 phase",0.708477545544877,0.843768387502845
256625051,"YLL042C","ATG10","","dma3053","Vph1_R1_Plate08",14,9,1283,142,"T phase",3.20043397065329,2.29233835031469
256625116,"YLL042C","ATG10","","dma3053","Vph1_R1_Plate08",14,9,1283,212,"T phase",2.48173929152782,2.2069942945661
256625124,"YLL042C","ATG10","","dma3053","Vph1_R1_Plate08",14,9,1283,220,"S/G2 phase",1.48134519043357,1.31402513667368
256625144,"YLL042C","ATG10","","dma3053","Vph1_R1_Plate08",14,9,1283,240,"S/G2 phase",3.38101052319738,3.73139944503667
256625163,"YLL042C","ATG10","","dma3053","Vph1_R1_Plate08",14,9,1283,259,"S/G2 phase",0.32565525415141,1.01720699803427
256625165,"YLL042C","ATG10","","dma3053","Vph1_R1_Plate08",14,9,1283,261,"MA-single",0.188417074217902,0.159522813466999
256625192,"YLL042C","ATG10","","dma3053","Vph1_R1_Plate08",14,9,1284,23,"S/G2 phase",1.02268074697159,1.16211900429614
256625208,"YLL042C","ATG10","","dma3053","Vph1_R1_Plate08",14,9,1284,39,"S/G2 phase",2.63703512671574,2.34915580179371
256625220,"YLL042C","ATG10","","dma3053","Vph1_R1_Plate08",14,9,1284,53,"G1 phase",-0.754192530062238,-0.886609847790057
256625391,"YLL042C","ATG10","","dma3053","Vph1_R1_Plate08",14,9,1284,226,"T phase",4.25138950645989,3.03890237389807
256625408,"YLL042C","ATG10","","dma3053","Vph1_R1_Plate08",14,9,1284,245,"T phase",3.02708048021097,2.498311435137
256625463,"YLL042C","ATG10","","dma3053","Vph1_R1_Plate08",14,9,1284,301,"S/G2 phase",1.51384896989151,1.78553925683161
256627983,"YLL041C","SDH2","","dma3054","Vph1_R1_Plate08",14,11,1289,39,"S/G2 phase",2.82483474136159,2.37218140799476
256628027,"YLL041C","SDH2","","dma3054","Vph1_R1_Plate08",14,11,1289,83,"MA phase",2.01946331701496,2.03080518500042
256628050,"YLL041C","SDH2","","dma3054","Vph1_R1_Plate08",14,11,1289,108,"MA phase",0.488174151441089,1.10679468086428
256628111,"YLL041C","SDH2","","dma3054","Vph1_R1_Plate08",14,11,1290,62,"S/G2 phase",-0.259412776091436,0.22584913303588
256628112,"YLL041C","SDH2","","dma3054","Vph1_R1_Plate08",14,11,1290,63,"S/G2 phase",0.513454868797261,0.679838645061273
256628114,"YLL041C","SDH2","","dma3054","Vph1_R1_Plate08",14,11,1290,65,"S/G2 phase",0.842104194427502,1.44141253480302
256628169,"YLL041C","SDH2","","dma3054","Vph1_R1_Plate08",14,11,1291,5,"S/G2 phase",1.36577619680536,0.965654787563669
256628214,"YLL041C","SDH2","","dma3054","Vph1_R1_Plate08",14,11,1291,51,"T phase",1.61136030826532,1.52400609151735
256628219,"YLL041C","SDH2","","dma3054","Vph1_R1_Plate08",14,11,1291,56,"T phase",2.78510789980189,2.45226022273491
256628232,"YLL041C","SDH2","","dma3054","Vph1_R1_Plate08",14,11,1291,69,"S/G2 phase",1.0010115606663,0.804475544156352
256628329,"YLL041C","SDH2","","dma3054","Vph1_R1_Plate08",14,11,1292,64,"MA phase",3.44601808211325,2.74632786234007
256628336,"YLL041C","SDH2","","dma3054","Vph1_R1_Plate08",14,11,1292,71,"S/G2 phase",3.21126856380594,2.67725104373694
256628377,"YLL041C","SDH2","","dma3054","Vph1_R1_Plate08",14,11,1292,112,"G1 phase",-0.129397658259693,-0.309240807656674
256631923,"YKR042W","UTH1","","dma2959","Vph1_R1_Plate08",14,14,1302,157,"S/G2 phase",0.275093819439065,0.487382298350145
256632290,"YKR042W","UTH1","","dma2959","Vph1_R1_Plate08",14,14,1303,164,"S/G2 phase",3.60131391730117,2.30184721840454
256632306,"YKR042W","UTH1","","dma2959","Vph1_R1_Plate08",14,14,1303,185,"S/G2 phase",1.87500207497969,1.48345587718377
256632697,"YKR042W","UTH1","","dma2959","Vph1_R1_Plate08",14,14,1304,177,"S/G2 phase",2.96568445234598,3.12298905865956
256633014,"YLL039C","UBI4","","dma3056","Vph1_R1_Plate08",14,15,1305,21,"G1 phase",-0.234132058735264,-0.0654680075350259
256633056,"YLL039C","UBI4","","dma3056","Vph1_R1_Plate08",14,15,1305,63,"S/G2 phase",0.665139172934295,1.11080255088562
256633062,"YLL039C","UBI4","","dma3056","Vph1_R1_Plate08",14,15,1305,69,"S/G2 phase",2.46368163627341,2.23001990076715
256633132,"YLL039C","UBI4","","dma3056","Vph1_R1_Plate08",14,15,1305,139,"S/G2 phase",2.4672931673243,2.1229076098046
256633175,"YLL039C","UBI4","","dma3056","Vph1_R1_Plate08",14,15,1306,34,"S/G2 phase",1.82805217131822,1.54027332866279
256633181,"YLL039C","UBI4","","dma3056","Vph1_R1_Plate08",14,15,1306,40,"S/G2 phase",-0.284693493447609,-0.228140378989511
256633196,"YLL039C","UBI4","","dma3056","Vph1_R1_Plate08",14,15,1306,55,"T phase",4.12859745072991,3.20959048539524
256633233,"YLL039C","UBI4","","dma3056","Vph1_R1_Plate08",14,15,1306,92,"MA phase",1.5355181561968,1.80455699301131
256633270,"YLL039C","UBI4","","dma3056","Vph1_R1_Plate08",14,15,1306,130,"T phase",1.66553327402854,2.239528768857
256633276,"YLL039C","UBI4","","dma3056","Vph1_R1_Plate08",14,15,1306,136,"S/G2 phase",2.56841603674899,2.15143421407416
256633336,"YLL039C","UBI4","","dma3056","Vph1_R1_Plate08",14,15,1307,38,"T phase",2.60091981620692,2.31135608649439
256633476,"YLL039C","UBI4","","dma3056","Vph1_R1_Plate08",14,15,1308,39,"S/G2 phase",-0.439989328635525,-0.0980024818259224
256633509,"YLL039C","UBI4","","dma3056","Vph1_R1_Plate08",14,15,1308,72,"S/G2 phase",0.672362235036059,0.594494589312687
256633519,"YLL039C","UBI4","","dma3056","Vph1_R1_Plate08",14,15,1308,82,"S/G2 phase",2.31922039423814,1.69618733106168
256633551,"YLL039C","UBI4","","dma3056","Vph1_R1_Plate08",14,15,1308,115,"S/G2 phase",1.92195197864115,1.41563642956772
256633563,"YLL039C","UBI4","","dma3056","Vph1_R1_Plate08",14,15,1308,129,"S/G2 phase",2.35894723579784,2.00777957879938
256633573,"YLL039C","UBI4","","dma3056","Vph1_R1_Plate08",14,15,1308,139,"G1 phase",-0.0824477545982299,-0.0980024818259224
256633577,"YLL039C","UBI4","","dma3056","Vph1_R1_Plate08",14,15,1308,143,"S/G2 phase",1.43078375572123,1.37233571619988
256633583,"YLL039C","UBI4","","dma3056","Vph1_R1_Plate08",14,15,1308,149,"S/G2 phase",1.4957913146371,1.06875920850487
256633608,"YLL039C","UBI4","","dma3056","Vph1_R1_Plate08",14,15,1308,174,"T phase",2.53952378834193,2.79638694476351
256637686,"YLL032C","","","dma3058","Vph1_R1_Plate08",14,19,1321,15,"T phase",2.61175440935957,2.1554420840955
256637737,"YLL032C","","","dma3058","Vph1_R1_Plate08",14,19,1321,66,"S/G2 phase",0.376216688863754,0.597245088346942
256637753,"YLL032C","","","dma3058","Vph1_R1_Plate08",14,19,1321,82,"MA phase",0.917946346496019,1.43316103770025
256637765,"YLL032C","","","dma3058","Vph1_R1_Plate08",14,19,1321,94,"S/G2 phase",1.06963065063305,1.21241384377965
256637796,"YLL032C","","","dma3058","Vph1_R1_Plate08",14,19,1321,126,"MA-single",-0.746969467960475,-0.779497556827515
256637810,"YLL032C","","","dma3058","Vph1_R1_Plate08",14,19,1321,140,"MA-single",-0.725300281655184,-0.782248055861769
256637846,"YLL032C","","","dma3058","Vph1_R1_Plate08",14,19,1321,177,"S/G2 phase",0.762650511308103,0.876302861793742
256637847,"YLL032C","","","dma3058","Vph1_R1_Plate08",14,19,1321,178,"T phase",4.5655927078866,3.88982818940974
256637853,"YLL032C","","","dma3058","Vph1_R1_Plate08",14,19,1321,184,"S/G2 phase",0.0800711426914495,0.739406595574557
256637862,"YLL032C","","","dma3058","Vph1_R1_Plate08",14,19,1321,193,"T phase",0.759038980257221,1.09579268472726
256637902,"YLL032C","","","dma3058","Vph1_R1_Plate08",14,19,1321,236,"S/G2 phase",1.39827997626329,1.7990559949428
256637922,"YLL032C","","","dma3058","Vph1_R1_Plate08",14,19,1321,256,"S/G2 phase",1.01545768486983,1.36282684811003
256637923,"YLL032C","","","dma3058","Vph1_R1_Plate08",14,19,1321,257,"S/G2 phase",1.19242270636303,1.67716959488198
256637994,"YLL032C","","","dma3058","Vph1_R1_Plate08",14,19,1322,42,"MA phase",1.34771854155095,1.66891809777922
256638008,"YLL032C","","","dma3058","Vph1_R1_Plate08",14,19,1322,58,"S/G2 phase",1.83166370236911,1.54703169771839
256638016,"YLL032C","","","dma3058","Vph1_R1_Plate08",14,19,1322,66,"S/G2 phase",0.668750703985177,0.659563537894482
256638198,"YLL032C","","","dma3058","Vph1_R1_Plate08",14,19,1323,26,"S/G2 phase",0.589297020865778,0.441331085948054
256638229,"YLL032C","","","dma3058","Vph1_R1_Plate08",14,19,1323,57,"T phase",1.88944819918321,1.91693452498229
256638234,"YLL032C","","","dma3058","Vph1_R1_Plate08",14,19,1323,62,"S/G2 phase",4.42474299690221,3.30593653728084
256638242,"YLL032C","","","dma3058","Vph1_R1_Plate08",14,19,1323,70,"S/G2 phase",2.32283192528903,2.64196607041179
256638286,"YLL032C","","","dma3058","Vph1_R1_Plate08",14,19,1323,115,"G1 phase",0.336489847304055,0.16903168155685
256638295,"YLL032C","","","dma3058","Vph1_R1_Plate08",14,19,1323,124,"S/G2 phase",1.56079887355297,1.73673754539526
256638311,"YLL032C","","","dma3058","Vph1_R1_Plate08",14,19,1323,141,"S/G2 phase",1.47773365938269,1.17437837142025
256638321,"YLL032C","","","dma3058","Vph1_R1_Plate08",14,19,1323,151,"MA-single",-0.0824477545982299,-0.0912441127703256
256638330,"YLL032C","","","dma3058","Vph1_R1_Plate08",14,19,1323,160,"S/G2 phase",3.09208803912684,3.14601466486061
256638354,"YLL032C","","","dma3058","Vph1_R1_Plate08",14,19,1323,184,"S/G2 phase",2.31922039423814,1.78553925683161
256638356,"YLL032C","","","dma3058","Vph1_R1_Plate08",14,19,1323,186,"S/G2 phase",0.199251667370548,0.201566155847747
256638369,"YLL032C","","","dma3058","Vph1_R1_Plate08",14,19,1323,200,"S/G2 phase",1.26104179632979,1.21642171380099
256638379,"YLL032C","","","dma3058","Vph1_R1_Plate08",14,19,1323,210,"S/G2 phase",0.892665629139847,0.67032977697142
256638381,"YLL032C","","","dma3058","Vph1_R1_Plate08",14,19,1323,212,"MA phase",2.80677708610718,2.55387151562895
256638398,"YLL032C","","","dma3058","Vph1_R1_Plate08",14,19,1323,230,"S/G2 phase",0.192028605268784,0.136497207265953
256638415,"YLL032C","","","dma3058","Vph1_R1_Plate08",14,19,1323,247,"S/G2 phase",1.17436505110862,0.98066465372203
256638461,"YLL032C","","","dma3058","Vph1_R1_Plate08",14,19,1324,48,"S/G2 phase",0.361770564660227,0.346478162109617
256638482,"YLL032C","","","dma3058","Vph1_R1_Plate08",14,19,1324,69,"MA-single",-0.992553579420435,-1.11285803977917
256638492,"YLL032C","","","dma3058","Vph1_R1_Plate08",14,19,1324,79,"S/G2 phase",3.26544152956917,2.93328321098269
256638516,"YLL032C","","","dma3058","Vph1_R1_Plate08",14,19,1324,104,"S/G2 phase",0.683196828188704,1.01995749706852
256638530,"YLL032C","","","dma3058","Vph1_R1_Plate08",14,19,1324,120,"S/G2 phase",2.48173929152782,2.20023592551051
256638612,"YLL032C","","","dma3058","Vph1_R1_Plate08",14,19,1324,205,"S/G2 phase",1.71248317769001,1.80054912298997
256638616,"YLL032C","","","dma3058","Vph1_R1_Plate08",14,19,1324,209,"S/G2 phase",3.93718630503317,3.70562333980137
256638624,"YLL032C","","","dma3058","Vph1_R1_Plate08",14,19,1324,217,"S/G2 phase",2.03390944121848,1.91017615592669
256640824,"YLL029W","FRA1","","dma3059","Vph1_R1_Plate08",14,21,1329,41,"S/G2 phase",-0.624177412230495,-0.618318313420196
256640825,"YLL029W","FRA1","","dma3059","Vph1_R1_Plate08",14,21,1329,42,"S/G2 phase",1.82082910921646,1.72047030824982
256640828,"YLL029W","FRA1","","dma3059","Vph1_R1_Plate08",14,21,1329,45,"T phase",4.2297203201546,3.43332393541017
256640868,"YLL029W","FRA1","","dma3059","Vph1_R1_Plate08",14,21,1329,85,"G1 phase",-1.06839573148895,-1.00173787879528
256640915,"YLL029W","FRA1","","dma3059","Vph1_R1_Plate08",14,21,1329,133,"S/G2 phase",3.42073736475708,2.16495095218536
256640918,"YLL029W","FRA1","","dma3059","Vph1_R1_Plate08",14,21,1329,136,"S/G2 phase",0.93961553280131,0.999682389901733
256640951,"YLL029W","FRA1","","dma3059","Vph1_R1_Plate08",14,21,1330,31,"S/G2 phase",1.83166370236911,1.66766072679213
256640960,"YLL029W","FRA1","","dma3059","Vph1_R1_Plate08",14,21,1330,40,"S/G2 phase",0.383439750965518,0.430564846871115
256640967,"YLL029W","FRA1","","dma3059","Vph1_R1_Plate08",14,21,1330,47,"S/G2 phase",1.05157299537864,0.879053360827998
256640975,"YLL029W","FRA1","","dma3059","Vph1_R1_Plate08",14,21,1330,55,"S/G2 phase",1.13463820954892,1.7800382587631
256641019,"YLL029W","FRA1","","dma3059","Vph1_R1_Plate08",14,21,1330,99,"S/G2 phase",3.90829405662612,2.84919652622119
256641041,"YLL029W","FRA1","","dma3059","Vph1_R1_Plate08",14,21,1330,122,"S/G2 phase",1.44884141097564,1.137836027108
256641066,"YLL029W","FRA1","","dma3059","Vph1_R1_Plate08",14,21,1330,147,"S/G2 phase",0.50984333774638,0.800467674135009
256641072,"YLL029W","FRA1","","dma3059","Vph1_R1_Plate08",14,21,1330,153,"T phase",1.97973647545526,2.35064892984088
256641107,"YLL029W","FRA1","","dma3059","Vph1_R1_Plate08",14,21,1331,23,"S/G2 phase",-0.306362679752899,-0.203621644741298
256641326,"YLL029W","FRA1","","dma3059","Vph1_R1_Plate08",14,21,1332,77,"T phase",4.32362012747752,3.62153665503988
256641349,"YLL029W","FRA1","","dma3059","Vph1_R1_Plate08",14,21,1332,100,"S/G2 phase",1.20325729951568,1.28549853240413
256641358,"YLL029W","FRA1","","dma3059","Vph1_R1_Plate08",14,21,1332,109,"T phase",4.68838476361658,3.92236266370064
256641369,"YLL029W","FRA1","","dma3059","Vph1_R1_Plate08",14,21,1332,120,"S/G2 phase",2.77788483770013,2.71505075903626
256643492,"YLL028W","TPO1","","dma3060","Vph1_R1_Plate08",14,23,1337,32,"MA-single",0.318432192049646,0.0769292567526692
256643569,"YLL028W","TPO1","","dma3060","Vph1_R1_Plate08",14,23,1337,109,"MA phase",1.39466844521241,1.51724772246175
256643627,"YLL028W","TPO1","","dma3060","Vph1_R1_Plate08",14,23,1337,168,"S/G2 phase",0.856550318631029,1.17437837142024
256643717,"YLL028W","TPO1","","dma3060","Vph1_R1_Plate08",14,23,1338,19,"T phase",2.63342359566486,2.81815517997746
256643723,"YLL028W","TPO1","","dma3060","Vph1_R1_Plate08",14,23,1338,25,"S/G2 phase",2.48173929152782,2.40746638131991
256643725,"YLL028W","TPO1","","dma3060","Vph1_R1_Plate08",14,23,1338,27,"S/G2 phase",1.41994916256858,1.13783602710801
256643738,"YLL028W","TPO1","","dma3060","Vph1_R1_Plate08",14,23,1338,40,"S/G2 phase",3.0017997628548,2.5633803837188
256643769,"YLL028W","TPO1","","dma3060","Vph1_R1_Plate08",14,23,1338,74,"S/G2 phase",2.40589713945931,1.62035214340295
256643784,"YLL028W","TPO1","","dma3060","Vph1_R1_Plate08",14,23,1338,89,"T phase",3.24738387431476,3.01186889767568
256643798,"YLL028W","TPO1","","dma3060","Vph1_R1_Plate08",14,23,1338,103,"S/G2 phase",0.307597598897001,0.133746708231699
256643882,"YLL028W","TPO1","","dma3060","Vph1_R1_Plate08",14,23,1338,192,"S/G2 phase",0.863773380732793,0.763925329822771
256643903,"YLL028W","TPO1","","dma3060","Vph1_R1_Plate08",14,23,1338,213,"S/G2 phase",0.462893434084917,0.258383607326778
256643942,"YLL028W","TPO1","","dma3060","Vph1_R1_Plate08",14,23,1338,252,"G1 phase",-0.468881577042579,-0.455645941965711
256643985,"YLL028W","TPO1","","dma3060","Vph1_R1_Plate08",14,23,1339,38,"MA-single",0.53151252405167,0.612019197445223
256643987,"YLL028W","TPO1","","dma3060","Vph1_R1_Plate08",14,23,1339,41,"G1 phase",0.213697791574075,0.129738838210356
256644002,"YLL028W","TPO1","","dma3060","Vph1_R1_Plate08",14,23,1339,56,"T phase",2.48896235362959,2.97933442338478
256644112,"YLL028W","TPO1","","dma3060","Vph1_R1_Plate08",14,23,1339,167,"S/G2 phase",0.618189269272833,1.00243288893599
256644169,"YLL028W","TPO1","","dma3060","Vph1_R1_Plate08",14,23,1339,224,"S/G2 phase",1.40911456941594,1.16086163330905
256644175,"YLL028W","TPO1","","dma3060","Vph1_R1_Plate08",14,23,1339,230,"S/G2 phase",1.56079887355297,1.26097979815592
256644197,"YLL028W","TPO1","","dma3060","Vph1_R1_Plate08",14,23,1339,255,"S/G2 phase",0.59290855191666,1.10129368279577
256644199,"YLL028W","TPO1","","dma3060","Vph1_R1_Plate08",14,23,1339,257,"T phase",2.80677708610718,2.80864631188761
256644219,"YLL028W","TPO1","","dma3060","Vph1_R1_Plate08",14,23,1340,13,"S/G2 phase",1.67636786718119,1.60935014726593
256644237,"YLL028W","TPO1","","dma3060","Vph1_R1_Plate08",14,23,1340,33,"S/G2 phase",1.99418259965878,2.73807636523731
256644278,"YLL028W","TPO1","","dma3060","Vph1_R1_Plate08",14,23,1340,76,"S/G2 phase",1.16714198900686,0.945379680396879
256644297,"YLL028W","TPO1","","dma3060","Vph1_R1_Plate08",14,23,1340,96,"S/G2 phase",2.14586690379582,2.26931274411364
256644315,"YLL028W","TPO1","","dma3060","Vph1_R1_Plate08",14,23,1340,114,"S/G2 phase",2.37700489105225,1.73673754539527
256644330,"YLL028W","TPO1","","dma3060","Vph1_R1_Plate08",14,23,1340,131,"T phase",4.19360500964578,3.24762595775464
256644343,"YLL028W","TPO1","","dma3060","Vph1_R1_Plate08",14,23,1340,144,"S/G2 phase",2.94040373498981,2.23127727175423
256644440,"YLL028W","TPO1","","dma3060","Vph1_R1_Plate08",14,23,1340,243,"S/G2 phase",2.91512301763363,2.93454058196979
256644464,"YLL028W","TPO1","","dma3060","Vph1_R1_Plate08",14,23,1340,267,"T phase",2.03390944121848,1.80982223401974
256644466,"YLL028W","TPO1","","dma3060","Vph1_R1_Plate08",14,23,1340,269,"S/G2 phase",0.329266785202291,0.538934508820744
256703939,"YKL041W","VPS24","","dma2763","Vph1_R1_Plate08",13,6,1173,191,"S/G2 phase",1.47412212833181,1.30050839856249
256703960,"YKL041W","VPS24","","dma2763","Vph1_R1_Plate08",13,6,1173,213,"G1 phase",-0.602508225925204,-0.546490995782805
256704153,"YKL041W","VPS24","","dma2763","Vph1_R1_Plate08",13,6,1173,417,"MA-single",-0.660292722739312,-0.677886263933481
256704345,"YKL041W","VPS24","","dma2763","Vph1_R1_Plate08",13,6,1174,138,"S/G2 phase",0.0620134874370407,0.25712623633969
256704346,"YKL041W","VPS24","","dma2763","Vph1_R1_Plate08",13,6,1174,139,"S/G2 phase",0.0909057358440948,0.808483414177693
256704362,"YKL041W","VPS24","","dma2763","Vph1_R1_Plate08",13,6,1174,156,"S/G2 phase",-0.147455313514102,0.42231334976835
256704454,"YKL041W","VPS24","","dma2763","Vph1_R1_Plate08",13,6,1174,252,"S/G2 phase",-0.212462872429973,0.299169578720439
256704560,"YKL041W","VPS24","","dma2763","Vph1_R1_Plate08",13,6,1175,29,"S/G2 phase",0.679585297137823,1.53752282962854
256704571,"YKL041W","VPS24","","dma2763","Vph1_R1_Plate08",13,6,1175,41,"S/G2 phase",2.65509278197015,2.49705406414992
256704585,"YKL041W","VPS24","","dma2763","Vph1_R1_Plate08",13,6,1175,55,"T phase",3.35934133689209,2.64196607041179
256704692,"YKL041W","VPS24","","dma2763","Vph1_R1_Plate08",13,6,1175,170,"S/G2 phase",-0.0354978509367669,0.232607502091477
256704726,"YKL041W","VPS24","","dma2763","Vph1_R1_Plate08",13,6,1175,207,"S/G2 phase",-0.212462872429973,0.33971979305402
256704742,"YKL041W","VPS24","","dma2763","Vph1_R1_Plate08",13,6,1175,224,"S/G2 phase",3.08486497702508,3.63230289411682
256704789,"YKL041W","VPS24","","dma2763","Vph1_R1_Plate08",13,6,1175,273,"G1 phase",-0.237743589786146,-0.0722263765906227
256704983,"YKL041W","VPS24","","dma2763","Vph1_R1_Plate08",13,6,1176,47,"S/G2 phase",0.213697791574075,0.307185318763123
256705046,"YKL041W","VPS24","","dma2763","Vph1_R1_Plate08",13,6,1176,112,"G1 phase",-0.645846598535785,-0.507198152436311
256705107,"YKL041W","VPS24","","dma2763","Vph1_R1_Plate08",13,6,1176,179,"G1 phase",-1.01061123467484,-1.01800511594073
256705109,"YKL041W","VPS24","","dma2763","Vph1_R1_Plate08",13,6,1176,181,"S/G2 phase",1.040738402226,1.20416234667689
256705110,"YKL041W","VPS24","","dma2763","Vph1_R1_Plate08",13,6,1176,182,"S/G2 phase",-0.299139617651136,0.0348859143719198
256705211,"YKL041W","VPS24","","dma2763","Vph1_R1_Plate08",13,6,1176,290,"S/G2 phase",2.31922039423814,2.69603302285656
256705228,"YKL041W","VPS24","","dma2763","Vph1_R1_Plate08",13,6,1176,308,"T phase",-0.049943975140294,0.624278564569329
256705284,"YKL041W","VPS24","","dma2763","Vph1_R1_Plate08",13,6,1176,369,"S/G2 phase",0.278705350489947,0.460348822127757
256705333,"YKL041W","VPS24","","dma2763","Vph1_R1_Plate08",13,6,1176,421,"T phase",2.40228560840842,2.20550116651893
256776105,"YLR011W","LOT6","","dma3097","Vph1_R1_Plate09",5,2,389,3,"G1 phase",-0.43620510018962,-0.621074156803528
256776137,"YLR011W","LOT6","","dma3097","Vph1_R1_Plate09",5,2,389,36,"G1 phase",1.45857071694925,1.33858451042414
256776144,"YLR011W","LOT6","","dma3097","Vph1_R1_Plate09",5,2,389,43,"G1 phase",-0.0847221660934966,0.130662677270726
256776154,"YLR011W","LOT6","","dma3097","Vph1_R1_Plate09",5,2,389,55,"G1 phase",-0.403884830387677,-0.0924435183042115
256776160,"YLR011W","LOT6","","dma3097","Vph1_R1_Plate09",5,2,389,61,"G1 phase",-1.32097248601779,-1.4368499690683
256776162,"YLR011W","LOT6","","dma3097","Vph1_R1_Plate09",5,2,389,63,"G1 phase",-0.68264715742943,-0.693519796223687
256776165,"YLR011W","LOT6","","dma3097","Vph1_R1_Plate09",5,2,389,68,"G1 phase",-1.18361133935954,-1.18671058836275
256776176,"YLR011W","LOT6","","dma3097","Vph1_R1_Plate09",5,2,389,79,"G1 phase",0.824285422086132,0.964817758694423
256776187,"YLR011W","LOT6","","dma3097","Vph1_R1_Plate09",5,2,389,90,"G1 phase",-1.29673228366633,-1.41270142259491
256776193,"YLR011W","LOT6","","dma3097","Vph1_R1_Plate09",5,2,389,96,"G1 phase",-1.17957130563429,-1.07305582526787
256776229,"YLR011W","LOT6","","dma3097","Vph1_R1_Plate09",5,2,389,137,"G1 phase",-0.888688877416812,-0.754674135756973
256776238,"YLR011W","LOT6","","dma3097","Vph1_R1_Plate09",5,2,389,146,"G1 phase",-1.17957130563429,-1.18250725774792
256776259,"YLR011W","LOT6","","dma3097","Vph1_R1_Plate09",5,2,389,171,"G1 phase",-1.26845204758964,-1.2449802892388
256776270,"YLR011W","LOT6","","dma3097","Vph1_R1_Plate09",5,2,389,182,"G1 phase",-0.735167595857586,-0.425001146359208
256776277,"YLR011W","LOT6","","dma3097","Vph1_R1_Plate09",5,2,389,189,"G1 phase",-1.41389326169838,-1.40272881466563
256776312,"YLR011W","LOT6","","dma3097","Vph1_R1_Plate09",5,2,389,226,"G1 phase",-1.26037198013915,-1.28330477425629
256776315,"YLR011W","LOT6","","dma3097","Vph1_R1_Plate09",5,2,389,230,"G1 phase",-1.15533110328284,-1.31742592865896
256776324,"YLR011W","LOT6","","dma3097","Vph1_R1_Plate09",5,2,389,240,"G1 phase",-0.945249349570212,-0.929483238385139
256776370,"YLR011W","LOT6","","dma3097","Vph1_R1_Plate09",5,2,389,294,"G1 phase",-1.46237366640129,-1.62295037158334
256776376,"YLR011W","LOT6","","dma3097","Vph1_R1_Plate09",5,2,389,300,"G1 phase",-1.09069056367895,-1.32451389793101
256776408,"YLR011W","LOT6","","dma3097","Vph1_R1_Plate09",5,2,389,336,"G1 phase",-1.26845204758964,-1.27910144364147
256776449,"YLR011W","LOT6","","dma3097","Vph1_R1_Plate09",5,2,389,383,"G1 phase",-1.46641370012653,-1.51638357776051
256776454,"YLR011W","LOT6","","dma3097","Vph1_R1_Plate09",5,2,389,390,"G1 phase",2.30697779925024,2.04490889020885
256776461,"YLR011W","LOT6","","dma3097","Vph1_R1_Plate09",5,2,389,397,"G1 phase",1.20000855853371,1.06718122190243
256776463,"YLR011W","LOT6","","dma3097","Vph1_R1_Plate09",5,2,389,399,"G1 phase",1.02224707462303,1.90710558064059
256776467,"YLR011W","LOT6","","dma3097","Vph1_R1_Plate09",5,2,389,403,"G1 phase",0.969726636194872,0.916520665747651
256776478,"YLR011W","LOT6","","dma3097","Vph1_R1_Plate09",5,2,389,414,"G1 phase",-1.29673228366633,-1.48935039262989
256776491,"YLR011W","LOT6","","dma3097","Vph1_R1_Plate09",5,2,389,427,"G1 phase",-0.622046651550788,-0.565689094584704
256776515,"YLR011W","LOT6","","dma3097","Vph1_R1_Plate09",5,2,389,451,"G1 phase",-1.04221015897604,-1.24209565058157
256776537,"YLR011W","LOT6","","dma3097","Vph1_R1_Plate09",5,2,389,475,"G1 phase",-1.24017181151294,-1.23789231996675
256776573,"YLR011W","LOT6","","dma3097","Vph1_R1_Plate09",5,2,389,512,"G1 phase",-0.327124189608064,-0.39508332257136
256776587,"YLR011W","LOT6","","dma3097","Vph1_R1_Plate09",5,2,389,526,"G1 phase",-1.12705086720614,-1.21374377349336
256776599,"YLR011W","LOT6","","dma3097","Vph1_R1_Plate09",5,2,389,538,"G1 phase",-0.104922334719711,0.441956397509567
256776607,"YLR011W","LOT6","","dma3097","Vph1_R1_Plate09",5,2,389,547,"G1 phase",-1.05837029387701,-1.11846827955741
256776614,"YLR011W","LOT6","","dma3097","Vph1_R1_Plate09",5,2,389,554,"G1 phase",-1.01796995662458,-1.11138031028535
256776621,"YLR011W","LOT6","","dma3097","Vph1_R1_Plate09",5,2,389,561,"G1 phase",-1.40177316052265,-1.5775379172938
256776624,"YLR011W","LOT6","","dma3097","Vph1_R1_Plate09",5,2,389,564,"G1 phase",0.34352140878224,0.68344186224343
256776658,"YLR011W","LOT6","","dma3097","Vph1_R1_Plate09",5,2,389,601,"G1 phase",-0.40792486411292,-0.247307405073812
256776665,"YLR011W","LOT6","","dma3097","Vph1_R1_Plate09",5,2,389,608,"G1 phase",-0.977569619372154,-1.0531106094093
256776666,"YLR011W","LOT6","","dma3097","Vph1_R1_Plate09",5,2,389,609,"G1 phase",-1.41389326169838,-1.53344415496184
256776671,"YLR011W","LOT6","","dma3097","Vph1_R1_Plate09",5,2,389,614,"G1 phase",-0.00796152531388353,0.00415066758933356
256776687,"YLR011W","LOT6","","dma3097","Vph1_R1_Plate09",5,2,389,632,"G1 phase",0.234440498200684,0.312559749170944
256776693,"YLR011W","LOT6","","dma3097","Vph1_R1_Plate09",5,2,389,638,"G1 phase",1.12728795147934,1.45800855083348
256776707,"YLR011W","LOT6","","dma3097","Vph1_R1_Plate09",5,2,389,653,"G1 phase",-1.32905255346828,-1.31033795938691
256776725,"YLR011W","LOT6","","dma3097","Vph1_R1_Plate09",5,2,389,674,"G1 phase",-1.43813346404983,-1.47097112347097
256776727,"YLR011W","LOT6","","dma3097","Vph1_R1_Plate09",5,2,389,676,"G1 phase",-0.238243447652723,-0.0724983024456469
256776746,"YLR011W","LOT6","","dma3097","Vph1_R1_Plate09",5,2,389,696,"G1 phase",0.331401307606511,1.09132976837581
256776747,"YLR011W","LOT6","","dma3097","Vph1_R1_Plate09",5,2,389,697,"G1 phase",-1.34521268836925,-1.51349893910328
256776752,"YLR011W","LOT6","","dma3097","Vph1_R1_Plate09",5,2,389,702,"G1 phase",-1.24017181151294,-1.47517445408579
256776756,"YLR011W","LOT6","","dma3097","Vph1_R1_Plate09",5,2,389,707,"G1 phase",-0.0402817951158259,0.22593817120668
256776758,"YLR011W","LOT6","","dma3097","Vph1_R1_Plate09",5,2,389,709,"G1 phase",0.707124444054091,1.35144175701065
256776768,"YLR011W","LOT6","","dma3097","Vph1_R1_Plate09",5,2,389,719,"G1 phase",0.497042690341466,0.713359686031278
256776772,"YLR011W","LOT6","","dma3097","Vph1_R1_Plate09",5,2,389,723,"G1 phase",-1.63205508286149,-1.78069889701017
256776776,"YLR011W","LOT6","","dma3097","Vph1_R1_Plate09",5,2,389,728,"G1 phase",-1.02605002407507,-1.25206825851085
256776784,"YLR011W","LOT6","","dma3097","Vph1_R1_Plate09",5,2,389,736,"G1 phase",-1.39369309307216,-1.43816866102589
256776792,"YLR011W","LOT6","","dma3097","Vph1_R1_Plate09",5,2,389,744,"G1 phase",-1.54721437463139,-1.53921343227631
256776795,"YLR011W","LOT6","","dma3097","Vph1_R1_Plate09",5,2,389,747,"G1 phase",0.812165320910403,0.785805325451436
256776834,"YLR011W","LOT6","","dma3097","Vph1_R1_Plate09",5,2,390,23,"G1 phase",-1.58761471188382,-1.80064411286873
256776938,"YLR011W","LOT6","","dma3097","Vph1_R1_Plate09",5,2,390,138,"G1 phase",-1.19573144053526,-1.24918361985362
256776946,"YLR011W","LOT6","","dma3097","Vph1_R1_Plate09",5,2,390,150,"G1 phase",-1.35733278954498,-1.53764748557667
256776949,"YLR011W","LOT6","","dma3097","Vph1_R1_Plate09",5,2,390,156,"G1 phase",0.0122386433123304,0.0141232755186162
256776958,"YLR011W","LOT6","","dma3097","Vph1_R1_Plate09",5,2,390,166,"G1 phase",-1.21997164288672,-1.37858026819224
256776967,"YLR011W","LOT6","","dma3097","Vph1_R1_Plate09",5,2,390,175,"G1 phase",1.81409368477062,1.57743259124282
256776983,"YLR011W","LOT6","","dma3097","Vph1_R1_Plate09",5,2,390,191,"G1 phase",-1.21189157543624,-1.36860766026296
256777025,"YLR011W","LOT6","","dma3097","Vph1_R1_Plate09",5,2,390,238,"G1 phase",-0.791728068010985,-0.857037598964979
256777034,"YLR011W","LOT6","","dma3097","Vph1_R1_Plate09",5,2,390,248,"G1 phase",-1.05837029387701,-1.08434712515474
256777069,"YLR011W","LOT6","","dma3097","Vph1_R1_Plate09",5,2,390,288,"G1 phase",1.33736970519197,1.37270566482681
256777072,"YLR011W","LOT6","","dma3097","Vph1_R1_Plate09",5,2,390,291,"G1 phase",-1.60781488051003,-1.82479265934212
256777089,"YLR011W","LOT6","","dma3097","Vph1_R1_Plate09",5,2,390,309,"G1 phase",0.93740636639293,1.38267827275609
256777093,"YLR011W","LOT6","","dma3097","Vph1_R1_Plate09",5,2,390,313,"G1 phase",-1.16341117073332,-1.39275620673635
256777118,"YLR011W","LOT6","","dma3097","Vph1_R1_Plate09",5,2,390,339,"G1 phase",-1.09877063112944,-0.915307299841035
256777170,"YLR011W","LOT6","","dma3097","Vph1_R1_Plate09",5,2,390,395,"G1 phase",0.626323769549235,0.819926479854105
256777171,"YLR011W","LOT6","","dma3097","Vph1_R1_Plate09",5,2,390,396,"G1 phase",-1.35733278954498,-1.36151969099091
256777179,"YLR011W","LOT6","","dma3097","Vph1_R1_Plate09",5,2,390,406,"G1 phase",-0.965449518196426,-1.11138031028536
256777198,"YLR011W","LOT6","","dma3097","Vph1_R1_Plate09",5,2,390,425,"G1 phase",1.30908946911527,1.56457534465631
256777206,"YLR011W","LOT6","","dma3097","Vph1_R1_Plate09",5,2,390,433,"G1 phase",-0.844248506439142,-0.659398641821018
256777242,"YLR011W","LOT6","","dma3097","Vph1_R1_Plate09",5,2,390,471,"G1 phase",2.82410211608131,2.2068607462505
256777248,"YLR011W","LOT6","","dma3097","Vph1_R1_Plate09",5,2,390,477,"G1 phase",-0.201883144125538,0.33959293430156
256777258,"YLR011W","LOT6","","dma3097","Vph1_R1_Plate09",5,2,390,487,"G1 phase",-1.10281066485468,-1.02896206293591
256777276,"YLR011W","LOT6","","dma3097","Vph1_R1_Plate09",5,2,390,506,"G1 phase",1.14748812010556,2.48535200404426
256777298,"YLR011W","LOT6","","dma3097","Vph1_R1_Plate09",5,2,390,532,"G1 phase",2.25849739454732,2.04490889020885
256777301,"YLR011W","LOT6","","dma3097","Vph1_R1_Plate09",5,2,390,535,"G1 phase",-1.08665052995371,-1.14550146468802
256777325,"YLR011W","LOT6","","dma3097","Vph1_R1_Plate09",5,2,390,560,"G1 phase",-0.573566246847875,-0.66516791913548
256777333,"YLR011W","LOT6","","dma3097","Vph1_R1_Plate09",5,2,390,568,"G1 phase",-1.14321100210711,-1.38278359880707
256777345,"YLR011W","LOT6","","dma3097","Vph1_R1_Plate09",5,2,391,6,"G1 phase",-0.472565403716805,-0.524479970909983
256777346,"YLR011W","LOT6","","dma3097","Vph1_R1_Plate09",5,2,391,8,"G1 phase",0.424322083287095,0.412038573721719
256777350,"YLR011W","LOT6","","dma3097","Vph1_R1_Plate09",5,2,391,13,"G1 phase",2.1898168212182,1.83597863317802
256777364,"YLR011W","LOT6","","dma3097","Vph1_R1_Plate09",5,2,391,27,"G1 phase",-1.13917096838187,-1.28330477425629
256777388,"YLR011W","LOT6","","dma3097","Vph1_R1_Plate09",5,2,391,57,"G1 phase",1.38181007616964,1.27611147893326
256777390,"YLR011W","LOT6","","dma3097","Vph1_R1_Plate09",5,2,391,60,"G1 phase",1.78177341496867,1.19789656219865
256777414,"YLR011W","LOT6","","dma3097","Vph1_R1_Plate09",5,2,391,87,"G1 phase",0.0930393178171863,0.517286675586957
256777424,"YLR011W","LOT6","","dma3097","Vph1_R1_Plate09",5,2,391,97,"G1 phase",1.41009031224634,2.02784831300751
256777469,"YLR011W","LOT6","","dma3097","Vph1_R1_Plate09",5,2,391,144,"G1 phase",-0.50892570724399,-0.339698260352536
256777495,"YLR011W","LOT6","","dma3097","Vph1_R1_Plate09",5,2,391,174,"G1 phase",-0.646286853902245,-0.0570036719439523
256777498,"YLR011W","LOT6","","dma3097","Vph1_R1_Plate09",5,2,391,177,"G1 phase",1.74541311144149,1.2561662630747
256777509,"YLR011W","LOT6","","dma3097","Vph1_R1_Plate09",5,2,391,191,"G1 phase",1.25656903068711,1.4850417359641
256777510,"YLR011W","LOT6","","dma3097","Vph1_R1_Plate09",5,2,391,192,"G1 phase",-1.63609511658673,-1.80064411286873
256777539,"YLR011W","LOT6","","dma3097","Vph1_R1_Plate09",5,2,391,232,"G1 phase",-1.32097248601779,-1.00481351646253
256777555,"YLR011W","LOT6","","dma3097","Vph1_R1_Plate09",5,2,391,254,"G1 phase",-0.496805606068262,-0.270137259589607
256777565,"YLR011W","LOT6","","dma3097","Vph1_R1_Plate09",5,2,391,266,"G1 phase",-0.888688877416812,-0.784591959544821
256777574,"YLR011W","LOT6","","dma3097","Vph1_R1_Plate09",5,2,391,277,"G1 phase",-1.17553127190905,-1.20665580422131
256777617,"YLR011W","LOT6","","dma3097","Vph1_R1_Plate09",5,2,391,327,"G1 phase",-1.4260133628741,-1.54473545484872
256777625,"YLR011W","LOT6","","dma3097","Vph1_R1_Plate09",5,2,391,337,"G1 phase",0.678844207977391,0.538550583403112
256777695,"YLR011W","LOT6","","dma3097","Vph1_R1_Plate09",5,2,391,412,"G1 phase",-0.787688034285743,-0.861240929579801
256777734,"YLR011W","LOT6","","dma3097","Vph1_R1_Plate09",5,2,392,29,"G1 phase",1.1515281538308,1.47506912803482
256777743,"YLR011W","LOT6","","dma3097","Vph1_R1_Plate09",5,2,392,41,"G1 phase",-0.98564968682264,-0.672255888407532
256777747,"YLR011W","LOT6","","dma3097","Vph1_R1_Plate09",5,2,392,45,"G1 phase",4.51687624695805,4.57308862765295
256777761,"YLR011W","LOT6","","dma3097","Vph1_R1_Plate09",5,2,392,61,"G1 phase",-0.795768101736228,-0.802971228703746
256777765,"YLR011W","LOT6","","dma3097","Vph1_R1_Plate09",5,2,392,66,"G1 phase",-1.19169140681002,-1.31033795938691
256777777,"YLR011W","LOT6","","dma3097","Vph1_R1_Plate09",5,2,392,81,"G1 phase",0.96568660246963,1.01888412895566
256777800,"YLR011W","LOT6","","dma3097","Vph1_R1_Plate09",5,2,392,106,"G1 phase",-0.468525369991562,-0.604013579602194
256777830,"YLR011W","LOT6","","dma3097","Vph1_R1_Plate09",5,2,392,139,"G1 phase",-0.779607966835257,-0.707695734767792
256777834,"YLR011W","LOT6","","dma3097","Vph1_R1_Plate09",5,2,392,143,"G1 phase",-1.21189157543624,-1.12135291821464
256777881,"YLR011W","LOT6","","dma3097","Vph1_R1_Plate09",5,2,392,200,"G1 phase",-0.949289383295454,-0.865444260194622
256777915,"YLR011W","LOT6","","dma3097","Vph1_R1_Plate09",5,2,392,243,"G1 phase",1.10304774912788,1.07138455251725
256777925,"YLR011W","LOT6","","dma3097","Vph1_R1_Plate09",5,2,392,254,"G1 phase",0.484922589165737,0.363741480774946
256777947,"YLR011W","LOT6","","dma3097","Vph1_R1_Plate09",5,2,392,286,"G1 phase",-0.933129248394483,-1.08723176381197
256777959,"YLR011W","LOT6","","dma3097","Vph1_R1_Plate09",5,2,392,304,"G1 phase",-0.302883987256607,-0.0782675797601078
256777991,"YLR011W","LOT6","","dma3097","Vph1_R1_Plate09",5,2,392,343,"G1 phase",-0.658406955077973,-0.136537280636163
256778020,"YLR011W","LOT6","","dma3097","Vph1_R1_Plate09",5,2,392,379,"G1 phase",0.569763297395836,0.564017821834089
256778024,"YLR011W","LOT6","","dma3097","Vph1_R1_Plate09",5,2,392,385,"G1 phase",-0.60992655037506,-0.210548866755961
256778030,"YLR011W","LOT6","","dma3097","Vph1_R1_Plate09",5,2,392,391,"G1 phase",0.497042690341466,0.652205346497991
256778033,"YLR011W","LOT6","","dma3097","Vph1_R1_Plate09",5,2,392,396,"G1 phase",-0.347324358234278,0.167668470330625
256778034,"YLR011W","LOT6","","dma3097","Vph1_R1_Plate09",5,2,392,397,"G1 phase",-0.323084155882821,0.0865689149387749
256778038,"YLR011W","LOT6","","dma3097","Vph1_R1_Plate09",5,2,392,403,"G1 phase",0.594003499747293,0.528577975473829
256778060,"YLR011W","LOT6","","dma3097","Vph1_R1_Plate09",5,2,392,428,"G1 phase",-0.50892570724399,-0.466210270033929
256778067,"YLR011W","LOT6","","dma3097","Vph1_R1_Plate09",5,2,392,436,"G1 phase",1.93125466280266,1.71235126215385
256778116,"YLR011W","LOT6","","dma3097","Vph1_R1_Plate09",5,2,392,494,"G1 phase",-1.13109090093138,-1.29039274352834
256778119,"YLR011W","LOT6","","dma3097","Vph1_R1_Plate09",5,2,392,498,"G1 phase",-1.11089073230517,-1.1937985576348
256778144,"YLR011W","LOT6","","dma3097","Vph1_R1_Plate09",5,2,392,525,"G1 phase",1.30100940166478,1.51916289036676
256778242,"YLR011W","LOT6","","dma3097","Vph1_R1_Plate09",5,2,392,627,"G1 phase",0.400081880935639,0.326735687715047
256778251,"YLR011W","LOT6","","dma3097","Vph1_R1_Plate09",5,2,392,636,"G1 phase",-0.953329417020697,-0.679343857679584
256778252,"YLR011W","LOT6","","dma3097","Vph1_R1_Plate09",5,2,392,637,"G1 phase",-0.496805606068262,-0.596925610330142
256778253,"YLR011W","LOT6","","dma3097","Vph1_R1_Plate09",5,2,392,638,"G1 phase",-1.38157299189643,-1.56468067070728
256778266,"YLR011W","LOT6","","dma3097","Vph1_R1_Plate09",5,2,392,651,"G1 phase",2.88066258823471,3.40349127951703
256778289,"YLR011W","LOT6","","dma3097","Vph1_R1_Plate09",5,2,392,675,"G1 phase",-1.5391343071809,-1.68122007245939
256778300,"YLR011W","LOT6","","dma3097","Vph1_R1_Plate09",5,2,392,687,"G1 phase",1.95953489887936,1.57166331392836
256778301,"YLR011W","LOT6","","dma3097","Vph1_R1_Plate09",5,2,392,688,"G1 phase",2.07265584318616,2.52812707441862
256778346,"YLR011W","LOT6","","dma3097","Vph1_R1_Plate09",5,2,392,738,"G1 phase",-1.46641370012653,-1.22503507338024
256805582,"YLR111W","","","dma3197","Vph1_R1_Plate09",5,9,417,13,"MA-single",-1.63609511658673,-1.92138684523567
256805696,"YLR111W","","","dma3197","Vph1_R1_Plate09",5,9,417,129,"T phase",0.319281206430783,1.17951729303972
256805871,"YLR111W","","","dma3197","Vph1_R1_Plate09",5,9,417,308,"MA-single",-1.64013515031197,-1.85891381374479
256805947,"YLR111W","","","dma3197","Vph1_R1_Plate09",5,9,417,387,"G1 phase",-1.41389326169838,-1.24786492789603
256806958,"YLR111W","","","dma3197","Vph1_R1_Plate09",5,9,418,625,"G1 phase",-1.22805171033721,-1.12975957944428
256806982,"YLR111W","","","dma3197","Vph1_R1_Plate09",5,9,418,649,"MA-single",-1.16745120445857,-1.13132552614392
256807184,"YLR111W","","","dma3197","Vph1_R1_Plate09",5,9,418,859,"S/G2 phase",-0.521045808419718,-0.335494929737714
256807505,"YLR111W","","","dma3197","Vph1_R1_Plate09",5,9,419,296,"MA-single",-0.577606280573117,-0.693519796223687
256807957,"YLR111W","","","dma3197","Vph1_R1_Plate09",5,9,419,769,"MA-single",-1.52297417227993,-1.73948977333545
256808025,"YLR111W","","","dma3197","Vph1_R1_Plate09",5,9,419,837,"MA-single",-1.38965305934692,-1.53344415496184
256808081,"YLR111W","","","dma3197","Vph1_R1_Plate09",5,9,420,34,"MA-single",-1.57549461070809,-1.82899598995694
256808083,"YLR111W","","","dma3197","Vph1_R1_Plate09",5,9,420,36,"MA-single",-1.51893413855469,-1.7324018040634
256808398,"YLR111W","","","dma3197","Vph1_R1_Plate09",5,9,420,359,"MA-single",-1.37349292444595,-1.46808648481374
256808404,"YLR111W","","","dma3197","Vph1_R1_Plate09",5,9,420,365,"MA-single",-1.40581319424789,-1.66415949525806
256808524,"YLR111W","","","dma3197","Vph1_R1_Plate09",5,9,420,486,"MA-single",-1.40985322797313,-1.64001094878467
256808713,"YLR111W","","","dma3197","Vph1_R1_Plate09",5,9,420,685,"MA-single",-1.51489410482945,-1.69828064966073
256813977,"YLR110C","CCW12","","dma3198","Vph1_R1_Plate09",5,11,425,165,"S/G2 phase",0.254640666826898,0.504429429000443
256814121,"YLR110C","CCW12","","dma3198","Vph1_R1_Plate09",5,11,425,320,"G1 phase",-1.0381701252508,-0.830004413834363
256814238,"YLR110C","CCW12","","dma3198","Vph1_R1_Plate09",5,11,425,448,"MA-single",-1.40985322797313,-1.41690475320974
256814267,"YLR110C","CCW12","","dma3198","Vph1_R1_Plate09",5,11,425,477,"T phase",0.747524781306519,0.829899087783388
256814495,"YLR110C","CCW12","","dma3198","Vph1_R1_Plate09",5,11,425,720,"S/G2 phase",0.541483061319136,0.639348099911478
256814540,"YLR110C","CCW12","","dma3198","Vph1_R1_Plate09",5,11,426,4,"G1 phase",-1.42197332914886,-1.64998355671396
256814547,"YLR110C","CCW12","","dma3198","Vph1_R1_Plate09",5,11,426,11,"S/G2 phase",-0.945249349570212,-0.487474177850084
256814647,"YLR110C","CCW12","","dma3198","Vph1_R1_Plate09",5,11,426,115,"S/G2 phase",-0.266523683729422,-0.258598704960684
256814867,"YLR110C","CCW12","","dma3198","Vph1_R1_Plate09",5,11,426,343,"S/G2 phase",0.521282892692922,0.507314067657674
256814912,"YLR110C","CCW12","","dma3198","Vph1_R1_Plate09",5,11,426,391,"T phase",2.27465752944829,2.64886980678555
256815005,"YLR110C","CCW12","","dma3198","Vph1_R1_Plate09",5,11,426,487,"S/G2 phase",0.173839992322042,0.676353892971378
256815226,"YLR110C","CCW12","","dma3198","Vph1_R1_Plate09",5,11,426,714,"T phase",2.020135404758,2.26669639382619
256815232,"YLR110C","CCW12","","dma3198","Vph1_R1_Plate09",5,11,426,720,"MA-single",-0.933129248394483,-0.960719754130577
256815253,"YLR110C","CCW12","","dma3198","Vph1_R1_Plate09",5,11,426,741,"G1 phase",0.594003499747293,0.285526564040327
256815378,"YLR110C","CCW12","","dma3198","Vph1_R1_Plate09",5,11,427,82,"S/G2 phase",-0.218043279026509,-0.00425599364030919
256815444,"YLR110C","CCW12","","dma3198","Vph1_R1_Plate09",5,11,427,151,"MA-single",-1.35733278954498,-1.4368499690683
256815451,"YLR110C","CCW12","","dma3198","Vph1_R1_Plate09",5,11,427,159,"G1 phase",-1.0381701252508,-0.864125568237032
256815535,"YLR110C","CCW12","","dma3198","Vph1_R1_Plate09",5,11,427,246,"T phase",1.51513118910265,2.0890026525408
256815813,"YLR110C","CCW12","","dma3198","Vph1_R1_Plate09",5,11,427,542,"T phase",0.278880869178355,0.431983789580284
256815960,"YLR110C","CCW12","","dma3198","Vph1_R1_Plate09",5,11,427,692,"S/G2 phase",-0.456405268815834,-0.353874198896639
256816010,"YLR110C","CCW12","","dma3198","Vph1_R1_Plate09",5,11,427,745,"G1 phase",-1.44217349777508,-1.72242919613411
256816269,"YLR110C","CCW12","","dma3198","Vph1_R1_Plate09",5,11,428,191,"G1 phase",-1.26441201386439,-1.35863505233368
256816337,"YLR110C","CCW12","","dma3198","Vph1_R1_Plate09",5,11,428,265,"G1 phase",-0.719007460956615,-0.798767898088924
256816501,"YLR110C","CCW12","","dma3198","Vph1_R1_Plate09",5,11,428,441,"S/G2 phase",-0.0806821323682538,0.0311838527199506
256816512,"YLR110C","CCW12","","dma3198","Vph1_R1_Plate09",5,11,428,453,"S/G2 phase",0.335441341331754,0.252971356337298
256816546,"YLR110C","CCW12","","dma3198","Vph1_R1_Plate09",5,11,428,490,"S/G2 phase",1.0949676816774,1.42100275777358
256816601,"YLR110C","CCW12","","dma3198","Vph1_R1_Plate09",5,11,428,546,"G1 phase",0.1415197225201,0.193135708761603
256816751,"YLR110C","CCW12","","dma3198","Vph1_R1_Plate09",5,11,428,701,"S/G2 phase",0.125359587619129,0.898141396588725
256843927,"YLR023C","IZH3","","dma3109","Vph1_R1_Plate09",7,2,581,52,"G1 phase",0.307161105255054,0.805750541310002
256843982,"YLR023C","IZH3","","dma3109","Vph1_R1_Plate09",7,2,581,133,"G1 phase",-1.45833363267605,-1.54341676289113
256843983,"YLR023C","IZH3","","dma3109","Vph1_R1_Plate09",7,2,581,135,"G1 phase",-1.55933447580712,-1.64001094878467
256844003,"YLR023C","IZH3","","dma3109","Vph1_R1_Plate09",7,2,581,174,"G1 phase",-1.49065390247799,-1.69828064966073
256844032,"YLR023C","IZH3","","dma3109","Vph1_R1_Plate09",7,2,581,221,"G1 phase",-0.961409484471183,-0.902450053254522
256844053,"YLR023C","IZH3","","dma3109","Vph1_R1_Plate09",7,2,581,252,"G1 phase",0.161719891146314,0.394977996520385
256844062,"YLR023C","IZH3","","dma3109","Vph1_R1_Plate09",7,2,581,266,"G1 phase",-0.573566246847875,-0.601128940944963
256844065,"YLR023C","IZH3","","dma3109","Vph1_R1_Plate09",7,2,581,271,"G1 phase",0.557643196220108,0.902344727203546
256844076,"YLR023C","IZH3","","dma3109","Vph1_R1_Plate09",7,2,581,289,"G1 phase",-1.48661386875275,-1.65707152598601
256844096,"YLR023C","IZH3","","dma3109","Vph1_R1_Plate09",7,2,581,320,"G1 phase",-0.803848169186714,-0.74049819721287
256844099,"YLR023C","IZH3","","dma3109","Vph1_R1_Plate09",7,2,581,324,"G1 phase",2.45645904708422,2.28796030164235
256844116,"YLR023C","IZH3","","dma3109","Vph1_R1_Plate09",7,2,581,354,"G1 phase",-1.07857046250322,-1.17673798043346
256844145,"YLR023C","IZH3","","dma3109","Vph1_R1_Plate09",7,2,581,390,"G1 phase",-1.35329275581973,-1.47517445408579
256844153,"YLR023C","IZH3","","dma3109","Vph1_R1_Plate09",7,2,581,399,"G1 phase",-1.4825738350275,-1.58462588656585
256844164,"YLR023C","IZH3","","dma3109","Vph1_R1_Plate09",7,2,581,412,"G1 phase",-1.64013515031197,-1.89723829876228
256844167,"YLR023C","IZH3","","dma3109","Vph1_R1_Plate09",7,2,581,415,"G1 phase",-0.630126719001274,-0.481952155277672
256844176,"YLR023C","IZH3","","dma3109","Vph1_R1_Plate09",7,2,581,427,"G1 phase",0.812165320910403,1.02465340627012
256844192,"YLR023C","IZH3","","dma3109","Vph1_R1_Plate09",7,2,581,445,"G1 phase",-1.58761471188382,-1.80064411286873
256844211,"YLR023C","IZH3","","dma3109","Vph1_R1_Plate09",7,2,582,7,"G1 phase",0.000118542136602053,0.0994261615252883
256844213,"YLR023C","IZH3","","dma3109","Vph1_R1_Plate09",7,2,582,11,"G1 phase",1.16364825500653,1.28608408686255
256844220,"YLR023C","IZH3","","dma3109","Vph1_R1_Plate09",7,2,582,19,"G1 phase",0.250600633101655,0.0170079141758469
256844268,"YLR023C","IZH3","","dma3109","Vph1_R1_Plate09",7,2,582,86,"G1 phase",-0.908889046043026,-0.980664969989142
256844281,"YLR023C","IZH3","","dma3109","Vph1_R1_Plate09",7,2,582,106,"G1 phase",-0.981609653097397,-0.970692362059859
256844296,"YLR023C","IZH3","","dma3109","Vph1_R1_Plate09",7,2,582,133,"G1 phase",-0.848288540164385,-0.665167919135479
256844339,"YLR023C","IZH3","","dma3109","Vph1_R1_Plate09",7,2,582,185,"G1 phase",-0.460445302541076,-0.582749671786039
256844353,"YLR023C","IZH3","","dma3109","Vph1_R1_Plate09",7,2,582,204,"G1 phase",4.08459263835707,3.66780659876669
256844363,"YLR023C","IZH3","","dma3109","Vph1_R1_Plate09",7,2,582,216,"G1 phase",-1.04221015897604,-1.18382594970551
256844383,"YLR023C","IZH3","","dma3109","Vph1_R1_Plate09",7,2,582,241,"G1 phase",-1.38965305934692,-1.35154708306163
256844395,"YLR023C","IZH3","","dma3109","Vph1_R1_Plate09",7,2,582,256,"G1 phase",-1.24421184523818,-1.15258943396008
256844430,"YLR023C","IZH3","","dma3109","Vph1_R1_Plate09",7,2,582,294,"G1 phase",-1.51893413855469,-1.64001094878467
256844437,"YLR023C","IZH3","","dma3109","Vph1_R1_Plate09",7,2,582,302,"G1 phase",-0.0160415927643691,0.208877594005348
256844495,"YLR023C","IZH3","","dma3109","Vph1_R1_Plate09",7,2,583,34,"G1 phase",0.234440498200684,0.888168788659443
256844505,"YLR023C","IZH3","","dma3109","Vph1_R1_Plate09",7,2,583,44,"G1 phase",-0.997769787998368,-1.14550146468802
256844506,"YLR023C","IZH3","","dma3109","Vph1_R1_Plate09",7,2,583,45,"G1 phase",-1.23209174406245,-1.47517445408579
256844507,"YLR023C","IZH3","","dma3109","Vph1_R1_Plate09",7,2,583,46,"G1 phase",-0.933129248394483,-1.0672865479534
256844526,"YLR023C","IZH3","","dma3109","Vph1_R1_Plate09",7,2,583,67,"G1 phase",-0.411964897838163,-0.545743878726139
256844532,"YLR023C","IZH3","","dma3109","Vph1_R1_Plate09",7,2,583,73,"G1 phase",-1.14321100210711,-1.27333216632701
256844533,"YLR023C","IZH3","","dma3109","Vph1_R1_Plate09",7,2,583,74,"G1 phase",-0.33520425705855,0.37503278066182
256844550,"YLR023C","IZH3","","dma3109","Vph1_R1_Plate09",7,2,583,95,"G1 phase",-0.965449518196426,-1.0531106094093
256844564,"YLR023C","IZH3","","dma3109","Vph1_R1_Plate09",7,2,583,112,"G1 phase",-1.0664503613275,-1.1937985576348
256844565,"YLR023C","IZH3","","dma3109","Vph1_R1_Plate09",7,2,583,113,"G1 phase",-0.872528742515841,-0.611101548874245
256844567,"YLR023C","IZH3","","dma3109","Vph1_R1_Plate09",7,2,583,115,"G1 phase",-1.34521268836925,-1.47517445408579
256844572,"YLR023C","IZH3","","dma3109","Vph1_R1_Plate09",7,2,583,121,"G1 phase",-0.666487022528459,-0.62816212607558
256844579,"YLR023C","IZH3","","dma3109","Vph1_R1_Plate09",7,2,583,131,"G1 phase",-1.03413009152555,-1.17962261909069
256844586,"YLR023C","IZH3","","dma3109","Vph1_R1_Plate09",7,2,583,138,"G1 phase",1.22424876088517,1.70814793153903
256844589,"YLR023C","IZH3","","dma3109","Vph1_R1_Plate09",7,2,583,141,"G1 phase",0.31524117270554,0.360856842117716
256844595,"YLR023C","IZH3","","dma3109","Vph1_R1_Plate09",7,2,583,147,"G1 phase",-1.04221015897604,-1.05599524806653
256844601,"YLR023C","IZH3","","dma3109","Vph1_R1_Plate09",7,2,583,153,"G1 phase",-0.618006617825545,-0.795883259431694
256844617,"YLR023C","IZH3","","dma3109","Vph1_R1_Plate09",7,2,583,169,"G1 phase",-0.500845639793504,-0.621074156803528
256844621,"YLR023C","IZH3","","dma3109","Vph1_R1_Plate09",7,2,583,173,"G1 phase",1.24444892951138,1.84174791049248
256844623,"YLR023C","IZH3","","dma3109","Vph1_R1_Plate09",7,2,583,175,"G1 phase",-0.807888202911957,-0.93657120765719
256844631,"YLR023C","IZH3","","dma3109","Vph1_R1_Plate09",7,2,583,183,"G1 phase",-1.25633194641391,-1.34445911378958
256844632,"YLR023C","IZH3","","dma3109","Vph1_R1_Plate09",7,2,583,185,"G1 phase",-1.15937113700808,-1.22371638142264
256844635,"YLR023C","IZH3","","dma3109","Vph1_R1_Plate09",7,2,583,190,"G1 phase",-0.512965740969233,-0.737613558555639
256844639,"YLR023C","IZH3","","dma3109","Vph1_R1_Plate09",7,2,583,195,"G1 phase",-1.31289241856731,-1.46520184615651
256844641,"YLR023C","IZH3","","dma3109","Vph1_R1_Plate09",7,2,583,198,"G1 phase",2.44837897963373,2.3092242094585
256844643,"YLR023C","IZH3","","dma3109","Vph1_R1_Plate09",7,2,583,202,"G1 phase",0.961646568744387,0.675035201013788
256844645,"YLR023C","IZH3","","dma3109","Vph1_R1_Plate09",7,2,583,204,"G1 phase",-0.771527899384772,-0.946543815586472
256844647,"YLR023C","IZH3","","dma3109","Vph1_R1_Plate09",7,2,583,207,"G1 phase",-0.181682975499324,0.0894535535960057
256844658,"YLR023C","IZH3","","dma3109","Vph1_R1_Plate09",7,2,583,218,"G1 phase",-0.921009147218755,-1.10140770235607
256844664,"YLR023C","IZH3","","dma3109","Vph1_R1_Plate09",7,2,583,233,"G1 phase",0.614203668373507,0.984762974552987
256844673,"YLR023C","IZH3","","dma3109","Vph1_R1_Plate09",7,2,584,7,"G1 phase",-1.22401167661196,-1.36572302160573
256844677,"YLR023C","IZH3","","dma3109","Vph1_R1_Plate09",7,2,584,12,"G1 phase",-1.23209174406245,-1.2079744961789
256844683,"YLR023C","IZH3","","dma3109","Vph1_R1_Plate09",7,2,584,19,"G1 phase",-1.32905255346828,-1.48514706201507
256844684,"YLR023C","IZH3","","dma3109","Vph1_R1_Plate09",7,2,584,21,"G1 phase",-1.36137282327022,-1.3998441760084
256844691,"YLR023C","IZH3","","dma3109","Vph1_R1_Plate09",7,2,584,29,"G1 phase",-0.557406111946903,-0.0299704868133347
256844695,"YLR023C","IZH3","","dma3109","Vph1_R1_Plate09",7,2,584,33,"G1 phase",-1.51893413855469,-1.7324018040634
256844707,"YLR023C","IZH3","","dma3109","Vph1_R1_Plate09",7,2,584,47,"G1 phase",-0.416004931563406,0.085250222981184
256844741,"YLR023C","IZH3","","dma3109","Vph1_R1_Plate09",7,2,584,86,"G1 phase",0.484922589165737,0.620968830752553
256844767,"YLR023C","IZH3","","dma3109","Vph1_R1_Plate09",7,2,584,116,"G1 phase",1.28888930048905,1.41679942715876
256844768,"YLR023C","IZH3","","dma3109","Vph1_R1_Plate09",7,2,584,117,"G1 phase",-1.35733278954498,-1.40693214528045
256844778,"YLR023C","IZH3","","dma3109","Vph1_R1_Plate09",7,2,584,128,"G1 phase",2.1615365851415,2.15856365330373
256844785,"YLR023C","IZH3","","dma3109","Vph1_R1_Plate09",7,2,584,138,"G1 phase",-1.26441201386439,-1.36860766026296
256844787,"YLR023C","IZH3","","dma3109","Vph1_R1_Plate09",7,2,584,140,"G1 phase",-1.32097248601779,-1.4510259076124
256844789,"YLR023C","IZH3","","dma3109","Vph1_R1_Plate09",7,2,584,146,"G1 phase",-1.11089073230517,-1.21794710410818
256844803,"YLR023C","IZH3","","dma3109","Vph1_R1_Plate09",7,2,584,164,"G1 phase",-0.888688877416812,-1.07725915588269
256844810,"YLR023C","IZH3","","dma3109","Vph1_R1_Plate09",7,2,584,173,"G1 phase",-1.25633194641391,-1.50929560848846
256844841,"YLR023C","IZH3","","dma3109","Vph1_R1_Plate09",7,2,584,213,"G1 phase",-0.969489551921668,-0.93657120765719
256844854,"YLR023C","IZH3","","dma3109","Vph1_R1_Plate09",7,2,584,230,"G1 phase",0.880845894239531,0.936465881606215
256844862,"YLR023C","IZH3","","dma3109","Vph1_R1_Plate09",7,2,584,239,"G1 phase",-0.585686348023603,-0.730525589283587
256844870,"YLR023C","IZH3","","dma3109","Vph1_R1_Plate09",7,2,584,249,"G1 phase",1.13940805265507,1.13122020009295
256844871,"YLR023C","IZH3","","dma3109","Vph1_R1_Plate09",7,2,584,250,"G1 phase",-0.387724695486706,-0.194806981512217
256844878,"YLR023C","IZH3","","dma3109","Vph1_R1_Plate09",7,2,584,257,"G1 phase",-1.45025356522556,-1.56047734009246
256844882,"YLR023C","IZH3","","dma3109","Vph1_R1_Plate09",7,2,584,261,"G1 phase",-0.767487865659529,-0.946543815586473
256844896,"YLR023C","IZH3","","dma3109","Vph1_R1_Plate09",7,2,584,276,"G1 phase",-0.791728068010985,-0.984868300603963
256844916,"YLR023C","IZH3","","dma3109","Vph1_R1_Plate09",7,2,584,300,"G1 phase",0.41624201583661,0.672150562356557
256844919,"YLR023C","IZH3","","dma3109","Vph1_R1_Plate09",7,2,584,303,"G1 phase",4.61787709008912,4.26467954607134
256844934,"YLR023C","IZH3","","dma3109","Vph1_R1_Plate09",7,2,584,323,"G1 phase",5.34508316063282,4.05574928904051
256844935,"YLR023C","IZH3","","dma3109","Vph1_R1_Plate09",7,2,584,324,"G1 phase",-0.686687191154673,-0.723437620011535
256844937,"YLR023C","IZH3","","dma3109","Vph1_R1_Plate09",7,2,584,326,"G1 phase",-0.997769787998368,-0.963604392787806
256907885,"YLR053C","","","dma3133","Vph1_R1_Plate09",11,2,965,16,"G1 phase",0.339481375056997,0.460335666668492
256907896,"YLR053C","","","dma3133","Vph1_R1_Plate09",11,2,965,47,"G1 phase",-1.4542935989508,-1.48935039262989
256907929,"YLR053C","","","dma3133","Vph1_R1_Plate09",11,2,965,159,"G1 phase",0.38796177975991,0.463220305325722
256907937,"YLR053C","","","dma3133","Vph1_R1_Plate09",11,2,965,185,"G1 phase",1.70097274046382,2.04202425155162
256907940,"YLR053C","","","dma3133","Vph1_R1_Plate09",11,2,965,190,"G1 phase",-1.49469393620323,-1.55050473216318
256907941,"YLR053C","","","dma3133","Vph1_R1_Plate09",11,2,965,192,"G1 phase",-1.28461218249061,-1.40693214528045
256907943,"YLR053C","","","dma3133","Vph1_R1_Plate09",11,2,965,197,"G1 phase",0.355641509957968,0.473192913255005
256907946,"YLR053C","","","dma3133","Vph1_R1_Plate09",11,2,965,203,"G1 phase",-0.815968270362442,-0.668052557792711
256907961,"YLR053C","","","dma3133","Vph1_R1_Plate09",11,2,965,248,"G1 phase",-1.29673228366633,-1.48226242335784
256907979,"YLR053C","","","dma3133","Vph1_R1_Plate09",11,2,965,329,"G1 phase",-0.634166752726517,-0.585634310443269
256907982,"YLR053C","","","dma3133","Vph1_R1_Plate09",11,2,965,341,"G1 phase",-1.63205508286149,-1.74237441199268
256907983,"YLR053C","","","dma3133","Vph1_R1_Plate09",11,2,965,345,"G1 phase",-1.46641370012653,-1.56047734009246
256907987,"YLR053C","","","dma3133","Vph1_R1_Plate09",11,2,965,353,"G1 phase",0.254640666826898,0.1419539771576
256907991,"YLR053C","","","dma3133","Vph1_R1_Plate09",11,2,965,375,"G1 phase",-0.416004931563406,-0.346786229624587
256908015,"YLR053C","","","dma3133","Vph1_R1_Plate09",11,2,965,493,"G1 phase",-1.34521268836925,-1.2678101437546
256908025,"YLR053C","","","dma3133","Vph1_R1_Plate09",11,2,965,536,"G1 phase",-1.49873396992847,-1.78069889701017
256908026,"YLR053C","","","dma3133","Vph1_R1_Plate09",11,2,965,539,"G1 phase",-1.50681403737896,-1.70116528831796
256908034,"YLR053C","","","dma3133","Vph1_R1_Plate09",11,2,965,562,"G1 phase",-1.18361133935954,-1.1937985576348
256908044,"YLR053C","","","dma3133","Vph1_R1_Plate09",11,2,965,596,"G1 phase",-1.21593160916148,-1.47517445408579
256908052,"YLR053C","","","dma3133","Vph1_R1_Plate09",11,2,965,621,"G1 phase",-1.23613177778769,-1.18671058836275
256908055,"YLR053C","","","dma3133","Vph1_R1_Plate09",11,2,965,626,"G1 phase",-1.31289241856731,-1.0019288778053
256908063,"YLR053C","","","dma3133","Vph1_R1_Plate09",11,2,965,643,"G1 phase",0.856605691888074,0.959048481379962
256908066,"YLR053C","","","dma3133","Vph1_R1_Plate09",11,2,965,646,"G1 phase",-0.977569619372154,-0.844180352378466
256908078,"YLR053C","","","dma3133","Vph1_R1_Plate09",11,2,965,675,"G1 phase",0.961646568744387,1.31443596395075
256908088,"YLR053C","","","dma3133","Vph1_R1_Plate09",11,2,965,701,"G1 phase",-0.803848169186714,-0.390879991956539
256908104,"YLR053C","","","dma3133","Vph1_R1_Plate09",11,2,965,732,"G1 phase",-1.24825187896342,-1.12844088748669
256908106,"YLR053C","","","dma3133","Vph1_R1_Plate09",11,2,965,735,"G1 phase",-1.33309258719352,-1.35443172171886
256908111,"YLR053C","","","dma3133","Vph1_R1_Plate09",11,2,965,740,"G1 phase",-0.529125875870204,-0.449149692832594
256908123,"YLR053C","","","dma3133","Vph1_R1_Plate09",11,2,965,756,"G1 phase",0.602083567197778,1.11968164546402
256908135,"YLR053C","","","dma3133","Vph1_R1_Plate09",11,2,965,776,"G1 phase",-1.08261049622847,-1.13552885675874
256908143,"YLR053C","","","dma3133","Vph1_R1_Plate09",11,2,965,787,"G1 phase",-0.892728911142055,-1.13552885675874
256908159,"YLR053C","","","dma3133","Vph1_R1_Plate09",11,2,965,812,"G1 phase",0.771764983657976,1.54751476745497
256908171,"YLR053C","","","dma3133","Vph1_R1_Plate09",11,2,965,828,"G1 phase",-1.18765137308478,-1.31033795938691
256908185,"YLR053C","","","dma3133","Vph1_R1_Plate09",11,2,965,848,"G1 phase",0.581883398571564,0.61099622282327
256908187,"YLR053C","","","dma3133","Vph1_R1_Plate09",11,2,965,850,"G1 phase",-1.27249208131488,-1.35443172171886
256908190,"YLR053C","","","dma3133","Vph1_R1_Plate09",11,2,965,853,"G1 phase",1.12728795147934,1.27190814831844
256908201,"YLR053C","","","dma3133","Vph1_R1_Plate09",11,2,966,10,"G1 phase",-1.51893413855469,-1.57465327863657
256908244,"YLR053C","","","dma3133","Vph1_R1_Plate09",11,2,966,157,"G1 phase",-1.33713262091876,-1.51349893910328
256908249,"YLR053C","","","dma3133","Vph1_R1_Plate09",11,2,966,180,"G1 phase",-1.54721437463139,-1.60168646376718
256908258,"YLR053C","","","dma3133","Vph1_R1_Plate09",11,2,966,223,"G1 phase",-1.38561302562168,-1.55759270143523
256908262,"YLR053C","","","dma3133","Vph1_R1_Plate09",11,2,966,236,"G1 phase",-0.989689720547882,-1.18382594970551
256908270,"YLR053C","","","dma3133","Vph1_R1_Plate09",11,2,966,273,"G1 phase",-1.27249208131488,-1.21085913483613
256908275,"YLR053C","","","dma3133","Vph1_R1_Plate09",11,2,966,296,"G1 phase",-1.37349292444595,-1.35154708306163
256908277,"YLR053C","","","dma3133","Vph1_R1_Plate09",11,2,966,308,"G1 phase",-0.981609653097397,-0.93657120765719
256908282,"YLR053C","","","dma3133","Vph1_R1_Plate09",11,2,966,316,"G1 phase",-1.30077231739158,-1.58174124790862
256908290,"YLR053C","","","dma3133","Vph1_R1_Plate09",11,2,966,335,"G1 phase",-1.38561302562168,-1.4140201145525
256908291,"YLR053C","","","dma3133","Vph1_R1_Plate09",11,2,966,337,"G1 phase",-1.52297417227993,-1.6428955874419
256908316,"YLR053C","","","dma3133","Vph1_R1_Plate09",11,2,966,426,"G1 phase",-1.24421184523818,-1.32451389793101
256908321,"YLR053C","","","dma3133","Vph1_R1_Plate09",11,2,966,443,"G1 phase",-1.40985322797313,-1.33028317524547
256908322,"YLR053C","","","dma3133","Vph1_R1_Plate09",11,2,966,445,"G1 phase",-0.0483618625663115,0.380802057976281
256908335,"YLR053C","","","dma3133","Vph1_R1_Plate09",11,2,966,493,"G1 phase",-0.278643784905151,0.329620326372278
256908350,"YLR053C","","","dma3133","Vph1_R1_Plate09",11,2,966,535,"G1 phase",-1.05837029387701,-0.93657120765719
256908353,"YLR053C","","","dma3133","Vph1_R1_Plate09",11,2,966,538,"G1 phase",-1.44217349777508,-1.38146490684948
256908367,"YLR053C","","","dma3133","Vph1_R1_Plate09",11,2,966,582,"G1 phase",-0.771527899384772,-0.51030403236588
256908385,"YLR053C","","","dma3133","Vph1_R1_Plate09",11,2,966,640,"G1 phase",-0.961409484471183,-0.810059197975797
256908392,"YLR053C","","","dma3133","Vph1_R1_Plate09",11,2,966,653,"G1 phase",-1.11089073230517,-1.17253464981864
256908396,"YLR053C","","","dma3133","Vph1_R1_Plate09",11,2,966,660,"G1 phase",0.194040160948256,0.525693336816599
256908400,"YLR053C","","","dma3133","Vph1_R1_Plate09",11,2,966,667,"G1 phase",-1.25229191268866,-1.22083174276541
256908416,"YLR053C","","","dma3133","Vph1_R1_Plate09",11,2,966,701,"G1 phase",-1.64013515031197,-1.81193541275561
256908418,"YLR053C","","","dma3133","Vph1_R1_Plate09",11,2,966,703,"G1 phase",-1.37753295817119,-1.554708062778
256908432,"YLR053C","","","dma3133","Vph1_R1_Plate09",11,2,966,727,"G1 phase",0.375841678584182,0.576875068420602
256908446,"YLR053C","","","dma3133","Vph1_R1_Plate09",11,2,966,751,"G1 phase",-1.29673228366633,-1.42110808382456
256908458,"YLR053C","","","dma3133","Vph1_R1_Plate09",11,2,966,766,"G1 phase",-1.32097248601779,-1.15258943396008
256908464,"YLR053C","","","dma3133","Vph1_R1_Plate09",11,2,966,773,"G1 phase",-0.226123346476994,0.215965563277398
256908466,"YLR053C","","","dma3133","Vph1_R1_Plate09",11,2,966,775,"G1 phase",-1.30481235111682,-1.54762009350595
256908469,"YLR053C","","","dma3133","Vph1_R1_Plate09",11,2,966,778,"G1 phase",-0.65436692135273,0.157695862401343
256908477,"YLR053C","","","dma3133","Vph1_R1_Plate09",11,2,966,790,"G1 phase",-1.17553127190905,-1.38278359880707
256908500,"YLR053C","","","dma3133","Vph1_R1_Plate09",11,2,966,823,"G1 phase",-1.51893413855469,-1.71245658820483
256908510,"YLR053C","","","dma3133","Vph1_R1_Plate09",11,2,966,837,"G1 phase",2.51301951923762,2.99428468142706
256908531,"YLR053C","","","dma3133","Vph1_R1_Plate09",11,2,967,2,"G1 phase",-1.15937113700808,-1.38278359880707
256908538,"YLR053C","","","dma3133","Vph1_R1_Plate09",11,2,967,15,"G1 phase",-1.33713262091876,-1.42399272248179
256908548,"YLR053C","","","dma3133","Vph1_R1_Plate09",11,2,967,36,"G1 phase",-1.15533110328284,-1.21794710410818
256908554,"YLR053C","","","dma3133","Vph1_R1_Plate09",11,2,967,45,"G1 phase",-0.169562874323595,0.326735687715047
256908562,"YLR053C","","","dma3133","Vph1_R1_Plate09",11,2,967,55,"G1 phase",-0.391764729211949,-0.00582194033994844
256908571,"YLR053C","","","dma3133","Vph1_R1_Plate09",11,2,967,71,"G1 phase",-1.05029022642652,-1.03605003220797
256908586,"YLR053C","","","dma3133","Vph1_R1_Plate09",11,2,967,89,"G1 phase",-1.50277400365372,-1.31742592865896
256908595,"YLR053C","","","dma3133","Vph1_R1_Plate09",11,2,967,103,"G1 phase",-1.15937113700808,-1.24209565058157
256908598,"YLR053C","","","dma3133","Vph1_R1_Plate09",11,2,967,110,"G1 phase",-1.3977331267974,-1.3856682374643
256908603,"YLR053C","","","dma3133","Vph1_R1_Plate09",11,2,967,120,"G1 phase",-1.40581319424789,-1.46520184615651
256908606,"YLR053C","","","dma3133","Vph1_R1_Plate09",11,2,967,126,"G1 phase",-1.62801504913624,-1.62583501024057
256908610,"YLR053C","","","dma3133","Vph1_R1_Plate09",11,2,967,133,"G1 phase",2.96146326273957,2.43993954975472
256908613,"YLR053C","","","dma3133","Vph1_R1_Plate09",11,2,967,136,"G1 phase",-0.452365235090591,-0.449149692832594
256908616,"YLR053C","","","dma3133","Vph1_R1_Plate09",11,2,967,139,"G1 phase",-1.31289241856731,-1.48226242335784
256908620,"YLR053C","","","dma3133","Vph1_R1_Plate09",11,2,967,143,"G1 phase",-1.21189157543624,-1.26204086644013
256908632,"YLR053C","","","dma3133","Vph1_R1_Plate09",11,2,967,167,"G1 phase",-1.49469393620323,-1.55050473216318
256908634,"YLR053C","","","dma3133","Vph1_R1_Plate09",11,2,967,173,"G1 phase",-1.18361133935954,-1.2961620208428
256908641,"YLR053C","","","dma3133","Vph1_R1_Plate09",11,2,967,186,"G1 phase",-1.03413009152555,-0.949428454243704
256908658,"YLR053C","","","dma3133","Vph1_R1_Plate09",11,2,967,215,"G1 phase",0.686924275427877,0.875311542072929
256908662,"YLR053C","","","dma3133","Vph1_R1_Plate09",11,2,967,223,"G1 phase",-1.29269224994109,-1.3998441760084
256908665,"YLR053C","","","dma3133","Vph1_R1_Plate09",11,2,967,230,"G1 phase",-1.11089073230517,-1.31033795938691
256908673,"YLR053C","","","dma3133","Vph1_R1_Plate09",11,2,967,239,"G1 phase",-0.670527056253702,-0.452034331489824
256908677,"YLR053C","","","dma3133","Vph1_R1_Plate09",11,2,967,245,"G1 phase",0.133439655069614,0.154811223744113
256908678,"YLR053C","","","dma3133","Vph1_R1_Plate09",11,2,967,250,"G1 phase",0.707124444054091,1.4480359429042
256908682,"YLR053C","","","dma3133","Vph1_R1_Plate09",11,2,967,256,"G1 phase",-1.27653211504012,-1.50929560848846
256908686,"YLR053C","","","dma3133","Vph1_R1_Plate09",11,2,967,266,"G1 phase",0.359681543683211,0.399181327135206
256908687,"YLR053C","","","dma3133","Vph1_R1_Plate09",11,2,967,269,"G1 phase",-0.719007460956615,-0.613986187531477
256908692,"YLR053C","","","dma3133","Vph1_R1_Plate09",11,2,967,278,"G1 phase",0.577843364846321,1.04723600604386
256908697,"YLR053C","","","dma3133","Vph1_R1_Plate09",11,2,967,288,"G1 phase",-1.43813346404983,-1.36572302160573
256908704,"YLR053C","","","dma3133","Vph1_R1_Plate09",11,2,967,302,"G1 phase",-1.35329275581973,-1.49223503128712
256908706,"YLR053C","","","dma3133","Vph1_R1_Plate09",11,2,967,307,"G1 phase",1.75753321261722,1.92548484979951
256908709,"YLR053C","","","dma3133","Vph1_R1_Plate09",11,2,967,312,"G1 phase",1.12728795147934,0.703387078101994
256908711,"YLR053C","","","dma3133","Vph1_R1_Plate09",11,2,967,321,"G1 phase",1.038407209524,1.05143933665869
256908718,"YLR053C","","","dma3133","Vph1_R1_Plate09",11,2,967,331,"G1 phase",-1.05433026015177,-1.25206825851085
256908731,"YLR053C","","","dma3133","Vph1_R1_Plate09",11,2,967,370,"G1 phase",-1.23613177778769,-1.18671058836274
256908748,"YLR053C","","","dma3133","Vph1_R1_Plate09",11,2,967,414,"G1 phase",-1.15937113700808,-1.20377116556408
256908760,"YLR053C","","","dma3133","Vph1_R1_Plate09",11,2,967,438,"G1 phase",-1.32905255346828,-1.49932300055918
256908761,"YLR053C","","","dma3133","Vph1_R1_Plate09",11,2,967,440,"G1 phase",-1.21997164288672,-1.30036535145762
256908770,"YLR053C","","","dma3133","Vph1_R1_Plate09",11,2,967,457,"G1 phase",-1.49065390247799,-1.24918361985362
256908771,"YLR053C","","","dma3133","Vph1_R1_Plate09",11,2,967,460,"G1 phase",-1.30481235111682,-1.53344415496185
256908778,"YLR053C","","","dma3133","Vph1_R1_Plate09",11,2,967,470,"G1 phase",-1.36137282327022,-1.48514706201507
256908781,"YLR053C","","","dma3133","Vph1_R1_Plate09",11,2,967,473,"G1 phase",1.99993523613178,2.54362170492032
256908784,"YLR053C","","","dma3133","Vph1_R1_Plate09",11,2,967,476,"G1 phase",-1.64417518403722,-1.65995616464324
256908800,"YLR053C","","","dma3133","Vph1_R1_Plate09",11,2,967,501,"G1 phase",-1.10281066485468,-1.20377116556408
256908806,"YLR053C","","","dma3133","Vph1_R1_Plate09",11,2,967,508,"G1 phase",0.145559756245343,0.422011181651001
256908808,"YLR053C","","","dma3133","Vph1_R1_Plate09",11,2,967,513,"G1 phase",-1.44621353150032,-1.03184670159315
256908810,"YLR053C","","","dma3133","Vph1_R1_Plate09",11,2,967,515,"G1 phase",-1.29673228366633,-1.39564084539358
256908815,"YLR053C","","","dma3133","Vph1_R1_Plate09",11,2,967,525,"G1 phase",-1.623975015411,-1.63580761816985
256908818,"YLR053C","","","dma3133","Vph1_R1_Plate09",11,2,967,528,"G1 phase",-1.04221015897604,-1.12135291821464
256908823,"YLR053C","","","dma3133","Vph1_R1_Plate09",11,2,967,535,"G1 phase",0.695004342878363,1.8601271796514
256908848,"YLR053C","","","dma3133","Vph1_R1_Plate09",11,2,967,568,"G1 phase",-1.47853380130226,-1.34445911378958
256908854,"YLR053C","","","dma3133","Vph1_R1_Plate09",11,2,967,578,"G1 phase",-0.791728068010985,-0.405055930500643
256908856,"YLR053C","","","dma3133","Vph1_R1_Plate09",11,2,967,580,"G1 phase",-0.981609653097397,-0.513188671023109
256908865,"YLR053C","","","dma3133","Vph1_R1_Plate09",11,2,967,591,"G1 phase",-1.38965305934692,-1.38855287612153
256908869,"YLR053C","","","dma3133","Vph1_R1_Plate09",11,2,967,598,"G1 phase",-1.20785154171099,-1.36860766026296
256908870,"YLR053C","","","dma3133","Vph1_R1_Plate09",11,2,967,601,"G1 phase",-1.12301083348089,-1.21794710410818
256908871,"YLR053C","","","dma3133","Vph1_R1_Plate09",11,2,967,602,"G1 phase",-0.254403582553694,-0.243104074458991
256908881,"YLR053C","","","dma3133","Vph1_R1_Plate09",11,2,967,618,"G1 phase",1.05456734442497,1.07138455251725
256908885,"YLR053C","","","dma3133","Vph1_R1_Plate09",11,2,967,623,"G1 phase",0.880845894239531,0.926493273676932
256908890,"YLR053C","","","dma3133","Vph1_R1_Plate09",11,2,967,633,"G1 phase",1.95549486515411,2.54807229027718
256908900,"YLR053C","","","dma3133","Vph1_R1_Plate09",11,2,967,646,"G1 phase",-1.11897079975565,-1.13264421810151
256908901,"YLR053C","","","dma3133","Vph1_R1_Plate09",11,2,967,647,"G1 phase",-1.05837029387701,-0.901131361296931
256908904,"YLR053C","","","dma3133","Vph1_R1_Plate09",11,2,967,653,"G1 phase",-0.727087528407101,-0.830004413834363
256908913,"YLR053C","","","dma3133","Vph1_R1_Plate09",11,2,967,665,"G1 phase",-1.07453042877798,-0.994840908533246
256908915,"YLR053C","","","dma3133","Vph1_R1_Plate09",11,2,967,667,"G1 phase",-0.795768101736228,-0.757558774414204
256908917,"YLR053C","","","dma3133","Vph1_R1_Plate09",11,2,967,669,"G1 phase",-1.58357467815857,-1.60457110242441
256908925,"YLR053C","","","dma3133","Vph1_R1_Plate09",11,2,967,677,"G1 phase",-1.33309258719352,-1.55759270143523
256908935,"YLR053C","","","dma3133","Vph1_R1_Plate09",11,2,967,688,"G1 phase",-0.367524526860492,-0.0541190332867216
256908940,"YLR053C","","","dma3133","Vph1_R1_Plate09",11,2,967,694,"G1 phase",-0.589726381748846,-0.226043497257656
256908945,"YLR053C","","","dma3133","Vph1_R1_Plate09",11,2,967,699,"G1 phase",-0.852328573889627,-0.994840908533246
256908946,"YLR053C","","","dma3133","Vph1_R1_Plate09",11,2,967,700,"G1 phase",0.872765826789045,1.57454795258559
256908953,"YLR053C","","","dma3133","Vph1_R1_Plate09",11,2,967,710,"G1 phase",-0.246323515103208,-0.153597857837497
256908955,"YLR053C","","","dma3133","Vph1_R1_Plate09",11,2,967,713,"G1 phase",-0.731127562132344,-0.606898218259424
256908967,"YLR053C","","","dma3133","Vph1_R1_Plate09",11,2,967,725,"G1 phase",0.557643196220108,1.10839034557715
256908968,"YLR053C","","","dma3133","Vph1_R1_Plate09",11,2,967,726,"G1 phase",0.868725793063803,0.984762974552987
256908979,"YLR053C","","","dma3133","Vph1_R1_Plate09",11,2,967,740,"G1 phase",-1.17149123818381,-1.09852306369884
256908985,"YLR053C","","","dma3133","Vph1_R1_Plate09",11,2,967,746,"G1 phase",-0.387724695486706,-0.397967961228591
256908989,"YLR053C","","","dma3133","Vph1_R1_Plate09",11,2,967,751,"G1 phase",-0.0524018962915543,0.123574707998675
256908991,"YLR053C","","","dma3133","Vph1_R1_Plate09",11,2,967,753,"G1 phase",-0.973529585646911,-0.977780331331911
256908998,"YLR053C","","","dma3133","Vph1_R1_Plate09",11,2,967,762,"G1 phase",-1.35329275581973,-1.2591562277829
256909003,"YLR053C","","","dma3133","Vph1_R1_Plate09",11,2,967,767,"G1 phase",-1.09069056367895,-1.16965001116141
256909007,"YLR053C","","","dma3133","Vph1_R1_Plate09",11,2,967,771,"G1 phase",-1.47449376757702,-1.39275620673635
256909010,"YLR053C","","","dma3133","Vph1_R1_Plate09",11,2,967,775,"G1 phase",0.929326298942445,0.886602841959802
256909020,"YLR053C","","","dma3133","Vph1_R1_Plate09",11,2,967,787,"G1 phase",-1.31693245229255,-1.33448650586029
256909029,"YLR053C","","","dma3133","Vph1_R1_Plate09",11,2,967,798,"G1 phase",-0.949289383295454,-0.963604392787806
256909031,"YLR053C","","","dma3133","Vph1_R1_Plate09",11,2,967,800,"G1 phase",-0.993729754273125,-0.82003180590508
256909044,"YLR053C","","","dma3133","Vph1_R1_Plate09",11,2,967,816,"G1 phase",-1.11493076603041,-1.30036535145762
256909046,"YLR053C","","","dma3133","Vph1_R1_Plate09",11,2,967,818,"G1 phase",-1.07453042877798,-1.32451389793101
256909047,"YLR053C","","","dma3133","Vph1_R1_Plate09",11,2,967,819,"G1 phase",-1.26441201386439,-1.37281099087778
256909061,"YLR053C","","","dma3133","Vph1_R1_Plate09",11,2,967,834,"G1 phase",-1.23613177778769,-1.43108069175384
256909062,"YLR053C","","","dma3133","Vph1_R1_Plate09",11,2,967,835,"G1 phase",-1.16341117073332,-1.41690475320974
256909065,"YLR053C","","","dma3133","Vph1_R1_Plate09",11,2,967,838,"G1 phase",0.901046062865745,1.09709904569028
256909072,"YLR053C","","","dma3133","Vph1_R1_Plate09",11,2,967,846,"G1 phase",-0.674567089978944,-0.497446785779367
256909073,"YLR053C","","","dma3133","Vph1_R1_Plate09",11,2,967,847,"G1 phase",-1.30077231739158,-1.42399272248179
256909076,"YLR053C","","","dma3133","Vph1_R1_Plate09",11,2,967,850,"G1 phase",0.0364788456637872,0.0823655843239539
256909083,"YLR053C","","","dma3133","Vph1_R1_Plate09",11,2,968,17,"G1 phase",-1.16341117073332,-1.23500768130952
256909098,"YLR053C","","","dma3133","Vph1_R1_Plate09",11,2,968,78,"G1 phase",-0.779607966835257,-0.839977021763644
256909102,"YLR053C","","","dma3133","Vph1_R1_Plate09",11,2,968,108,"G1 phase",-0.569526213122632,-0.144943941865806
256909110,"YLR053C","","","dma3133","Vph1_R1_Plate09",11,2,968,133,"G1 phase",-1.20381150798575,-0.74049819721287
256909112,"YLR053C","","","dma3133","Vph1_R1_Plate09",11,2,968,149,"G1 phase",-1.20381150798575,-1.41690475320974
256909113,"YLR053C","","","dma3133","Vph1_R1_Plate09",11,2,968,150,"G1 phase",2.6625007670716,2.10738192169973
256909134,"YLR053C","","","dma3133","Vph1_R1_Plate09",11,2,968,232,"G1 phase",-1.36541285699546,-1.55759270143523
256909157,"YLR053C","","","dma3133","Vph1_R1_Plate09",11,2,968,304,"G1 phase",1.58785179615702,3.18458841455692
256909164,"YLR053C","","","dma3133","Vph1_R1_Plate09",11,2,968,342,"G1 phase",-1.26845204758964,-1.4510259076124
256909174,"YLR053C","","","dma3133","Vph1_R1_Plate09",11,2,968,364,"G1 phase",-1.24825187896342,-1.33737114451752
256909183,"YLR053C","","","dma3133","Vph1_R1_Plate09",11,2,968,385,"G1 phase",-1.47045373385177,-1.59591718645272
256909197,"YLR053C","","","dma3133","Vph1_R1_Plate09",11,2,968,434,"G1 phase",-1.37753295817119,-1.3998441760084
256909200,"YLR053C","","","dma3133","Vph1_R1_Plate09",11,2,968,445,"G1 phase",0.674804174252149,1.10839034557715
256909207,"YLR053C","","","dma3133","Vph1_R1_Plate09",11,2,968,468,"G1 phase",1.56361159380556,1.46089318949071
256909213,"YLR053C","","","dma3133","Vph1_R1_Plate09",11,2,968,490,"G1 phase",0.319281206430783,0.264262656224172
256909216,"YLR053C","","","dma3133","Vph1_R1_Plate09",11,2,968,495,"G1 phase",-1.41793329542362,-1.43396533041107
256909218,"YLR053C","","","dma3133","Vph1_R1_Plate09",11,2,968,498,"G1 phase",-1.18361133935954,-1.17962261909069
256909258,"YLR053C","","","dma3133","Vph1_R1_Plate09",11,2,968,574,"G1 phase",0.909126130316231,0.868223572800877
256909264,"YLR053C","","","dma3133","Vph1_R1_Plate09",11,2,968,585,"G1 phase",-1.23613177778769,-1.28330477425629
256909271,"YLR053C","","","dma3133","Vph1_R1_Plate09",11,2,968,600,"G1 phase",-1.42197332914886,-1.58174124790862
256909272,"YLR053C","","","dma3133","Vph1_R1_Plate09",11,2,968,602,"G1 phase",-1.26037198013915,-1.02475873232109
256909277,"YLR053C","","","dma3133","Vph1_R1_Plate09",11,2,968,611,"G1 phase",-1.51893413855469,-1.40561345332286
256909286,"YLR053C","","","dma3133","Vph1_R1_Plate09",11,2,968,629,"G1 phase",-0.981609653097397,-1.06019857868135
256909298,"YLR053C","","","dma3133","Vph1_R1_Plate09",11,2,968,655,"G1 phase",-0.888688877416812,-0.78170732088759
256909333,"YLR053C","","","dma3133","Vph1_R1_Plate09",11,2,968,706,"G1 phase",-0.989689720547882,-0.939455846314421
256909334,"YLR053C","","","dma3133","Vph1_R1_Plate09",11,2,968,708,"G1 phase",-0.860408641340113,-0.785910651502411
257087741,"YLR338W","OPI9","","dma3379","Vph1_R1_Plate09",4,13,338,23,"S/G2 phase",1.89085432555023,1.87586906489514
257087787,"YLR338W","OPI9","","dma3379","Vph1_R1_Plate09",4,13,340,26,"T phase",0.553603162494865,0.369510758089408
257091470,"YLR337C","VRP1","","dma3380","Vph1_R1_Plate09",4,15,345,131,"S/G2 phase",5.05824076614058,4.05863392769774
257091595,"YLR337C","VRP1","","dma3380","Vph1_R1_Plate09",4,15,346,2,"S/G2 phase",3.32102626428618,3.18326972259933
257091605,"YLR337C","VRP1","","dma3380","Vph1_R1_Plate09",4,15,346,12,"S/G2 phase",0.480882555440495,0.446159728124388
257091625,"YLR337C","VRP1","","dma3380","Vph1_R1_Plate09",4,15,346,34,"S/G2 phase",3.0301438360687,2.39584578742277
257091677,"YLR337C","VRP1","","dma3380","Vph1_R1_Plate09",4,15,346,90,"S/G2 phase",0.828325455811375,1.36141436493993
257091680,"YLR337C","VRP1","","dma3380","Vph1_R1_Plate09",4,15,346,94,"S/G2 phase",6.00360865784739,4.09118913540077
257091862,"YLR337C","VRP1","","dma3380","Vph1_R1_Plate09",4,15,347,84,"S/G2 phase",3.01802373489297,2.38166984887866
257091967,"YLR337C","VRP1","","dma3380","Vph1_R1_Plate09",4,15,347,190,"MA-single",-0.43620510018962,-0.596925610330142
257092049,"YLR337C","VRP1","","dma3380","Vph1_R1_Plate09",4,15,348,80,"S/G2 phase",3.07458420704637,2.90741584872075
257092075,"YLR337C","VRP1","","dma3380","Vph1_R1_Plate09",4,15,348,106,"S/G2 phase",5.76120663433283,3.83396178542317
257092082,"YLR337C","VRP1","","dma3380","Vph1_R1_Plate09",4,15,348,113,"S/G2 phase",1.95953489887936,1.73806575532688
257092088,"YLR337C","VRP1","","dma3380","Vph1_R1_Plate09",4,15,348,119,"S/G2 phase",2.39181850748034,2.25515783919727
257092119,"YLR337C","VRP1","","dma3380","Vph1_R1_Plate09",4,15,348,150,"G1 phase",-1.16341117073332,-1.25627158912567
257236892,"YLR039C","RIC1","","dma3121","Vph1_R1_Plate09",9,2,773,52,"G1 phase",-1.11493076603041,-1.09431973308402
257236908,"YLR039C","RIC1","","dma3121","Vph1_R1_Plate09",9,2,773,92,"G1 phase",-0.375604594310978,0.275553956111044
257236912,"YLR039C","RIC1","","dma3121","Vph1_R1_Plate09",9,2,773,107,"G1 phase",-0.601846482924574,-0.353874198896639
257236917,"YLR039C","RIC1","","dma3121","Vph1_R1_Plate09",9,2,773,122,"G1 phase",1.80197358359489,1.83177530256319
257236926,"YLR039C","RIC1","","dma3121","Vph1_R1_Plate09",9,2,773,136,"G1 phase",-1.22805171033721,-1.27910144364147
257236931,"YLR039C","RIC1","","dma3121","Vph1_R1_Plate09",9,2,773,145,"G1 phase",-1.04625019270128,-1.1937985576348
257236956,"YLR039C","RIC1","","dma3121","Vph1_R1_Plate09",9,2,773,186,"G1 phase",0.101119385267672,0.10651413079734
257236959,"YLR039C","RIC1","","dma3121","Vph1_R1_Plate09",9,2,773,189,"G1 phase",-0.569526213122632,-0.58983764105809
257236990,"YLR039C","RIC1","","dma3121","Vph1_R1_Plate09",9,2,774,40,"G1 phase",-1.25633194641391,-1.15258943396008
257237003,"YLR039C","RIC1","","dma3121","Vph1_R1_Plate09",9,2,774,55,"G1 phase",-1.34521268836925,-1.503526331174
257237012,"YLR039C","RIC1","","dma3121","Vph1_R1_Plate09",9,2,774,68,"G1 phase",-1.45025356522556,-1.64998355671396
257237018,"YLR039C","RIC1","","dma3121","Vph1_R1_Plate09",9,2,774,74,"G1 phase",-0.997769787998368,-1.10140770235607
257237030,"YLR039C","RIC1","","dma3121","Vph1_R1_Plate09",9,2,774,89,"G1 phase",1.038407209524,1.36273305689752
257237036,"YLR039C","RIC1","","dma3121","Vph1_R1_Plate09",9,2,774,103,"G1 phase",-0.997769787998368,-1.08723176381197
257237045,"YLR039C","RIC1","","dma3121","Vph1_R1_Plate09",9,2,774,116,"G1 phase",-1.40177316052265,-1.45391054626963
257237070,"YLR039C","RIC1","","dma3121","Vph1_R1_Plate09",9,2,774,154,"G1 phase",-0.448325201365348,-0.552831847998191
257237089,"YLR039C","RIC1","","dma3121","Vph1_R1_Plate09",9,2,774,182,"G1 phase",-0.666487022528459,-0.757558774414204
257237104,"YLR039C","RIC1","","dma3121","Vph1_R1_Plate09",9,2,774,204,"G1 phase",-0.961409484471183,-1.18382594970551
257237125,"YLR039C","RIC1","","dma3121","Vph1_R1_Plate09",9,2,775,7,"G1 phase",-1.46641370012653,-1.68830804173145
257237167,"YLR039C","RIC1","","dma3121","Vph1_R1_Plate09",9,2,775,96,"G1 phase",2.87258252078423,2.37458187960661
257237237,"YLR039C","RIC1","","dma3121","Vph1_R1_Plate09",9,2,775,275,"G1 phase",-0.88464884369157,-0.943659176929242
257237287,"YLR039C","RIC1","","dma3121","Vph1_R1_Plate09",9,2,776,30,"G1 phase",-0.791728068010985,-0.551513156040601
257237291,"YLR039C","RIC1","","dma3121","Vph1_R1_Plate09",9,2,776,38,"G1 phase",-0.993729754273125,-1.04313800148002
257237293,"YLR039C","RIC1","","dma3121","Vph1_R1_Plate09",9,2,776,40,"G1 phase",-1.623975015411,-1.71245658820483
257237373,"YLR039C","RIC1","","dma3121","Vph1_R1_Plate09",9,2,776,215,"G1 phase",-1.18765137308478,-1.19800188824962
257237390,"YLR039C","RIC1","","dma3121","Vph1_R1_Plate09",9,2,776,243,"G1 phase",-1.24421184523818,-1.22083174276541
257237398,"YLR039C","RIC1","","dma3121","Vph1_R1_Plate09",9,2,776,252,"G1 phase",0.00819860958708764,0.538550583403112
257363270,"YLR327C","TMA10","","dma3365","Vph1_R1_Plate09",2,9,129,35,"S/G2 phase",1.28080923303857,1.37979363409886
257363365,"YLR327C","TMA10","","dma3365","Vph1_R1_Plate09",2,9,129,130,"G1 phase",-0.694767258605158,-0.754674135756973
257363539,"YLR327C","TMA10","","dma3365","Vph1_R1_Plate09",2,9,129,307,"S/G2 phase",0.56168322994535,1.19369323158382
257363584,"YLR327C","TMA10","","dma3365","Vph1_R1_Plate09",2,9,129,352,"MA-single",-1.52297417227993,-1.71245658820483
257363669,"YLR327C","TMA10","","dma3365","Vph1_R1_Plate09",2,9,129,438,"MA-single",-1.27653211504012,-1.37569562953501
257363678,"YLR327C","TMA10","","dma3365","Vph1_R1_Plate09",2,9,129,447,"MA phase",1.10708778285313,1.84883587976453
257363684,"YLR327C","TMA10","","dma3365","Vph1_R1_Plate09",2,9,129,453,"G1 phase",-0.7553677644838,-0.847064991035697
257363705,"YLR327C","TMA10","","dma3365","Vph1_R1_Plate09",2,9,129,474,"S/G2 phase",0.58996346602205,0.713359686031278
257363747,"YLR327C","TMA10","","dma3365","Vph1_R1_Plate09",2,9,129,516,"G1 phase",0.0122386433123304,-0.0299704868133347
257363775,"YLR327C","TMA10","","dma3365","Vph1_R1_Plate09",2,9,129,545,"G1 phase",-1.43409343032459,-1.47517445408579
257363850,"YLR327C","TMA10","","dma3365","Vph1_R1_Plate09",2,9,129,621,"T phase",0.610163634648264,0.586847676349884
257363976,"YLR327C","TMA10","","dma3365","Vph1_R1_Plate09",2,9,129,750,"S/G2 phase",0.868725793063803,0.895256757931495
257363992,"YLR327C","TMA10","","dma3365","Vph1_R1_Plate09",2,9,129,766,"S/G2 phase",2.25445736082208,1.68820271568047
257364026,"YLR327C","TMA10","","dma3365","Vph1_R1_Plate09",2,9,129,800,"T phase",1.10708778285313,1.29028741747737
257364106,"YLR327C","TMA10","","dma3365","Vph1_R1_Plate09",2,9,130,22,"T phase",0.884885927964774,1.06586252994484
257364136,"YLR327C","TMA10","","dma3365","Vph1_R1_Plate09",2,9,130,55,"G1 phase",-0.399844796662434,-0.387995353299308
257364160,"YLR327C","TMA10","","dma3365","Vph1_R1_Plate09",2,9,130,80,"S/G2 phase",1.23232882833565,1.1154783148492
257364174,"YLR327C","TMA10","","dma3365","Vph1_R1_Plate09",2,9,130,94,"S/G2 phase",0.610163634648264,1.02597209822771
257364253,"YLR327C","TMA10","","dma3365","Vph1_R1_Plate09",2,9,130,173,"S/G2 phase",1.10708778285313,1.16377540779597
257364282,"YLR327C","TMA10","","dma3365","Vph1_R1_Plate09",2,9,130,203,"MA-single",-0.201883144125538,-0.3596434762111
257364365,"YLR327C","TMA10","","dma3365","Vph1_R1_Plate09",2,9,130,287,"G1 phase",-0.820008304087685,-0.885389476053187
257364367,"YLR327C","TMA10","","dma3365","Vph1_R1_Plate09",2,9,130,289,"S/G2 phase",0.569763297395836,0.548523191332395
257364425,"YLR327C","TMA10","","dma3365","Vph1_R1_Plate09",2,9,130,349,"G1 phase",-0.933129248394483,-0.905334691911751
257364427,"YLR327C","TMA10","","dma3365","Vph1_R1_Plate09",2,9,130,351,"MA-single",-1.04625019270128,-1.06885249465304
257364451,"YLR327C","TMA10","","dma3365","Vph1_R1_Plate09",2,9,130,375,"G1 phase",-0.977569619372154,-1.1937985576348
257364462,"YLR327C","TMA10","","dma3365","Vph1_R1_Plate09",2,9,130,386,"G1 phase",-1.39369309307216,-1.34025578317476
257364490,"YLR327C","TMA10","","dma3365","Vph1_R1_Plate09",2,9,130,414,"T phase",1.91105449417644,2.02076034373546
257364494,"YLR327C","TMA10","","dma3365","Vph1_R1_Plate09",2,9,130,418,"T phase",1.81813371849586,1.80053878681776
257364511,"YLR327C","TMA10","","dma3365","Vph1_R1_Plate09",2,9,130,435,"S/G2 phase",2.19385685494344,1.79188487084607
257364564,"YLR327C","TMA10","","dma3365","Vph1_R1_Plate09",2,9,130,488,"T phase",2.23425719219587,1.93257281907156
257364568,"YLR327C","TMA10","","dma3365","Vph1_R1_Plate09",2,9,130,492,"S/G2 phase",1.12728795147934,0.936465881606215
257364604,"YLR327C","TMA10","","dma3365","Vph1_R1_Plate09",2,9,130,528,"G1 phase",-0.908889046043026,-1.01898945500663
257364655,"YLR327C","TMA10","","dma3365","Vph1_R1_Plate09",2,9,130,579,"MA-single",-1.10281066485468,-1.2079744961789
257364661,"YLR327C","TMA10","","dma3365","Vph1_R1_Plate09",2,9,130,585,"S/G2 phase",-0.214003245301266,-0.0654103331735939
257364662,"YLR327C","TMA10","","dma3365","Vph1_R1_Plate09",2,9,130,586,"G1 phase",-0.0402817951158259,-0.102416126233494
257364682,"YLR327C","TMA10","","dma3365","Vph1_R1_Plate09",2,9,130,606,"T phase",1.34140973891721,1.45092058156143
257364684,"YLR327C","TMA10","","dma3365","Vph1_R1_Plate09",2,9,130,608,"S/G2 phase",0.933366332667687,0.748799532391537
257364688,"YLR327C","TMA10","","dma3365","Vph1_R1_Plate09",2,9,130,613,"S/G2 phase",0.674804174252149,0.902344727203546
257364722,"YLR327C","TMA10","","dma3365","Vph1_R1_Plate09",2,9,130,647,"G1 phase",0.0566790142900012,-0.0583223639015421
257364813,"YLR327C","TMA10","","dma3365","Vph1_R1_Plate09",2,9,131,7,"S/G2 phase",1.07072747932594,1.04723600604386
257364849,"YLR327C","TMA10","","dma3365","Vph1_R1_Plate09",2,9,131,43,"MA-single",0.121319553893886,0.203108316690885
257364865,"YLR327C","TMA10","","dma3365","Vph1_R1_Plate09",2,9,131,59,"S/G2 phase",0.884885927964774,0.770063440207692
257364918,"YLR327C","TMA10","","dma3365","Vph1_R1_Plate09",2,9,131,112,"S/G2 phase",0.957606535019144,1.03594470615699
257364929,"YLR327C","TMA10","","dma3365","Vph1_R1_Plate09",2,9,131,123,"S/G2 phase",2.33929806905218,1.73518111666965
257365037,"YLR327C","TMA10","","dma3365","Vph1_R1_Plate09",2,9,131,232,"MA-single",-1.5391343071809,-1.78490222762499
257365063,"YLR327C","TMA10","","dma3365","Vph1_R1_Plate09",2,9,131,258,"S/G2 phase",0.468762454264766,0.360856842117716
257365080,"YLR327C","TMA10","","dma3365","Vph1_R1_Plate09",2,9,131,275,"MA phase",1.73329301026576,1.33858451042414
257365111,"YLR327C","TMA10","","dma3365","Vph1_R1_Plate09",2,9,131,306,"T phase",1.45857071694925,1.963809334817
257365215,"YLR327C","TMA10","","dma3365","Vph1_R1_Plate09",2,9,131,412,"T phase",3.7573499066124,2.65884241471483
257365239,"YLR327C","TMA10","","dma3365","Vph1_R1_Plate09",2,9,131,436,"G1 phase",-0.892728911142055,-0.812943836633028
257365270,"YLR327C","TMA10","","dma3365","Vph1_R1_Plate09",2,9,131,467,"S/G2 phase",-0.613966584100303,-0.43208911563126
257365360,"YLR327C","TMA10","","dma3365","Vph1_R1_Plate09",2,9,131,557,"G1 phase",0.610163634648264,0.394977996520385
257365446,"YLR327C","TMA10","","dma3365","Vph1_R1_Plate09",2,9,131,644,"S/G2 phase",0.472802487990009,1.03594470615699
257365566,"YLR327C","TMA10","","dma3365","Vph1_R1_Plate09",2,9,131,765,"S/G2 phase",1.25252899696187,1.66537286116467
257365569,"YLR327C","TMA10","","dma3365","Vph1_R1_Plate09",2,9,131,768,"S/G2 phase",0.291000970354083,0.539869275360703
257365594,"YLR327C","TMA10","","dma3365","Vph1_R1_Plate09",2,9,131,793,"T phase",1.26868913186284,1.33438117980932
257365596,"YLR327C","TMA10","","dma3365","Vph1_R1_Plate09",2,9,131,795,"S/G2 phase",1.61613203223372,1.4110301498443
257365618,"YLR327C","TMA10","","dma3365","Vph1_R1_Plate09",2,9,131,817,"S/G2 phase",-0.0564419300167971,0.0353871833347722
257365654,"YLR327C","TMA10","","dma3365","Vph1_R1_Plate09",2,9,131,853,"S/G2 phase",1.36968997499391,1.08844512971858
257365813,"YLR327C","TMA10","","dma3365","Vph1_R1_Plate09",2,9,132,115,"S/G2 phase",0.93740636639293,1.39265088068537
257365860,"YLR327C","TMA10","","dma3365","Vph1_R1_Plate09",2,9,132,163,"S/G2 phase",0.541483061319136,1.21495713939998
257365987,"YLR327C","TMA10","","dma3365","Vph1_R1_Plate09",2,9,132,293,"G1 phase",-1.05837029387701,-1.08434712515474
257366005,"YLR327C","TMA10","","dma3365","Vph1_R1_Plate09",2,9,132,312,"MA-single",-0.872528742515841,-0.754674135756973
257366053,"YLR327C","TMA10","","dma3365","Vph1_R1_Plate09",2,9,132,362,"MA-single",-1.13109090093138,-1.22371638142264
257366123,"YLR327C","TMA10","","dma3365","Vph1_R1_Plate09",2,9,132,435,"S/G2 phase",1.03032714207351,1.30446335602147
257366129,"YLR327C","TMA10","","dma3365","Vph1_R1_Plate09",2,9,132,441,"S/G2 phase",3.15538488155122,2.89035527151941
257366190,"YLR327C","TMA10","","dma3365","Vph1_R1_Plate09",2,9,132,505,"MA phase",0.929326298942445,1.13542353070777
257366230,"YLR327C","TMA10","","dma3365","Vph1_R1_Plate09",2,9,132,547,"S/G2 phase",1.89085432555023,1.85592384903658
257366241,"YLR327C","TMA10","","dma3365","Vph1_R1_Plate09",2,9,132,558,"MA-single",-0.751327730758558,-0.874098176166314
257366261,"YLR327C","TMA10","","dma3365","Vph1_R1_Plate09",2,9,132,578,"G1 phase",-0.315004088432336,-0.47329823930598
257366274,"YLR327C","TMA10","","dma3365","Vph1_R1_Plate09",2,9,132,591,"S/G2 phase",-0.492765572343019,-0.264367982275146
257366307,"YLR327C","TMA10","","dma3365","Vph1_R1_Plate09",2,9,132,626,"S/G2 phase",0.137479688794857,0.586847676349885
257366380,"YLR327C","TMA10","","dma3365","Vph1_R1_Plate09",2,9,132,699,"T phase",1.33736970519197,1.57454795258559
257366422,"YLR327C","TMA10","","dma3365","Vph1_R1_Plate09",2,9,132,741,"S/G2 phase",-1.0381701252508,-0.775938043573128
257719091,"YLR119W","SRN2","","dma3215","Vph1_R1_Plate09",7,21,657,217,"S/G2 phase",0.0687991154657295,0.203108316690885
257719118,"YLR119W","SRN2","","dma3215","Vph1_R1_Plate09",7,21,657,244,"S/G2 phase",3.28062592703375,2.68010632253099
257719123,"YLR119W","SRN2","","dma3215","Vph1_R1_Plate09",7,21,657,249,"G1 phase",-0.298843953531365,-0.177746404310884
257719179,"YLR119W","SRN2","","dma3215","Vph1_R1_Plate09",7,21,657,305,"G1 phase",-1.54317434090615,-1.62163167962575
257719239,"YLR119W","SRN2","","dma3215","Vph1_R1_Plate09",7,21,657,365,"S/G2 phase",1.6524923357609,1.43097536570286
257719258,"YLR119W","SRN2","","dma3215","Vph1_R1_Plate09",7,21,657,384,"S/G2 phase",0.525322926418165,0.628056800024605
257719259,"YLR119W","SRN2","","dma3215","Vph1_R1_Plate09",7,21,657,385,"S/G2 phase",1.19192849108323,1.17086337706803
257719284,"YLR119W","SRN2","","dma3215","Vph1_R1_Plate09",7,21,657,412,"G1 phase",-0.589726381748846,-0.490358816507315
257719287,"YLR119W","SRN2","","dma3215","Vph1_R1_Plate09",7,21,657,415,"S/G2 phase",1.8787342243745,1.8601271796514
257719342,"YLR119W","SRN2","","dma3215","Vph1_R1_Plate09",7,21,657,472,"T phase",1.16768828873177,1.33149654115209
257719628,"YLR119W","SRN2","","dma3215","Vph1_R1_Plate09",7,21,657,762,"S/G2 phase",0.650563971900692,0.656408677112813
257719737,"YLR119W","SRN2","","dma3215","Vph1_R1_Plate09",7,21,657,873,"S/G2 phase",0.420282049561853,0.518605367544547
257719840,"YLR119W","SRN2","","dma3215","Vph1_R1_Plate09",7,21,658,8,"S/G2 phase",1.77773338124343,1.77639024034437
257719841,"YLR119W","SRN2","","dma3215","Vph1_R1_Plate09",7,21,658,9,"S/G2 phase",-0.367524526860492,-0.373819414755205
257720027,"YLR119W","SRN2","","dma3215","Vph1_R1_Plate09",7,21,658,197,"S/G2 phase",1.82621378594634,1.60001519101657
257720031,"YLR119W","SRN2","","dma3215","Vph1_R1_Plate09",7,21,658,201,"S/G2 phase",0.973766669920115,1.14539613863705
257720039,"YLR119W","SRN2","","dma3215","Vph1_R1_Plate09",7,21,658,209,"S/G2 phase",0.339481375056997,0.477396243869826
257720183,"YLR119W","SRN2","","dma3215","Vph1_R1_Plate09",7,21,658,354,"G1 phase",-0.735167595857586,-0.665167919135479
257720231,"YLR119W","SRN2","","dma3215","Vph1_R1_Plate09",7,21,658,403,"S/G2 phase",0.816205354635646,0.785805325451437
257720245,"YLR119W","SRN2","","dma3215","Vph1_R1_Plate09",7,21,658,417,"S/G2 phase",1.23232882833565,1.21363844744239
257720309,"YLR119W","SRN2","","dma3215","Vph1_R1_Plate09",7,21,658,482,"S/G2 phase",-0.201883144125538,0.190251070104372
257720336,"YLR119W","SRN2","","dma3215","Vph1_R1_Plate09",7,21,658,511,"S/G2 phase",0.634403836999721,0.923608635019703
257720338,"YLR119W","SRN2","","dma3215","Vph1_R1_Plate09",7,21,658,513,"G1 phase",-0.315004088432336,-0.0512343946294908
257720408,"YLR119W","SRN2","","dma3215","Vph1_R1_Plate09",7,21,658,585,"MA-single",-0.58164631429836,-0.47329823930598
257720533,"YLR119W","SRN2","","dma3215","Vph1_R1_Plate09",7,21,658,712,"S/G2 phase",-0.512965740969233,-0.366731445483153
257720615,"YLR119W","SRN2","","dma3215","Vph1_R1_Plate09",7,21,658,794,"S/G2 phase",-0.129162537071167,-0.0270858481561045
257720672,"YLR119W","SRN2","","dma3215","Vph1_R1_Plate09",7,21,658,853,"S/G2 phase",0.832365489536617,1.03594470615699
257720689,"YLR119W","SRN2","","dma3215","Vph1_R1_Plate09",7,21,658,872,"S/G2 phase",0.020318710762816,0.731738955190202
257720694,"YLR119W","SRN2","","dma3215","Vph1_R1_Plate09",7,21,658,877,"S/G2 phase",0.812165320910403,1.1679787384108
257720720,"YLR119W","SRN2","","dma3215","Vph1_R1_Plate09",7,21,658,905,"T phase",1.59997189733275,1.41811811911635
257720731,"YLR119W","SRN2","","dma3215","Vph1_R1_Plate09",7,21,658,916,"MA-single",-0.844248506439142,-0.832889052491594
257720757,"YLR119W","SRN2","","dma3215","Vph1_R1_Plate09",7,21,658,942,"T phase",1.72925297654052,2.21683335417978
257721137,"YLR119W","SRN2","","dma3215","Vph1_R1_Plate09",7,21,659,370,"S/G2 phase",1.38585010989488,1.19369323158382
257721172,"YLR119W","SRN2","","dma3215","Vph1_R1_Plate09",7,21,659,405,"S/G2 phase",0.194040160948256,0.382120749933872
257721179,"YLR119W","SRN2","","dma3215","Vph1_R1_Plate09",7,21,659,412,"MA-single",-1.30077231739158,-1.34157447513235
257721217,"YLR119W","SRN2","","dma3215","Vph1_R1_Plate09",7,21,659,451,"MA-single",-0.096842267269225,-0.315549713879149
257721278,"YLR119W","SRN2","","dma3215","Vph1_R1_Plate09",7,21,659,513,"S/G2 phase",-0.169562874323595,0.483165521184288
257721279,"YLR119W","SRN2","","dma3215","Vph1_R1_Plate09",7,21,659,514,"S/G2 phase",1.59997189733275,1.86301181830863
257721502,"YLR119W","SRN2","","dma3215","Vph1_R1_Plate09",7,21,659,737,"S/G2 phase",0.66268407307642,0.738826924462254
257721591,"YLR119W","SRN2","","dma3215","Vph1_R1_Plate09",7,21,659,828,"MA-single",-0.0160415927643691,-0.28142855947648
257721789,"YLR119W","SRN2","","dma3215","Vph1_R1_Plate09",7,21,659,1030,"S/G2 phase",0.408161948386124,0.522808698159368
257721844,"YLR119W","SRN2","","dma3215","Vph1_R1_Plate09",7,21,659,1086,"T phase",2.2463772933716,1.77482429364473
257721874,"YLR119W","SRN2","","dma3215","Vph1_R1_Plate09",7,21,659,1117,"S/G2 phase",-0.117042435895439,-0.0299704868133347
257721944,"YLR119W","SRN2","","dma3215","Vph1_R1_Plate09",7,21,660,50,"S/G2 phase",-0.569526213122632,-0.243104074458991
257722010,"YLR119W","SRN2","","dma3215","Vph1_R1_Plate09",7,21,660,117,"S/G2 phase",0.424322083287095,0.585528984392295
257722043,"YLR119W","SRN2","","dma3215","Vph1_R1_Plate09",7,21,660,150,"S/G2 phase",1.36968997499391,1.36273305689753
257722076,"YLR119W","SRN2","","dma3215","Vph1_R1_Plate09",7,21,660,183,"T phase",1.737333043991,1.53333882891087
257722083,"YLR119W","SRN2","","dma3215","Vph1_R1_Plate09",7,21,660,190,"MA-single",-0.925049180943998,-0.788795290159642
257722376,"YLR119W","SRN2","","dma3215","Vph1_R1_Plate09",7,21,660,486,"S/G2 phase",1.14748812010556,0.790008656066257
257722418,"YLR119W","SRN2","","dma3215","Vph1_R1_Plate09",7,21,660,528,"S/G2 phase",0.921246231491959,0.83855300375508
257722503,"YLR119W","SRN2","","dma3215","Vph1_R1_Plate09",7,21,660,615,"S/G2 phase",-0.0362417613905831,0.171871800945447
257722646,"YLR119W","SRN2","","dma3215","Vph1_R1_Plate09",7,21,660,759,"S/G2 phase",3.54726815289977,3.12500002172327
257722654,"YLR119W","SRN2","","dma3215","Vph1_R1_Plate09",7,21,660,767,"G1 phase",-0.876568776241084,-0.830004413834363
257722693,"YLR119W","SRN2","","dma3215","Vph1_R1_Plate09",7,21,660,806,"S/G2 phase",-0.218043279026509,0.021211244790668
257745837,"YLR371W","ROM2","rom2-supp1","dma3399","Vph1_R1_Plate09",8,5,689,135,"S/G2 phase",0.69096430915312,0.95352645880755
257745908,"YLR371W","ROM2","rom2-supp1","dma3399","Vph1_R1_Plate09",8,5,689,216,"MA-single",-1.47449376757702,-1.55338937082041
257745965,"YLR371W","ROM2","rom2-supp1","dma3399","Vph1_R1_Plate09",8,5,689,278,"S/G2 phase",0.650563971900692,0.673469254314147
257745997,"YLR371W","ROM2","rom2-supp1","dma3399","Vph1_R1_Plate09",8,5,689,313,"S/G2 phase",1.25252899696187,1.04014803677181
257746057,"YLR371W","ROM2","rom2-supp1","dma3399","Vph1_R1_Plate09",8,5,689,378,"T phase",3.81795041249104,3.74181818488649
257746187,"YLR371W","ROM2","rom2-supp1","dma3399","Vph1_R1_Plate09",8,5,689,516,"S/G2 phase",1.24444892951138,1.13253889205054
257746228,"YLR371W","ROM2","rom2-supp1","dma3399","Vph1_R1_Plate09",8,5,689,560,"S/G2 phase",1.47877088557546,0.99316963578263
257746518,"YLR371W","ROM2","rom2-supp1","dma3399","Vph1_R1_Plate09",8,5,689,879,"T phase",2.57362002511626,3.06384568218999
257746535,"YLR371W","ROM2","rom2-supp1","dma3399","Vph1_R1_Plate09",8,5,689,898,"S/G2 phase",1.08284758050167,1.79188487084606
257746545,"YLR371W","ROM2","rom2-supp1","dma3399","Vph1_R1_Plate09",8,5,689,908,"T phase",1.07476751305119,0.91652066574765
257746915,"YLR371W","ROM2","rom2-supp1","dma3399","Vph1_R1_Plate09",8,5,690,169,"S/G2 phase",1.57573169498129,1.26613887100398
257746928,"YLR371W","ROM2","rom2-supp1","dma3399","Vph1_R1_Plate09",8,5,690,182,"S/G2 phase",0.678844207977391,0.868223572800879
257747000,"YLR371W","ROM2","rom2-supp1","dma3399","Vph1_R1_Plate09",8,5,690,258,"G1 phase",-0.214003245301266,-0.20189495078427
257747039,"YLR371W","ROM2","rom2-supp1","dma3399","Vph1_R1_Plate09",8,5,690,298,"S/G2 phase",0.0243587444880588,-0.136537280636163
257747095,"YLR371W","ROM2","rom2-supp1","dma3399","Vph1_R1_Plate09",8,5,690,364,"G1 phase",-0.836168438988656,-0.582749671786039
257747132,"YLR371W","ROM2","rom2-supp1","dma3399","Vph1_R1_Plate09",8,5,690,408,"S/G2 phase",0.945486433843416,0.761656778978051
257747169,"YLR371W","ROM2","rom2-supp1","dma3399","Vph1_R1_Plate09",8,5,690,447,"S/G2 phase",-0.0241216602148547,0.0170079141758469
257747186,"YLR371W","ROM2","rom2-supp1","dma3399","Vph1_R1_Plate09",8,5,690,465,"S/G2 phase",0.24252056565117,0.431983789580284
257747216,"YLR371W","ROM2","rom2-supp1","dma3399","Vph1_R1_Plate09",8,5,690,499,"S/G2 phase",0.202120228398742,0.37214814200459
257747246,"YLR371W","ROM2","rom2-supp1","dma3399","Vph1_R1_Plate09",8,5,690,532,"S/G2 phase",0.0809192166414579,1.05720861397315
257747306,"YLR371W","ROM2","rom2-supp1","dma3399","Vph1_R1_Plate09",8,5,690,601,"S/G2 phase",1.53937139145411,2.0008151278769
257747399,"YLR371W","ROM2","rom2-supp1","dma3399","Vph1_R1_Plate09",8,5,690,712,"S/G2 phase",3.09478437567258,2.79532703232551
257747419,"YLR371W","ROM2","rom2-supp1","dma3399","Vph1_R1_Plate09",8,5,690,733,"S/G2 phase",0.577843364846321,0.817041841196874
257747524,"YLR371W","ROM2","rom2-supp1","dma3399","Vph1_R1_Plate09",8,5,690,851,"S/G2 phase",0.185960093497771,0.186047739489551
257747535,"YLR371W","ROM2","rom2-supp1","dma3399","Vph1_R1_Plate09",8,5,690,862,"S/G2 phase",1.41413034597158,1.48636042792169
257747586,"YLR371W","ROM2","rom2-supp1","dma3399","Vph1_R1_Plate09",8,5,690,914,"T phase",1.55553152635508,1.60578446833103
257747592,"YLR371W","ROM2","rom2-supp1","dma3399","Vph1_R1_Plate09",8,5,690,921,"S/G2 phase",1.41413034597158,1.67823010775119
257747601,"YLR371W","ROM2","rom2-supp1","dma3399","Vph1_R1_Plate09",8,5,690,932,"T phase",1.62017206595896,2.3320540639743
257747602,"YLR371W","ROM2","rom2-supp1","dma3399","Vph1_R1_Plate09",8,5,690,933,"S/G2 phase",0.0970793515424291,0.473192913255005
257747606,"YLR371W","ROM2","rom2-supp1","dma3399","Vph1_R1_Plate09",8,5,690,937,"S/G2 phase",0.262720734277384,0.407835243106899
257747711,"YLR371W","ROM2","rom2-supp1","dma3399","Vph1_R1_Plate09",8,5,691,59,"T phase",1.45049064949876,2.05488149813813
257747776,"YLR371W","ROM2","rom2-supp1","dma3399","Vph1_R1_Plate09",8,5,691,127,"S/G2 phase",0.585923432296807,0.525693336816599
257747981,"YLR371W","ROM2","rom2-supp1","dma3399","Vph1_R1_Plate09",8,5,691,345,"S/G2 phase",-0.100882300994468,0.268465986838992
257748506,"YLR371W","ROM2","rom2-supp1","dma3399","Vph1_R1_Plate09",8,5,691,910,"S/G2 phase",0.577843364846321,0.511517398272496
257748689,"YLR371W","ROM2","rom2-supp1","dma3399","Vph1_R1_Plate09",8,5,692,76,"T phase",1.6524923357609,1.32440857188004
257748879,"YLR371W","ROM2","rom2-supp1","dma3399","Vph1_R1_Plate09",8,5,692,276,"S/G2 phase",0.0768791829162151,0.459016974710901
257748911,"YLR371W","ROM2","rom2-supp1","dma3399","Vph1_R1_Plate09",8,5,692,310,"T phase",2.50897948551238,2.89192121821905
257748934,"YLR371W","ROM2","rom2-supp1","dma3399","Vph1_R1_Plate09",8,5,692,335,"G1 phase",-0.58164631429836,-0.561485763969883
257748935,"YLR371W","ROM2","rom2-supp1","dma3399","Vph1_R1_Plate09",8,5,692,336,"G1 phase",-0.0847221660934966,0.0369531300344115
257749043,"YLR371W","ROM2","rom2-supp1","dma3399","Vph1_R1_Plate09",8,5,692,450,"G1 phase",0.634403836999721,0.696299108829943
257749131,"YLR371W","ROM2","rom2-supp1","dma3399","Vph1_R1_Plate09",8,5,692,544,"S/G2 phase",0.957606535019144,0.79866257203795
257749148,"YLR371W","ROM2","rom2-supp1","dma3399","Vph1_R1_Plate09",8,5,692,561,"S/G2 phase",-0.149362705697381,-0.0583223639015426
257749170,"YLR371W","ROM2","rom2-supp1","dma3399","Vph1_R1_Plate09",8,5,692,584,"T phase",0.796005186009432,0.922289943062112
257749276,"YLR371W","ROM2","rom2-supp1","dma3399","Vph1_R1_Plate09",8,5,692,701,"S/G2 phase",-0.209963211576023,0.217284255234989
257749319,"YLR371W","ROM2","rom2-supp1","dma3399","Vph1_R1_Plate09",8,5,692,746,"S/G2 phase",1.17172832245701,1.40971145788671
257749395,"YLR371W","ROM2","rom2-supp1","dma3399","Vph1_R1_Plate09",8,5,692,830,"MA-single",-0.803848169186714,-0.660964588520659
257749473,"YLR371W","ROM2","rom2-supp1","dma3399","Vph1_R1_Plate09",8,5,692,914,"S/G2 phase",-0.618006617825545,-0.28142855947648
257749519,"YLR371W","ROM2","rom2-supp1","dma3399","Vph1_R1_Plate09",8,5,692,964,"S/G2 phase",2.59382019374248,2.97145482691127
257749558,"YLR371W","ROM2","rom2-supp1","dma3399","Vph1_R1_Plate09",8,5,692,1005,"S/G2 phase",0.884885927964774,0.848278356942312
257749637,"YLR371W","ROM2","rom2-supp1","dma3399","Vph1_R1_Plate09",8,5,692,1093,"G1 phase",-0.100882300994468,0.048244429921285
257758610,"YLR085C","ARP6","","dma3157","Vph1_R1_Plate09",15,2,1349,37,"G1 phase",-1.54721437463139,-1.7465777426075
257758726,"YLR085C","ARP6","","dma3157","Vph1_R1_Plate09",15,2,1349,206,"G1 phase",-1.34521268836925,-1.32451389793101
257758767,"YLR085C","ARP6","","dma3157","Vph1_R1_Plate09",15,2,1349,259,"G1 phase",-0.690727224879916,-0.274340590204429
257758784,"YLR085C","ARP6","","dma3157","Vph1_R1_Plate09",15,2,1349,280,"G1 phase",-1.5108540711042,-1.46520184615651
257758809,"YLR085C","ARP6","","dma3157","Vph1_R1_Plate09",15,2,1349,315,"G1 phase",-1.54721437463139,-1.79487483555427
257758819,"YLR085C","ARP6","","dma3157","Vph1_R1_Plate09",15,2,1349,325,"G1 phase",-1.57145457698284,-1.68410471111662
257758846,"YLR085C","ARP6","","dma3157","Vph1_R1_Plate09",15,2,1349,354,"G1 phase",-0.630126719001274,-0.78170732088759
257758892,"YLR085C","ARP6","","dma3157","Vph1_R1_Plate09",15,2,1350,21,"G1 phase",-0.618006617825545,-0.460440992719467
257758917,"YLR085C","ARP6","","dma3157","Vph1_R1_Plate09",15,2,1350,49,"G1 phase",-1.00180982172361,-1.2079744961789
257758925,"YLR085C","ARP6","","dma3157","Vph1_R1_Plate09",15,2,1350,63,"G1 phase",-0.0200816264896119,-0.329725652423253
257758931,"YLR085C","ARP6","","dma3157","Vph1_R1_Plate09",15,2,1350,70,"G1 phase",-1.28865221621585,-1.4510259076124
257758946,"YLR085C","ARP6","","dma3157","Vph1_R1_Plate09",15,2,1350,87,"G1 phase",0.198080194673499,0.397862635177615
257758949,"YLR085C","ARP6","","dma3157","Vph1_R1_Plate09",15,2,1350,90,"G1 phase",-1.47449376757702,-1.53344415496185
257758953,"YLR085C","ARP6","","dma3157","Vph1_R1_Plate09",15,2,1350,96,"G1 phase",-1.04221015897604,-1.05599524806653
257758967,"YLR085C","ARP6","","dma3157","Vph1_R1_Plate09",15,2,1350,113,"G1 phase",-1.47853380130226,-1.61586240231129
257759010,"YLR085C","ARP6","","dma3157","Vph1_R1_Plate09",15,2,1350,169,"G1 phase",-1.11089073230517,-1.30036535145762
257759012,"YLR085C","ARP6","","dma3157","Vph1_R1_Plate09",15,2,1350,173,"G1 phase",0.497042690341466,0.655089985155222
257759014,"YLR085C","ARP6","","dma3157","Vph1_R1_Plate09",15,2,1350,175,"G1 phase",0.573803331121079,0.630941438681837
257759017,"YLR085C","ARP6","","dma3157","Vph1_R1_Plate09",15,2,1350,178,"G1 phase",-1.50681403737896,-1.58462588656585
257759030,"YLR085C","ARP6","","dma3157","Vph1_R1_Plate09",15,2,1350,197,"G1 phase",0.848525624437589,0.902344727203546
257759031,"YLR085C","ARP6","","dma3157","Vph1_R1_Plate09",15,2,1350,198,"G1 phase",-0.85636860761487,-0.842861660420876
257759032,"YLR085C","ARP6","","dma3157","Vph1_R1_Plate09",15,2,1350,199,"G1 phase",-1.03413009152555,-1.1042923410133
257759039,"YLR085C","ARP6","","dma3157","Vph1_R1_Plate09",15,2,1350,208,"G1 phase",0.0445589131142728,0.487368851799108
257759040,"YLR085C","ARP6","","dma3157","Vph1_R1_Plate09",15,2,1350,209,"G1 phase",-1.03009005780031,-1.13841349541597
257759041,"YLR085C","ARP6","","dma3157","Vph1_R1_Plate09",15,2,1350,210,"G1 phase",-1.14321100210711,-1.30036535145762
257759045,"YLR085C","ARP6","","dma3157","Vph1_R1_Plate09",15,2,1350,214,"G1 phase",0.614203668373507,0.659293315770043
257759047,"YLR085C","ARP6","","dma3157","Vph1_R1_Plate09",15,2,1350,216,"G1 phase",-0.0120015590391263,-0.187719012240166
257759051,"YLR085C","ARP6","","dma3157","Vph1_R1_Plate09",15,2,1350,220,"G1 phase",-1.07049039505274,-1.14550146468802
257759065,"YLR085C","ARP6","","dma3157","Vph1_R1_Plate09",15,2,1350,235,"G1 phase",-0.121082469620682,-0.0541190332867216
257759075,"YLR085C","ARP6","","dma3157","Vph1_R1_Plate09",15,2,1350,245,"G1 phase",-0.981609653097397,-1.18382594970551
257759078,"YLR085C","ARP6","","dma3157","Vph1_R1_Plate09",15,2,1350,248,"G1 phase",-1.14725103583235,-1.07017118661064
257759079,"YLR085C","ARP6","","dma3157","Vph1_R1_Plate09",15,2,1350,249,"G1 phase",1.1515281538308,1.51916289036676
257759083,"YLR085C","ARP6","","dma3157","Vph1_R1_Plate09",15,2,1350,253,"G1 phase",0.0930393178171863,0.480280882527056
257759096,"YLR085C","ARP6","","dma3157","Vph1_R1_Plate09",15,2,1350,266,"G1 phase",-0.298843953531365,-0.490358816507315
257759099,"YLR085C","ARP6","","dma3157","Vph1_R1_Plate09",15,2,1350,269,"G1 phase",-1.08261049622847,-1.02896206293591
257759101,"YLR085C","ARP6","","dma3157","Vph1_R1_Plate09",15,2,1350,271,"G1 phase",-0.795768101736228,-0.946543815586473
257759105,"YLR085C","ARP6","","dma3157","Vph1_R1_Plate09",15,2,1350,275,"G1 phase",-1.03413009152555,-1.12135291821464
257759113,"YLR085C","ARP6","","dma3157","Vph1_R1_Plate09",15,2,1350,283,"G1 phase",-0.157442773147867,-0.130768003321702
257759155,"YLR085C","ARP6","","dma3157","Vph1_R1_Plate09",15,2,1351,1,"G1 phase",-1.5674145432576,-1.65418688732878
257759182,"YLR085C","ARP6","","dma3157","Vph1_R1_Plate09",15,2,1351,36,"G1 phase",-0.456405268815834,-0.412143899772694
257759193,"YLR085C","ARP6","","dma3157","Vph1_R1_Plate09",15,2,1351,51,"G1 phase",-0.222083312751752,-0.160685827109549
257759238,"YLR085C","ARP6","","dma3157","Vph1_R1_Plate09",15,2,1351,124,"G1 phase",-1.64013515031197,-1.84894120581551
257759254,"YLR085C","ARP6","","dma3157","Vph1_R1_Plate09",15,2,1351,147,"G1 phase",0.594003499747293,0.819926479854105
257759276,"YLR085C","ARP6","","dma3157","Vph1_R1_Plate09",15,2,1351,187,"G1 phase",-1.5674145432576,-1.75655035053678
257759309,"YLR085C","ARP6","","dma3157","Vph1_R1_Plate09",15,2,1351,230,"G1 phase",-1.44217349777508,-1.64998355671396
257759315,"YLR085C","ARP6","","dma3157","Vph1_R1_Plate09",15,2,1351,239,"G1 phase",-1.33713262091876,-1.4510259076124
257759322,"YLR085C","ARP6","","dma3157","Vph1_R1_Plate09",15,2,1351,247,"G1 phase",-0.246323515103208,0.397862635177615
257759326,"YLR085C","ARP6","","dma3157","Vph1_R1_Plate09",15,2,1351,251,"G1 phase",-1.5391343071809,-1.78069889701017
257759339,"YLR085C","ARP6","","dma3157","Vph1_R1_Plate09",15,2,1351,268,"G1 phase",-1.27653211504012,-1.40693214528045
257759370,"YLR085C","ARP6","","dma3157","Vph1_R1_Plate09",15,2,1351,306,"G1 phase",-1.61993498168576,-1.78069889701017
257759371,"YLR085C","ARP6","","dma3157","Vph1_R1_Plate09",15,2,1351,307,"G1 phase",-1.35329275581973,-1.58174124790862
257759374,"YLR085C","ARP6","","dma3157","Vph1_R1_Plate09",15,2,1351,311,"G1 phase",-1.60781488051003,-1.72531383479134
257759377,"YLR085C","ARP6","","dma3157","Vph1_R1_Plate09",15,2,1351,314,"G1 phase",-0.650326887627488,-0.795883259431694
257759384,"YLR085C","ARP6","","dma3157","Vph1_R1_Plate09",15,2,1351,322,"G1 phase",-1.57953464443333,-1.58462588656585
257759391,"YLR085C","ARP6","","dma3157","Vph1_R1_Plate09",15,2,1351,330,"G1 phase",-1.35733278954498,-1.55759270143523
257759455,"YLR085C","ARP6","","dma3157","Vph1_R1_Plate09",15,2,1352,28,"G1 phase",-1.30077231739158,-1.33868983647511
257759472,"YLR085C","ARP6","","dma3157","Vph1_R1_Plate09",15,2,1352,55,"G1 phase",-1.45833363267605,-1.64001094878467
257759516,"YLR085C","ARP6","","dma3157","Vph1_R1_Plate09",15,2,1352,120,"G1 phase",-1.60781488051003,-1.75655035053678
257759525,"YLR085C","ARP6","","dma3157","Vph1_R1_Plate09",15,2,1352,130,"G1 phase",2.1049761129881,2.14438771475962
257759537,"YLR085C","ARP6","","dma3157","Vph1_R1_Plate09",15,2,1352,151,"G1 phase",2.1332563490648,3.05675771291794
257759541,"YLR085C","ARP6","","dma3157","Vph1_R1_Plate09",15,2,1352,158,"G1 phase",1.9918551686813,1.95251803493013
257759543,"YLR085C","ARP6","","dma3157","Vph1_R1_Plate09",15,2,1352,163,"G1 phase",-1.47449376757702,-1.5917138558379
257759544,"YLR085C","ARP6","","dma3157","Vph1_R1_Plate09",15,2,1352,166,"G1 phase",-1.18361133935954,-1.19668319629203
257759557,"YLR085C","ARP6","","dma3157","Vph1_R1_Plate09",15,2,1352,203,"G1 phase",0.666724106801663,0.429099150923054
257759594,"YLR085C","ARP6","","dma3157","Vph1_R1_Plate09",15,2,1352,266,"G1 phase",-0.16148280687311,0.0540137072357465
257759601,"YLR085C","ARP6","","dma3157","Vph1_R1_Plate09",15,2,1352,275,"G1 phase",-1.53509427345566,-1.46520184615651
257759626,"YLR085C","ARP6","","dma3157","Vph1_R1_Plate09",15,2,1352,312,"G1 phase",1.16768828873177,0.669265923699327
257759674,"YLR085C","ARP6","","dma3157","Vph1_R1_Plate09",15,2,1352,369,"G1 phase",-0.815968270362442,-0.788795290159642
257848999,"YLR414C","PUN1","","dma3434","Vph1_R1_Plate09",14,3,1258,402,"S/G2 phase",1.40605027852109,1.36561769555476
257849343,"YLR414C","PUN1","","dma3434","Vph1_R1_Plate09",14,3,1258,746,"T phase",4.73503806812116,4.3371251854915
257849384,"YLR414C","PUN1","","dma3434","Vph1_R1_Plate09",14,3,1258,787,"S/G2 phase",1.19596852480847,1.88139108746756
257849549,"YLR414C","PUN1","","dma3434","Vph1_R1_Plate09",14,3,1258,953,"S/G2 phase",0.371801644858939,0.412038573721719
257849670,"YLR414C","PUN1","","dma3434","Vph1_R1_Plate09",14,3,1258,1074,"S/G2 phase",1.47473085185022,1.08556049106135
257849874,"YLR414C","PUN1","","dma3434","Vph1_R1_Plate09",14,3,1259,177,"G1 phase",-1.08261049622847,-0.932367877042369
257850179,"YLR414C","PUN1","","dma3434","Vph1_R1_Plate09",14,3,1259,485,"S/G2 phase",-0.141282638246896,-0.144943941865806
257850240,"YLR414C","PUN1","","dma3434","Vph1_R1_Plate09",14,3,1259,549,"G1 phase",0.444522251913309,0.443275089467157
257850309,"YLR414C","PUN1","","dma3434","Vph1_R1_Plate09",14,3,1259,618,"MA-single",-0.666487022528459,-0.442061723560542
257851825,"YLR414C","PUN1","","dma3434","Vph1_R1_Plate09",14,3,1260,811,"S/G2 phase",-0.226123346476994,-0.039943094742619
257851847,"YLR414C","PUN1","","dma3434","Vph1_R1_Plate09",14,3,1260,833,"G1 phase",-0.529125875870204,-0.462006939419107
257907726,"YLR251W","SYM1","","dma3289","Vph1_R1_Plate09",6,2,485,262,"T phase",1.49089098675119,1.73229647801242
257907773,"YLR251W","SYM1","","dma3289","Vph1_R1_Plate09",6,2,485,310,"T phase",0.905086096590988,1.3585297262827
257907820,"YLR251W","SYM1","","dma3289","Vph1_R1_Plate09",6,2,485,359,"G1 phase",-1.0664503613275,-0.805855867360976
257908170,"YLR251W","SYM1","","dma3289","Vph1_R1_Plate09",6,2,486,154,"S/G2 phase",0.133439655069614,0.528577975473829
257908183,"YLR251W","SYM1","","dma3289","Vph1_R1_Plate09",6,2,486,168,"S/G2 phase",1.038407209524,1.18792395426936
257908195,"YLR251W","SYM1","","dma3289","Vph1_R1_Plate09",6,2,486,181,"S/G2 phase",2.92510295921238,2.56068228212165
257908362,"YLR251W","SYM1","","dma3289","Vph1_R1_Plate09",6,2,486,349,"S/G2 phase",-0.0726020649177682,0.511517398272495
257908514,"YLR251W","SYM1","","dma3289","Vph1_R1_Plate09",6,2,486,504,"T phase",2.38373844002985,1.90133630332612
257908599,"YLR251W","SYM1","","dma3289","Vph1_R1_Plate09",6,2,486,590,"G1 phase",-1.35733278954498,-1.61586240231129
257908656,"YLR251W","SYM1","","dma3289","Vph1_R1_Plate09",6,2,487,19,"S/G2 phase",-0.432165066464377,-0.267252620932377
257908816,"YLR251W","SYM1","","dma3289","Vph1_R1_Plate09",6,2,487,185,"S/G2 phase",-0.937169282119726,-0.768850074301076
257908929,"YLR251W","SYM1","","dma3289","Vph1_R1_Plate09",6,2,487,300,"G1 phase",-0.98564968682264,-1.16676537250418
257908965,"YLR251W","SYM1","","dma3289","Vph1_R1_Plate09",6,2,487,336,"S/G2 phase",3.69270936700852,2.70293617704678
257909005,"YLR251W","SYM1","","dma3289","Vph1_R1_Plate09",6,2,487,377,"S/G2 phase",1.61613203223372,1.79765414816053
257909205,"YLR251W","SYM1","","dma3289","Vph1_R1_Plate09",6,2,488,2,"S/G2 phase",-0.16148280687311,0.00283197563174265
257909451,"YLR251W","SYM1","","dma3289","Vph1_R1_Plate09",6,2,488,251,"S/G2 phase",0.444522251913309,0.383686696633512
257909516,"YLR251W","SYM1","","dma3289","Vph1_R1_Plate09",6,2,488,317,"G1 phase",-1.07049039505274,-1.09431973308402
257909577,"YLR251W","SYM1","","dma3289","Vph1_R1_Plate09",6,2,488,378,"G1 phase",-1.11089073230517,-1.21085913483613
257909667,"YLR251W","SYM1","","dma3289","Vph1_R1_Plate09",6,2,488,470,"MA-single",-1.33309258719352,-1.46231720749928
257913759,"YLR357W","RSC2","","dma3387","Vph1_R1_Plate09",6,5,497,73,"S/G2 phase",1.26868913186284,1.6682574998219
257913781,"YLR357W","RSC2","","dma3387","Vph1_R1_Plate09",6,5,497,95,"S/G2 phase",2.03225550593373,1.65119692262057
257913871,"YLR357W","RSC2","","dma3387","Vph1_R1_Plate09",6,5,497,188,"S/G2 phase",2.37161833885412,2.01210642776377
257913971,"YLR357W","RSC2","","dma3387","Vph1_R1_Plate09",6,5,497,289,"G1 phase",0.266760768002626,0.254290048294888
257913999,"YLR357W","RSC2","","dma3387","Vph1_R1_Plate09",6,5,497,317,"S/G2 phase",2.88066258823471,2.14438771475962
257914090,"YLR357W","RSC2","","dma3387","Vph1_R1_Plate09",6,5,497,409,"MA-single",-0.597806449199331,-0.43497375428849
257914176,"YLR357W","RSC2","","dma3387","Vph1_R1_Plate09",6,5,497,495,"S/G2 phase",2.80794198118034,2.01655701312064
257914304,"YLR357W","RSC2","","dma3387","Vph1_R1_Plate09",6,5,497,623,"S/G2 phase",-0.0281616939400975,-0.0470310640146691
257914604,"YLR357W","RSC2","","dma3387","Vph1_R1_Plate09",6,5,498,174,"S/G2 phase",1.95953489887936,1.90001761136853
257914661,"YLR357W","RSC2","","dma3387","Vph1_R1_Plate09",6,5,498,232,"T phase",4.50071611205707,3.54838255835735
257914778,"YLR357W","RSC2","","dma3387","Vph1_R1_Plate09",6,5,498,350,"G1 phase",0.129399621344371,0.309675110513713
257914879,"YLR357W","RSC2","","dma3387","Vph1_R1_Plate09",6,5,498,451,"S/G2 phase",0.234440498200684,0.277119902810684
257914911,"YLR357W","RSC2","","dma3387","Vph1_R1_Plate09",6,5,498,483,"S/G2 phase",-0.525085842144961,-0.417913177087155
257914933,"YLR357W","RSC2","","dma3387","Vph1_R1_Plate09",6,5,498,505,"G1 phase",-0.529125875870204,-0.514507362980701
257915072,"YLR357W","RSC2","","dma3387","Vph1_R1_Plate09",6,5,498,647,"S/G2 phase",-0.662446988803216,-0.582749671786038
257915073,"YLR357W","RSC2","","dma3387","Vph1_R1_Plate09",6,5,498,648,"T phase",0.565723263670593,0.909432696475598
257915284,"YLR357W","RSC2","","dma3387","Vph1_R1_Plate09",6,5,499,99,"S/G2 phase",0.812165320910403,0.552726521947216
257915299,"YLR357W","RSC2","","dma3387","Vph1_R1_Plate09",6,5,499,114,"MA-single",-0.26248365000418,-0.332610291080484
257915398,"YLR357W","RSC2","","dma3387","Vph1_R1_Plate09",6,5,499,213,"T phase",3.70482946818424,3.09796683659265
257915416,"YLR357W","RSC2","","dma3387","Vph1_R1_Plate09",6,5,499,231,"S/G2 phase",1.59997189733275,1.94963339627289
257915422,"YLR357W","RSC2","","dma3387","Vph1_R1_Plate09",6,5,499,237,"S/G2 phase",1.38181007616964,1.4763878199924
257915433,"YLR357W","RSC2","","dma3387","Vph1_R1_Plate09",6,5,499,248,"S/G2 phase",-0.403884830387677,-0.191922342854987
257915438,"YLR357W","RSC2","","dma3387","Vph1_R1_Plate09",6,5,499,253,"G1 phase",-0.246323515103208,-0.325522321808432
257915572,"YLR357W","RSC2","","dma3387","Vph1_R1_Plate09",6,5,499,387,"MA-single",0.0283987782133016,0.0466784832216458
257915637,"YLR357W","RSC2","","dma3387","Vph1_R1_Plate09",6,5,499,452,"S/G2 phase",1.05456734442497,0.87819618073016
257915672,"YLR357W","RSC2","","dma3387","Vph1_R1_Plate09",6,5,499,489,"S/G2 phase",1.45049064949876,1.8601271796514
257915693,"YLR357W","RSC2","","dma3387","Vph1_R1_Plate09",6,5,499,511,"T phase",2.38373844002985,1.91130891125541
257915718,"YLR357W","RSC2","","dma3387","Vph1_R1_Plate09",6,5,499,536,"S/G2 phase",2.28273759689878,1.75644502448581
257915748,"YLR357W","RSC2","","dma3387","Vph1_R1_Plate09",6,5,499,567,"MA-single",-0.129162537071167,-0.0924435183042115
257915790,"YLR357W","RSC2","","dma3387","Vph1_R1_Plate09",6,5,499,610,"S/G2 phase",3.34526646663764,2.64598516812832
257915834,"YLR357W","RSC2","","dma3387","Vph1_R1_Plate09",6,5,499,655,"G1 phase",-0.0281616939400975,-0.0129099096120009
257915928,"YLR357W","RSC2","","dma3387","Vph1_R1_Plate09",6,5,499,751,"S/G2 phase",1.07072747932594,1.00891152102637
257916007,"YLR357W","RSC2","","dma3387","Vph1_R1_Plate09",6,5,499,832,"S/G2 phase",2.1332563490648,2.347548694476
257916056,"YLR357W","RSC2","","dma3387","Vph1_R1_Plate09",6,5,500,26,"T phase",0.335441341331754,0.515720728887316
257916151,"YLR357W","RSC2","","dma3387","Vph1_R1_Plate09",6,5,500,122,"S/G2 phase",0.630363803274478,0.443275089467157
257916212,"YLR357W","RSC2","","dma3387","Vph1_R1_Plate09",6,5,500,183,"MA-single",-0.339244290783793,-0.422116507701977
257916225,"YLR357W","RSC2","","dma3387","Vph1_R1_Plate09",6,5,500,196,"MA-single",-0.626086685276031,-0.572777063856756
257916302,"YLR357W","RSC2","","dma3387","Vph1_R1_Plate09",6,5,500,274,"S/G2 phase",1.05456734442497,1.93545745772879
257916382,"YLR357W","RSC2","","dma3387","Vph1_R1_Plate09",6,5,500,359,"S/G2 phase",0.274840835453112,0.582644345735064
257916499,"YLR357W","RSC2","","dma3387","Vph1_R1_Plate09",6,5,500,480,"G1 phase",0.626323769549235,0.37791741931905
257916691,"YLR357W","RSC2","","dma3387","Vph1_R1_Plate09",6,5,500,674,"S/G2 phase",1.09092764795216,0.819926479854105
257916717,"YLR357W","RSC2","","dma3387","Vph1_R1_Plate09",6,5,500,702,"G1 phase",1.10304774912788,0.625172161367375
258047402,"YLR065C","ENV10","","dma3145","Vph1_R1_Plate09",13,2,1157,57,"G1 phase",2.65846073334636,2.54230301296273
258047406,"YLR065C","ENV10","","dma3145","Vph1_R1_Plate09",13,2,1157,61,"G1 phase",-0.193803076675052,0.0723929763946713
258047418,"YLR065C","ENV10","","dma3145","Vph1_R1_Plate09",13,2,1157,86,"G1 phase",-1.32501251974303,-1.40272881466563
258047429,"YLR065C","ENV10","","dma3145","Vph1_R1_Plate09",13,2,1157,100,"G1 phase",-1.13513093465662,-1.21794710410818
258047443,"YLR065C","ENV10","","dma3145","Vph1_R1_Plate09",13,2,1157,121,"G1 phase",-0.678607123704187,-0.422116507701977
258047447,"YLR065C","ENV10","","dma3145","Vph1_R1_Plate09",13,2,1157,125,"G1 phase",-0.739207629582829,-0.360962168168692
258047456,"YLR065C","ENV10","","dma3145","Vph1_R1_Plate09",13,2,1157,138,"G1 phase",-0.399844796662434,0.254290048294888
258047458,"YLR065C","ENV10","","dma3145","Vph1_R1_Plate09",13,2,1157,141,"G1 phase",-0.298843953531365,0.649320707840761
258047464,"YLR065C","ENV10","","dma3145","Vph1_R1_Plate09",13,2,1157,149,"G1 phase",-1.26441201386439,-1.21374377349336
258047469,"YLR065C","ENV10","","dma3145","Vph1_R1_Plate09",13,2,1157,157,"G1 phase",0.0566790142900012,0.10651413079734
258047483,"YLR065C","ENV10","","dma3145","Vph1_R1_Plate09",13,2,1157,179,"G1 phase",-1.19169140681002,-1.28330477425629
258047494,"YLR065C","ENV10","","dma3145","Vph1_R1_Plate09",13,2,1157,205,"G1 phase",-0.0160415927643691,0.168987162288216
258047499,"YLR065C","ENV10","","dma3145","Vph1_R1_Plate09",13,2,1157,215,"G1 phase",-0.282683818630393,-0.518710693595522
258047537,"YLR065C","ENV10","","dma3145","Vph1_R1_Plate09",13,2,1157,280,"G1 phase",0.505122757791951,0.696299108829943
258047557,"YLR065C","ENV10","","dma3145","Vph1_R1_Plate09",13,2,1157,308,"G1 phase",-0.26248365000418,-0.328406960465662
258047566,"YLR065C","ENV10","","dma3145","Vph1_R1_Plate09",13,2,1157,323,"G1 phase",-0.0200816264896119,0.140635285200009
258047571,"YLR065C","ENV10","","dma3145","Vph1_R1_Plate09",13,2,1157,331,"G1 phase",-1.10685069857992,-0.950747146201294
258047587,"YLR065C","ENV10","","dma3145","Vph1_R1_Plate09",13,2,1157,351,"G1 phase",-1.31289241856731,-1.43396533041107
258047617,"YLR065C","ENV10","","dma3145","Vph1_R1_Plate09",13,2,1157,391,"G1 phase",1.14344808638031,1.29605669479183
258047631,"YLR065C","ENV10","","dma3145","Vph1_R1_Plate09",13,2,1157,407,"G1 phase",-0.981609653097397,-0.895362083982469
258047667,"YLR065C","ENV10","","dma3145","Vph1_R1_Plate09",13,2,1157,452,"G1 phase",2.12517628161431,1.7422690859417
258047687,"YLR065C","ENV10","","dma3145","Vph1_R1_Plate09",13,2,1158,4,"G1 phase",-0.399844796662434,0.092338192253237
258047693,"YLR065C","ENV10","","dma3145","Vph1_R1_Plate09",13,2,1158,10,"G1 phase",0.796005186009432,0.851162995599544
258047707,"YLR065C","ENV10","","dma3145","Vph1_R1_Plate09",13,2,1158,26,"G1 phase",0.860645725613317,1.46929985072035
258047710,"YLR065C","ENV10","","dma3145","Vph1_R1_Plate09",13,2,1158,29,"G1 phase",0.537443027593894,0.747480840433946
258047712,"YLR065C","ENV10","","dma3145","Vph1_R1_Plate09",13,2,1158,31,"G1 phase",0.234440498200684,0.521490006201777
258047713,"YLR065C","ENV10","","dma3145","Vph1_R1_Plate09",13,2,1158,32,"G1 phase",-0.16148280687311,-0.349670868281818
258047722,"YLR065C","ENV10","","dma3145","Vph1_R1_Plate09",13,2,1158,44,"G1 phase",-0.694767258605158,-0.604013579602194
258047736,"YLR065C","ENV10","","dma3145","Vph1_R1_Plate09",13,2,1158,62,"G1 phase",-1.59165474560906,-1.72242919613411
258047738,"YLR065C","ENV10","","dma3145","Vph1_R1_Plate09",13,2,1158,65,"G1 phase",-1.22805171033721,-1.31033795938691
258047751,"YLR065C","ENV10","","dma3145","Vph1_R1_Plate09",13,2,1158,85,"G1 phase",-1.11493076603041,-1.13552885675874
258047758,"YLR065C","ENV10","","dma3145","Vph1_R1_Plate09",13,2,1158,95,"G1 phase",1.25656903068711,1.77062096302991
258047762,"YLR065C","ENV10","","dma3145","Vph1_R1_Plate09",13,2,1158,99,"G1 phase",0.852565658162831,0.91652066574765
258047797,"YLR065C","ENV10","","dma3145","Vph1_R1_Plate09",13,2,1158,140,"G1 phase",-1.38561302562168,-1.38278359880707
258047815,"YLR065C","ENV10","","dma3145","Vph1_R1_Plate09",13,2,1158,158,"G1 phase",0.396041847210396,0.778717356179384
258047823,"YLR065C","ENV10","","dma3145","Vph1_R1_Plate09",13,2,1158,166,"G1 phase",-1.14321100210711,-1.21085913483613
258047830,"YLR065C","ENV10","","dma3145","Vph1_R1_Plate09",13,2,1158,176,"G1 phase",-1.37349292444595,-1.40981678393768
258047834,"YLR065C","ENV10","","dma3145","Vph1_R1_Plate09",13,2,1158,180,"G1 phase",-0.702847326055644,-0.263049290317556
258047844,"YLR065C","ENV10","","dma3145","Vph1_R1_Plate09",13,2,1158,192,"G1 phase",0.41624201583661,0.558495799261677
258047850,"YLR065C","ENV10","","dma3145","Vph1_R1_Plate09",13,2,1158,198,"G1 phase",-1.45025356522556,-1.69828064966073
258047883,"YLR065C","ENV10","","dma3145","Vph1_R1_Plate09",13,2,1158,234,"G1 phase",-1.05029022642652,-1.24209565058157
258047890,"YLR065C","ENV10","","dma3145","Vph1_R1_Plate09",13,2,1158,241,"G1 phase",-1.11493076603041,-1.16676537250418
258047900,"YLR065C","ENV10","","dma3145","Vph1_R1_Plate09",13,2,1158,252,"G1 phase",0.0809192166414579,-0.16488915772437
258047968,"YLR065C","ENV10","","dma3145","Vph1_R1_Plate09",13,2,1159,26,"G1 phase",-1.05029022642652,-1.06308321733858
258047980,"YLR065C","ENV10","","dma3145","Vph1_R1_Plate09",13,2,1159,38,"G1 phase",-1.3694528907207,-1.47805909274302
258047981,"YLR065C","ENV10","","dma3145","Vph1_R1_Plate09",13,2,1159,39,"G1 phase",-0.803848169186714,-0.827119775177131
258047982,"YLR065C","ENV10","","dma3145","Vph1_R1_Plate09",13,2,1159,40,"G1 phase",-0.824048337812928,-0.888274114710418
258047994,"YLR065C","ENV10","","dma3145","Vph1_R1_Plate09",13,2,1159,52,"G1 phase",0.533402993868651,0.76165677897805
258047996,"YLR065C","ENV10","","dma3145","Vph1_R1_Plate09",13,2,1159,55,"G1 phase",-0.549326044496418,-0.00582194033994844
258047998,"YLR065C","ENV10","","dma3145","Vph1_R1_Plate09",13,2,1159,57,"G1 phase",-1.44217349777508,-1.59591718645272
258048001,"YLR065C","ENV10","","dma3145","Vph1_R1_Plate09",13,2,1159,60,"G1 phase",0.355641509957968,0.997620221139502
258048002,"YLR065C","ENV10","","dma3145","Vph1_R1_Plate09",13,2,1159,61,"G1 phase",0.000118542136602053,-0.213186250671143
258048004,"YLR065C","ENV10","","dma3145","Vph1_R1_Plate09",13,2,1159,63,"G1 phase",0.0243587444880588,-0.257280013003094
258048011,"YLR065C","ENV10","","dma3145","Vph1_R1_Plate09",13,2,1159,70,"G1 phase",-1.09473059740419,-1.29039274352834
258048015,"YLR065C","ENV10","","dma3145","Vph1_R1_Plate09",13,2,1159,74,"G1 phase",0.666724106801663,0.727535624575381
258048017,"YLR065C","ENV10","","dma3145","Vph1_R1_Plate09",13,2,1159,76,"G1 phase",-1.25229191268866,-1.27621680498424
258048018,"YLR065C","ENV10","","dma3145","Vph1_R1_Plate09",13,2,1159,77,"G1 phase",-0.448325201365348,-0.596925610330142
258048024,"YLR065C","ENV10","","dma3145","Vph1_R1_Plate09",13,2,1159,84,"G1 phase",-1.34117265464401,-1.48226242335784
258048030,"YLR065C","ENV10","","dma3145","Vph1_R1_Plate09",13,2,1159,94,"G1 phase",-0.347324358234278,-0.463325631376698
258048035,"YLR065C","ENV10","","dma3145","Vph1_R1_Plate09",13,2,1159,100,"G1 phase",0.230400464475441,0.174756439602677
258048040,"YLR065C","ENV10","","dma3145","Vph1_R1_Plate09",13,2,1159,105,"G1 phase",1.87065415692402,1.3598484182403
258048043,"YLR065C","ENV10","","dma3145","Vph1_R1_Plate09",13,2,1159,110,"G1 phase",-0.698807292330401,-0.892477445325238
258048049,"YLR065C","ENV10","","dma3145","Vph1_R1_Plate09",13,2,1159,116,"G1 phase",1.87065415692402,1.93125412711397
258048073,"YLR065C","ENV10","","dma3145","Vph1_R1_Plate09",13,2,1159,146,"G1 phase",-0.678607123704187,-0.805855867360976
258048074,"YLR065C","ENV10","","dma3145","Vph1_R1_Plate09",13,2,1159,147,"G1 phase",-1.15129106955759,-1.04602264013725
258048076,"YLR065C","ENV10","","dma3145","Vph1_R1_Plate09",13,2,1159,149,"G1 phase",-1.45025356522556,-1.22791971203747
258048085,"YLR065C","ENV10","","dma3145","Vph1_R1_Plate09",13,2,1159,158,"G1 phase",0.670764140526906,1.02597209822771
258048097,"YLR065C","ENV10","","dma3145","Vph1_R1_Plate09",13,2,1159,171,"G1 phase",0.0526389805647584,0.164783831673395
258048100,"YLR065C","ENV10","","dma3145","Vph1_R1_Plate09",13,2,1159,175,"G1 phase",-0.197843110400295,-0.0966468489190332
258048101,"YLR065C","ENV10","","dma3145","Vph1_R1_Plate09",13,2,1159,176,"G1 phase",0.670764140526906,0.640914046611119
258048103,"YLR065C","ENV10","","dma3145","Vph1_R1_Plate09",13,2,1159,179,"G1 phase",-0.727087528407101,-0.878301506781135
258048118,"YLR065C","ENV10","","dma3145","Vph1_R1_Plate09",13,2,1159,194,"G1 phase",-1.04625019270128,-1.2079744961789
258048122,"YLR065C","ENV10","","dma3145","Vph1_R1_Plate09",13,2,1159,198,"G1 phase",0.682884241702634,0.98896630516781
258048131,"YLR065C","ENV10","","dma3145","Vph1_R1_Plate09",13,2,1159,207,"G1 phase",-1.10685069857992,-1.1937985576348
258048133,"YLR065C","ENV10","","dma3145","Vph1_R1_Plate09",13,2,1159,209,"G1 phase",-0.169562874323595,-0.0171132402268214
258048146,"YLR065C","ENV10","","dma3145","Vph1_R1_Plate09",13,2,1159,226,"G1 phase",-1.19169140681002,-1.2591562277829
258048147,"YLR065C","ENV10","","dma3145","Vph1_R1_Plate09",13,2,1159,228,"G1 phase",-0.678607123704187,-0.849949629692927
258048148,"YLR065C","ENV10","","dma3145","Vph1_R1_Plate09",13,2,1159,233,"G1 phase",-1.47853380130226,-1.60457110242441
258048155,"YLR065C","ENV10","","dma3145","Vph1_R1_Plate09",13,2,1159,241,"G1 phase",0.246560599376412,0.0282992140627198
258048158,"YLR065C","ENV10","","dma3145","Vph1_R1_Plate09",13,2,1160,2,"G1 phase",0.977806703645358,1.4992176745082
258048178,"YLR065C","ENV10","","dma3145","Vph1_R1_Plate09",13,2,1160,24,"G1 phase",-0.0281616939400975,0.517286675586957
258048179,"YLR065C","ENV10","","dma3145","Vph1_R1_Plate09",13,2,1160,25,"G1 phase",-1.32905255346828,-1.44393793834035
258048180,"YLR065C","ENV10","","dma3145","Vph1_R1_Plate09",13,2,1160,26,"G1 phase",-1.5108540711042,-1.53344415496185
258048185,"YLR065C","ENV10","","dma3145","Vph1_R1_Plate09",13,2,1160,31,"G1 phase",0.868725793063803,1.138308169365
258048196,"YLR065C","ENV10","","dma3145","Vph1_R1_Plate09",13,2,1160,42,"G1 phase",-1.11897079975565,-1.3486624444044
258048204,"YLR065C","ENV10","","dma3145","Vph1_R1_Plate09",13,2,1160,50,"G1 phase",0.105159418992915,0.747480840433946
258048217,"YLR065C","ENV10","","dma3145","Vph1_R1_Plate09",13,2,1160,64,"G1 phase",-1.13917096838187,-1.17673798043346
258048248,"YLR065C","ENV10","","dma3145","Vph1_R1_Plate09",13,2,1160,95,"G1 phase",0.0283987782133016,0.160580501058574
258048253,"YLR065C","ENV10","","dma3145","Vph1_R1_Plate09",13,2,1160,100,"G1 phase",0.553603162494865,0.693414470172712
258048254,"YLR065C","ENV10","","dma3145","Vph1_R1_Plate09",13,2,1160,102,"G1 phase",0.347561442507482,0.419126542993771
258048264,"YLR065C","ENV10","","dma3145","Vph1_R1_Plate09",13,2,1160,112,"G1 phase",0.00819860958708764,0.198904986076063
258048271,"YLR065C","ENV10","","dma3145","Vph1_R1_Plate09",13,2,1160,119,"G1 phase",-1.22805171033721,-1.03184670159315
258048272,"YLR065C","ENV10","","dma3145","Vph1_R1_Plate09",13,2,1160,120,"G1 phase",-1.11897079975565,-1.29039274352834
258048274,"YLR065C","ENV10","","dma3145","Vph1_R1_Plate09",13,2,1160,123,"G1 phase",-0.504885673518747,-0.325522321808432
258048277,"YLR065C","ENV10","","dma3145","Vph1_R1_Plate09",13,2,1160,126,"G1 phase",-1.25633194641391,-1.47517445408579
258048301,"YLR065C","ENV10","","dma3145","Vph1_R1_Plate09",13,2,1160,152,"G1 phase",-1.60377484678479,-1.66704413391529
258048316,"YLR065C","ENV10","","dma3145","Vph1_R1_Plate09",13,2,1160,170,"G1 phase",0.553603162494865,0.80286590265277
258048318,"YLR065C","ENV10","","dma3145","Vph1_R1_Plate09",13,2,1160,172,"G1 phase",-0.601846482924574,-0.599810248987373
258048338,"YLR065C","ENV10","","dma3145","Vph1_R1_Plate09",13,2,1160,194,"G1 phase",0.913166164041473,1.25196293245988
258048341,"YLR065C","ENV10","","dma3145","Vph1_R1_Plate09",13,2,1160,197,"G1 phase",-0.937169282119726,-1.01898945500663
258048357,"YLR065C","ENV10","","dma3145","Vph1_R1_Plate09",13,2,1160,215,"G1 phase",-1.20785154171099,-1.28330477425629
258048365,"YLR065C","ENV10","","dma3145","Vph1_R1_Plate09",13,2,1160,223,"G1 phase",-1.25229191268866,-1.42399272248179
258048373,"YLR065C","ENV10","","dma3145","Vph1_R1_Plate09",13,2,1160,231,"G1 phase",-0.0685620311925254,-0.112388734162776
258048395,"YLR065C","ENV10","","dma3145","Vph1_R1_Plate09",13,2,1160,257,"G1 phase",-0.88464884369157,-0.888274114710418
258048402,"YLR065C","ENV10","","dma3145","Vph1_R1_Plate09",13,2,1160,264,"G1 phase",-1.19573144053526,-1.08723176381197
258048410,"YLR065C","ENV10","","dma3145","Vph1_R1_Plate09",13,2,1160,272,"G1 phase",-1.01392992289934,-1.21794710410818
258048416,"YLR065C","ENV10","","dma3145","Vph1_R1_Plate09",13,2,1160,279,"G1 phase",-1.40985322797313,-1.64001094878467
258048420,"YLR065C","ENV10","","dma3145","Vph1_R1_Plate09",13,2,1160,283,"G1 phase",-0.961409484471183,-1.11558364090018
258048431,"YLR065C","ENV10","","dma3145","Vph1_R1_Plate09",13,2,1160,295,"G1 phase",0.246560599376412,0.672150562356557
258048432,"YLR065C","ENV10","","dma3145","Vph1_R1_Plate09",13,2,1160,296,"G1 phase",-1.10685069857992,-1.22791971203747
258048435,"YLR065C","ENV10","","dma3145","Vph1_R1_Plate09",13,2,1160,299,"G1 phase",-0.0281616939400975,0.473192913255005
258048436,"YLR065C","ENV10","","dma3145","Vph1_R1_Plate09",13,2,1160,300,"G1 phase",-0.460445302541076,-0.480386208578032
258048439,"YLR065C","ENV10","","dma3145","Vph1_R1_Plate09",13,2,1160,303,"G1 phase",-1.16745120445857,-1.2449802892388
258048440,"YLR065C","ENV10","","dma3145","Vph1_R1_Plate09",13,2,1160,304,"G1 phase",-1.18765137308478,-1.30036535145762
258048447,"YLR065C","ENV10","","dma3145","Vph1_R1_Plate09",13,2,1160,312,"G1 phase",-1.24421184523818,-1.33448650586029
258048451,"YLR065C","ENV10","","dma3145","Vph1_R1_Plate09",13,2,1160,316,"G1 phase",-0.977569619372154,-0.932367877042369
258048464,"YLR065C","ENV10","","dma3145","Vph1_R1_Plate09",13,2,1160,330,"G1 phase",-1.22401167661196,-1.32031056731619
258048473,"YLR065C","ENV10","","dma3145","Vph1_R1_Plate09",13,2,1160,341,"G1 phase",0.0364788456637872,0.048244429921285
258048479,"YLR065C","ENV10","","dma3145","Vph1_R1_Plate09",13,2,1160,347,"G1 phase",-0.456405268815834,-0.568573733241935
258048481,"YLR065C","ENV10","","dma3145","Vph1_R1_Plate09",13,2,1160,349,"G1 phase",0.86468575933856,0.946438489535498
258048485,"YLR065C","ENV10","","dma3145","Vph1_R1_Plate09",13,2,1160,353,"G1 phase",-1.18361133935954,-1.17962261909069
258048486,"YLR065C","ENV10","","dma3145","Vph1_R1_Plate09",13,2,1160,354,"G1 phase",0.921246231491959,1.42809072704563
258048487,"YLR065C","ENV10","","dma3145","Vph1_R1_Plate09",13,2,1160,355,"G1 phase",-1.28461218249061,-1.52347154703256
258048488,"YLR065C","ENV10","","dma3145","Vph1_R1_Plate09",13,2,1160,356,"G1 phase",0.383921746034667,0.397862635177616
258048500,"YLR065C","ENV10","","dma3145","Vph1_R1_Plate09",13,2,1160,370,"G1 phase",0.181920059772528,0.285526564040327
258048501,"YLR065C","ENV10","","dma3145","Vph1_R1_Plate09",13,2,1160,371,"G1 phase",-0.876568776241084,-0.926598599727908
258048504,"YLR065C","ENV10","","dma3145","Vph1_R1_Plate09",13,2,1160,374,"G1 phase",-1.34925272209449,-1.53344415496185
258048508,"YLR065C","ENV10","","dma3145","Vph1_R1_Plate09",13,2,1160,378,"G1 phase",0.888925961690017,1.12124759216366
258048513,"YLR065C","ENV10","","dma3145","Vph1_R1_Plate09",13,2,1160,383,"G1 phase",-1.09877063112944,-1.27621680498424
258048514,"YLR065C","ENV10","","dma3145","Vph1_R1_Plate09",13,2,1160,384,"G1 phase",-1.01392992289934,-0.946543815586473
258048520,"YLR065C","ENV10","","dma3145","Vph1_R1_Plate09",13,2,1160,390,"G1 phase",-1.12705086720614,-1.23500768130952
258048525,"YLR065C","ENV10","","dma3145","Vph1_R1_Plate09",13,2,1160,395,"G1 phase",-0.108962368444953,0.126459346655905
258048527,"YLR065C","ENV10","","dma3145","Vph1_R1_Plate09",13,2,1160,398,"G1 phase",0.347561442507482,0.548523191332395
258048531,"YLR065C","ENV10","","dma3145","Vph1_R1_Plate09",13,2,1160,402,"G1 phase",-1.25229191268866,-1.46520184615651
258048538,"YLR065C","ENV10","","dma3145","Vph1_R1_Plate09",13,2,1160,409,"G1 phase",-0.444285167640105,-0.122361342092059
258048539,"YLR065C","ENV10","","dma3145","Vph1_R1_Plate09",13,2,1160,410,"G1 phase",-1.09069056367895,-1.22503507338024
258048541,"YLR065C","ENV10","","dma3145","Vph1_R1_Plate09",13,2,1160,412,"G1 phase",0.715204511504577,1.08003846848894
258048545,"YLR065C","ENV10","","dma3145","Vph1_R1_Plate09",13,2,1160,417,"G1 phase",-1.15533110328284,-1.39275620673635
258048550,"YLR065C","ENV10","","dma3145","Vph1_R1_Plate09",13,2,1160,422,"G1 phase",-1.39369309307216,-1.36860766026296
258048559,"YLR065C","ENV10","","dma3145","Vph1_R1_Plate09",13,2,1160,431,"G1 phase",-0.517005774694476,-0.167773796381601
258048562,"YLR065C","ENV10","","dma3145","Vph1_R1_Plate09",13,2,1160,435,"G1 phase",-1.00180982172361,-1.07725915588269
258048571,"YLR065C","ENV10","","dma3145","Vph1_R1_Plate09",13,2,1160,444,"G1 phase",-0.601846482924574,-0.751789497099742
258126181,"YLR131C","ACE2","","dma3228","Vph1_R1_Plate09",9,23,857,71,"MA-single",-1.03009005780031,-0.827119775177131
258126187,"YLR131C","ACE2","","dma3228","Vph1_R1_Plate09",9,23,857,77,"MA-single",-1.26845204758964,-1.39275620673635
258126327,"YLR131C","ACE2","","dma3228","Vph1_R1_Plate09",9,23,859,21,"S/G2 phase",1.83025381967159,1.55748737538426
258126396,"YLR131C","ACE2","","dma3228","Vph1_R1_Plate09",9,23,860,1,"MA-single",-1.37349292444595,-1.40693214528045
258142643,"YLR386W","VAC14","","dma3411","Vph1_R1_Plate09",10,5,881,27,"G1 phase",-0.557406111946903,-0.555716486655422
258142758,"YLR386W","VAC14","","dma3411","Vph1_R1_Plate09",10,5,881,146,"MA-single",-1.31289241856731,-1.28907405157075
258142830,"YLR386W","VAC14","","dma3411","Vph1_R1_Plate09",10,5,881,223,"MA-single",0.000118542136602053,-0.0711796104880554
258142856,"YLR386W","VAC14","","dma3411","Vph1_R1_Plate09",10,5,881,249,"MA phase",1.22828879461041,1.72520850874037
258142868,"YLR386W","VAC14","","dma3411","Vph1_R1_Plate09",10,5,881,261,"MA-single",-0.666487022528459,-0.720552981354304
258142946,"YLR386W","VAC14","","dma3411","Vph1_R1_Plate09",10,5,881,344,"S/G2 phase",4.46435580852989,2.95727888836716
258143070,"YLR386W","VAC14","","dma3411","Vph1_R1_Plate09",10,5,881,484,"S/G2 phase",6.07228923117652,4.53319819593582
258143107,"YLR386W","VAC14","","dma3411","Vph1_R1_Plate09",10,5,881,526,"S/G2 phase",-0.981609653097397,-0.572777063856756
258143112,"YLR386W","VAC14","","dma3411","Vph1_R1_Plate09",10,5,882,6,"MA-single",-1.4542935989508,-1.52924082434702
258143125,"YLR386W","VAC14","","dma3411","Vph1_R1_Plate09",10,5,882,21,"S/G2 phase",0.000118542136602053,0.14483861581483
258143133,"YLR386W","VAC14","","dma3411","Vph1_R1_Plate09",10,5,882,29,"S/G2 phase",1.82621378594634,1.87298442623791
258143155,"YLR386W","VAC14","","dma3411","Vph1_R1_Plate09",10,5,882,52,"G1 phase",-1.08665052995371,-1.06019857868135
258143157,"YLR386W","VAC14","","dma3411","Vph1_R1_Plate09",10,5,882,54,"T phase",6.15712993940662,4.34998243207802
258143163,"YLR386W","VAC14","","dma3411","Vph1_R1_Plate09",10,5,882,60,"G1 phase",-0.743247663308072,-0.854152960307749
258143167,"YLR386W","VAC14","","dma3411","Vph1_R1_Plate09",10,5,882,64,"G1 phase",-0.521045808419718,-0.425001146359208
258143203,"YLR386W","VAC14","","dma3411","Vph1_R1_Plate09",10,5,882,104,"G1 phase",-1.14725103583235,-1.14838610334526
258143215,"YLR386W","VAC14","","dma3411","Vph1_R1_Plate09",10,5,882,116,"S/G2 phase",-0.0322017276653403,0.247202079022837
258143240,"YLR386W","VAC14","","dma3411","Vph1_R1_Plate09",10,5,882,141,"MA-single",-1.21997164288672,-1.30745332072968
258143241,"YLR386W","VAC14","","dma3411","Vph1_R1_Plate09",10,5,882,142,"MA-single",-0.953329417020697,-0.845746299078106
258143253,"YLR386W","VAC14","","dma3411","Vph1_R1_Plate09",10,5,882,154,"G1 phase",-1.0381701252508,-1.17673798043346
258143258,"YLR386W","VAC14","","dma3411","Vph1_R1_Plate09",10,5,882,160,"MA-single",-1.41389326169838,-1.52347154703256
258143272,"YLR386W","VAC14","","dma3411","Vph1_R1_Plate09",10,5,882,175,"G1 phase",-1.21593160916148,-1.38278359880707
258143304,"YLR386W","VAC14","","dma3411","Vph1_R1_Plate09",10,5,882,208,"G1 phase",-0.997769787998368,-1.10717697967053
258143330,"YLR386W","VAC14","","dma3411","Vph1_R1_Plate09",10,5,882,234,"S/G2 phase",-0.270563717454665,-0.00293730168271827
258143388,"YLR386W","VAC14","","dma3411","Vph1_R1_Plate09",10,5,882,294,"S/G2 phase",0.876805860514288,0.738826924462254
258143434,"YLR386W","VAC14","","dma3411","Vph1_R1_Plate09",10,5,882,340,"MA-single",-1.36137282327022,-1.4226740305242
258143445,"YLR386W","VAC14","","dma3411","Vph1_R1_Plate09",10,5,882,351,"G1 phase",-0.977569619372154,-0.991956269876014
258143514,"YLR386W","VAC14","","dma3411","Vph1_R1_Plate09",10,5,882,422,"T phase",0.783885084833704,0.700502439444764
258143585,"YLR386W","VAC14","","dma3411","Vph1_R1_Plate09",10,5,882,494,"MA-single",-1.00584985544885,-1.15967740323213
258143592,"YLR386W","VAC14","","dma3411","Vph1_R1_Plate09",10,5,882,502,"MA-single",-0.7553677644838,-0.659398641821018
258143594,"YLR386W","VAC14","","dma3411","Vph1_R1_Plate09",10,5,882,505,"MA-single",-1.23209174406245,-1.21794710410818
258143608,"YLR386W","VAC14","","dma3411","Vph1_R1_Plate09",10,5,882,519,"S/G2 phase",-0.13320257079641,0.150607893129291
258143647,"YLR386W","VAC14","","dma3411","Vph1_R1_Plate09",10,5,882,561,"T phase",2.58978016001723,1.71655459276868
258143673,"YLR386W","VAC14","","dma3411","Vph1_R1_Plate09",10,5,883,2,"MA-single",-0.577606280573117,-0.713465012082253
258143691,"YLR386W","VAC14","","dma3411","Vph1_R1_Plate09",10,5,883,21,"S/G2 phase",-0.0322017276653403,-0.0682949718308252
258143721,"YLR386W","VAC14","","dma3411","Vph1_R1_Plate09",10,5,883,52,"MA-single",-1.11493076603041,-1.27621680498424
258143743,"YLR386W","VAC14","","dma3411","Vph1_R1_Plate09",10,5,883,74,"MA-single",-1.35329275581973,-1.49932300055918
258143755,"YLR386W","VAC14","","dma3411","Vph1_R1_Plate09",10,5,883,86,"G1 phase",-1.07857046250322,-1.12844088748669
258143770,"YLR386W","VAC14","","dma3411","Vph1_R1_Plate09",10,5,883,102,"S/G2 phase",-0.759407798209043,-0.0995314875762627
258143851,"YLR386W","VAC14","","dma3411","Vph1_R1_Plate09",10,5,883,185,"T phase",0.897006029140502,1.20498453147069
258143903,"YLR386W","VAC14","","dma3411","Vph1_R1_Plate09",10,5,883,242,"G1 phase",-1.11897079975565,-1.222150434723
258143933,"YLR386W","VAC14","","dma3411","Vph1_R1_Plate09",10,5,883,272,"G1 phase",-0.076642098643011,-0.0270858481561045
258143965,"YLR386W","VAC14","","dma3411","Vph1_R1_Plate09",10,5,883,306,"G1 phase",-0.670527056253702,-0.668052557792711
258144006,"YLR386W","VAC14","","dma3411","Vph1_R1_Plate09",10,5,883,350,"G1 phase",-0.432165066464377,-0.314231021921559
258144014,"YLR386W","VAC14","","dma3411","Vph1_R1_Plate09",10,5,883,360,"MA-single",-1.0664503613275,-1.12135291821464
258144033,"YLR386W","VAC14","","dma3411","Vph1_R1_Plate09",10,5,883,379,"MA-single",-0.916969113493512,-0.943659176929242
258144047,"YLR386W","VAC14","","dma3411","Vph1_R1_Plate09",10,5,883,393,"S/G2 phase",0.0283987782133016,0.123574707998675
258144085,"YLR386W","VAC14","","dma3411","Vph1_R1_Plate09",10,5,883,436,"S/G2 phase",-0.0120015590391263,0.397862635177615
258144181,"YLR386W","VAC14","","dma3411","Vph1_R1_Plate09",10,5,884,22,"MA-single",-0.525085842144961,-0.609782856916654
258144209,"YLR386W","VAC14","","dma3411","Vph1_R1_Plate09",10,5,884,52,"MA-single",-1.09069056367895,-1.08723176381197
258144223,"YLR386W","VAC14","","dma3411","Vph1_R1_Plate09",10,5,884,67,"S/G2 phase",2.10901614671334,1.90422094198336
258144245,"YLR386W","VAC14","","dma3411","Vph1_R1_Plate09",10,5,884,90,"MA-single",-1.13513093465662,-1.26624419705496
258144316,"YLR386W","VAC14","","dma3411","Vph1_R1_Plate09",10,5,884,163,"MA-single",-0.775567933110014,-0.726322258668765
258144321,"YLR386W","VAC14","","dma3411","Vph1_R1_Plate09",10,5,884,168,"S/G2 phase",0.456642353089038,0.595254337579528
258144329,"YLR386W","VAC14","","dma3411","Vph1_R1_Plate09",10,5,884,177,"MA-single",-0.969489551921668,-0.997725547190476
258144345,"YLR386W","VAC14","","dma3411","Vph1_R1_Plate09",10,5,884,195,"MA-single",-0.872528742515841,-0.865444260194622
258144349,"YLR386W","VAC14","","dma3411","Vph1_R1_Plate09",10,5,884,200,"G1 phase",-0.973529585646911,-1.0389346708652
258144394,"YLR386W","VAC14","","dma3411","Vph1_R1_Plate09",10,5,884,247,"MA-single",-1.00584985544885,-1.05022597075207
258144482,"YLR386W","VAC14","","dma3411","Vph1_R1_Plate09",10,5,884,341,"T phase",0.533402993868651,0.819926479854105
258144540,"YLR386W","VAC14","","dma3411","Vph1_R1_Plate09",10,5,884,402,"MA-single",-0.622046651550788,-0.541540548111317
258144563,"YLR386W","VAC14","","dma3411","Vph1_R1_Plate09",10,5,884,428,"S/G2 phase",1.02628710834827,0.896575449889085
258144595,"YLR386W","VAC14","","dma3411","Vph1_R1_Plate09",10,5,884,463,"S/G2 phase",0.0243587444880588,0.282641925383096
258144648,"YLR386W","VAC14","","dma3411","Vph1_R1_Plate09",10,5,884,519,"MA-single",-1.44217349777508,-1.47517445408579
258191377,"YML097C","VPS9","","dma3596","Vph1_R1_Plate10",7,15,633,13,"T phase",4.54393897178289,3.40519180334209
258191459,"YML097C","VPS9","","dma3596","Vph1_R1_Plate10",7,15,633,95,"T phase",4.39104852214738,2.88755848644363
258191506,"YML097C","VPS9","","dma3596","Vph1_R1_Plate10",7,15,633,143,"S/G2 phase",0.459019778957062,0.556026295152263
258191575,"YML097C","VPS9","","dma3596","Vph1_R1_Plate10",7,15,634,9,"S/G2 phase",0.447258975138946,0.723100522562659
258191678,"YML097C","VPS9","","dma3596","Vph1_R1_Plate10",7,15,634,114,"S/G2 phase",0.745199338531233,0.762294006422257
258191692,"YML097C","VPS9","","dma3596","Vph1_R1_Plate10",7,15,634,128,"T phase",3.01111420748836,2.8152818614197
258191702,"YML097C","VPS9","","dma3596","Vph1_R1_Plate10",7,15,634,138,"S/G2 phase",1.51749212258756,1.96629338921828
258191786,"YML097C","VPS9","","dma3596","Vph1_R1_Plate10",7,15,634,227,"S/G2 phase",0.333571204897152,0.399514231543672
258191822,"YML097C","VPS9","","dma3596","Vph1_R1_Plate10",7,15,635,17,"S/G2 phase",-0.615133636430921,-0.396663421648715
258191830,"YML097C","VPS9","","dma3596","Vph1_R1_Plate10",7,15,635,26,"T phase",1.77230953864675,1.65326926200111
258191880,"YML097C","VPS9","","dma3596","Vph1_R1_Plate10",7,15,635,78,"S/G2 phase",-0.223106842493701,-0.0880911155380816
258191941,"YML097C","VPS9","","dma3596","Vph1_R1_Plate10",7,15,635,140,"S/G2 phase",0.713837195016255,0.686962210050693
258191944,"YML097C","VPS9","","dma3596","Vph1_R1_Plate10",7,15,635,145,"S/G2 phase",0.368853616351501,0.462625342524716
258191951,"YML097C","VPS9","","dma3596","Vph1_R1_Plate10",7,15,635,152,"G1 phase",0.243405042291591,0.157108207761712
258192006,"YML097C","VPS9","","dma3596","Vph1_R1_Plate10",7,15,635,207,"T phase",5.81018551620011,3.94700461919179
258192156,"YML097C","VPS9","","dma3596","Vph1_R1_Plate10",7,15,636,106,"T phase",2.06240936616029,2.4705712427971
258192162,"YML097C","VPS9","","dma3596","Vph1_R1_Plate10",7,15,636,112,"MA phase",1.68606364398056,1.81589166830495
258192216,"YML097C","VPS9","","dma3596","Vph1_R1_Plate10",7,15,636,166,"T phase",2.69357250439922,3.190020449859
258192245,"YML097C","VPS9","","dma3596","Vph1_R1_Plate10",7,15,636,195,"T phase",2.12513365319025,2.0958326543578
258192262,"YML097C","VPS9","","dma3596","Vph1_R1_Plate10",7,15,636,213,"S/G2 phase",2.52108071506684,3.26674889598949
258192271,"YML097C","VPS9","","dma3596","Vph1_R1_Plate10",7,15,636,222,"MA phase",0.466860314835806,0.929368233832654
258278463,"YMR019W","STB4","","dma3648","Vph1_R1_Plate10",15,23,1433,2,"S/G2 phase",-0.13294067988814,-0.0294318256635846
258278486,"YMR019W","STB4","","dma3648","Vph1_R1_Plate10",15,23,1433,26,"G1 phase",-0.854269980732625,-0.900941275227536
258278515,"YMR019W","STB4","","dma3648","Vph1_R1_Plate10",15,23,1433,56,"T phase",2.04280802646343,1.81283649695733
258278523,"YMR019W","STB4","","dma3648","Vph1_R1_Plate10",15,23,1433,64,"S/G2 phase",0.266926649927824,0.571040280060616
258278539,"YMR019W","STB4","","dma3648","Vph1_R1_Plate10",15,23,1433,80,"G1 phase",-1.13260900442805,-1.22452756624652
258278563,"YMR019W","STB4","","dma3648","Vph1_R1_Plate10",15,23,1433,105,"G1 phase",-1.27765891818482,-1.43219192727543
258278656,"YMR019W","STB4","","dma3648","Vph1_R1_Plate10",15,23,1433,199,"G1 phase",-1.26589811436671,-1.27873503501447
258278760,"YMR019W","STB4","","dma3648","Vph1_R1_Plate10",15,23,1434,75,"G1 phase",-0.626894440249037,-0.669097415247382
258278792,"YMR019W","STB4","","dma3648","Vph1_R1_Plate10",15,23,1434,107,"G1 phase",-0.68569845933962,-0.774457181435652
258278809,"YMR019W","STB4","","dma3648","Vph1_R1_Plate10",15,23,1434,124,"S/G2 phase",0.815764161439932,0.712538358760853
258278924,"YMR019W","STB4","","dma3648","Vph1_R1_Plate10",15,23,1435,21,"S/G2 phase",0.266926649927824,0.664441232688162
258278946,"YMR019W","STB4","","dma3648","Vph1_R1_Plate10",15,23,1435,43,"G1 phase",-0.305432469220517,-0.124229428050048
258279064,"YMR019W","STB4","","dma3648","Vph1_R1_Plate10",15,23,1435,163,"G1 phase",-0.95227667921693,-0.977669721358016
258279082,"YMR019W","STB4","","dma3648","Vph1_R1_Plate10",15,23,1435,181,"S/G2 phase",0.670714247683161,0.759238835074626
258279319,"YMR019W","STB4","","dma3648","Vph1_R1_Plate10",15,23,1436,131,"T phase",1.20387068743778,1.78726034824717
258321518,"YMR039C","SUB1","","dma3653","Vph1_R1_Plate10",2,10,134,26,"MA-single",-0.779784889884553,-0.822554307508342
258321753,"YMR039C","SUB1","","dma3653","Vph1_R1_Plate10",2,10,136,24,"MA-single",-1.03852257388312,-1.04994634638195
258363183,"YLR418C","CDC73","","dma3477","Vph1_R1_Plate10",3,18,261,80,"T phase",2.1604160646446,2.85587199503821
258599901,"YMR307W","GAS1","","dma3905","Vph1_R1_Plate11",11,10,997,56,"G1 phase",-0.095096350606261,-0.188830626901159
258599918,"YMR307W","GAS1","","dma3905","Vph1_R1_Plate11",11,10,997,73,"T phase",1.59844309392289,1.81949261466544
258599926,"YMR307W","GAS1","","dma3905","Vph1_R1_Plate11",11,10,997,81,"S/G2 phase",2.71036293124002,2.97438481806462
258599933,"YMR307W","GAS1","","dma3905","Vph1_R1_Plate11",11,10,998,1,"S/G2 phase",0.751673371658317,0.892574195480854
258599937,"YMR307W","GAS1","","dma3905","Vph1_R1_Plate11",11,10,998,5,"S/G2 phase",-0.736588564443062,-0.463503288707955
258599970,"YMR307W","GAS1","","dma3905","Vph1_R1_Plate11",11,10,998,40,"S/G2 phase",2.31691437342011,1.8304433204574
258600019,"YMR307W","GAS1","","dma3905","Vph1_R1_Plate11",11,10,998,89,"T phase",1.8507633646987,1.59640592229188
258600025,"YMR307W","GAS1","","dma3905","Vph1_R1_Plate11",11,10,998,95,"S/G2 phase",0.383884502391884,0.884791049215487
258600047,"YMR307W","GAS1","","dma3905","Vph1_R1_Plate11",11,10,999,19,"G1 phase",0.678970920756812,0.568035096555261
258600119,"YMR307W","GAS1","","dma3905","Vph1_R1_Plate11",11,10,1000,15,"S/G2 phase",0.516459559918156,0.557084390763294
258600137,"YMR307W","GAS1","","dma3905","Vph1_R1_Plate11",11,10,1000,33,"S/G2 phase",-0.467161834631606,-0.0827626336103632
258600145,"YMR307W","GAS1","","dma3905","Vph1_R1_Plate11",11,10,1000,41,"S/G2 phase",-0.642503039746998,-0.0732599550305567
258600159,"YMR307W","GAS1","","dma3905","Vph1_R1_Plate11",11,10,1000,55,"S/G2 phase",0.734566912622668,0.775555496398089
258600160,"YMR307W","GAS1","","dma3905","Vph1_R1_Plate11",11,10,1000,56,"G1 phase",-1.24550572075359,-1.17195060225774
258600184,"YMR307W","GAS1","","dma3905","Vph1_R1_Plate11",11,10,1000,80,"G1 phase",-0.693822416853942,-0.600703867060213
258600198,"YMR307W","GAS1","","dma3905","Vph1_R1_Plate11",11,10,1000,95,"G1 phase",-0.535587670774198,-0.422868025066686
258609164,"YNL176C","TDA7","","dma4061","Vph1_R1_Plate11",6,10,517,145,"T phase",4.40817899052808,3.44562717392227
258609186,"YNL176C","TDA7","","dma4061","Vph1_R1_Plate11",6,10,517,167,"T phase",4.23283778541269,3.24733794755697
258609191,"YNL176C","TDA7","","dma4061","Vph1_R1_Plate11",6,10,517,172,"S/G2 phase",0.6746943059979,0.794289348455424
258609240,"YNL176C","TDA7","","dma4061","Vph1_R1_Plate11",6,10,518,26,"S/G2 phase",-0.544140900292022,-0.656905423232213
258609456,"YNL176C","TDA7","","dma4061","Vph1_R1_Plate11",6,10,519,38,"S/G2 phase",2.67615001316872,2.03796372030023
258609507,"YNL176C","TDA7","","dma4061","Vph1_R1_Plate11",6,10,519,90,"S/G2 phase",2.43665958666965,2.84324785366328
258609621,"YNL176C","TDA7","","dma4061","Vph1_R1_Plate11",6,10,520,14,"G1 phase",2.39817005383944,1.57767207023454
258609644,"YNL176C","TDA7","","dma4061","Vph1_R1_Plate11",6,10,520,37,"T phase",3.54857942398677,2.86976485198598
258609656,"YNL176C","TDA7","","dma4061","Vph1_R1_Plate11",6,10,520,49,"MA phase",2.72319277551675,2.33137023416436
258609703,"YNL176C","TDA7","","dma4061","Vph1_R1_Plate11",6,10,520,96,"T phase",2.55640479991918,2.50775804894572
258609753,"YNL176C","TDA7","","dma4061","Vph1_R1_Plate11",6,10,520,149,"G1 phase",1.79516737283285,1.12199600690762
258651119,"YNL226W","","","dma4099","Vph1_R1_Plate11",12,14,1109,8,"G1 phase",-0.60401350691679,-0.678806834816149
258651143,"YNL226W","","","dma4099","Vph1_R1_Plate11",12,14,1109,32,"T phase",1.05531301954107,1.38888552244905
258651144,"YNL226W","","","dma4099","Vph1_R1_Plate11",12,14,1109,33,"MA phase",2.00044488126062,2.14403171359102
258651145,"YNL226W","","","dma4099","Vph1_R1_Plate11",12,14,1109,34,"S/G2 phase",1.74812461048481,1.24534982504359
258651151,"YNL226W","","","dma4099","Vph1_R1_Plate11",12,14,1109,40,"S/G2 phase",-0.586907047881142,-0.535271137410687
258651185,"YNL226W","","","dma4099","Vph1_R1_Plate11",12,14,1109,74,"T phase",3.62555848964719,2.68242633141264
258651186,"YNL226W","","","dma4099","Vph1_R1_Plate11",12,14,1109,75,"G1 phase",-1.15569681081644,-1.27023544928317
258651195,"YNL226W","","","dma4099","Vph1_R1_Plate11",12,14,1109,84,"S/G2 phase",1.25631391320993,1.31395011421972
258651212,"YNL226W","","","dma4099","Vph1_R1_Plate11",12,14,1109,101,"S/G2 phase",0.0332020921610992,0.259062290160401
258651232,"YNL226W","","","dma4099","Vph1_R1_Plate11",12,14,1109,121,"S/G2 phase",0.71746045358702,1.05022815820489
258651250,"YNL226W","","","dma4099","Vph1_R1_Plate11",12,14,1109,139,"G1 phase",-0.578353818363318,-0.689757540608117
258651255,"YNL226W","","","dma4099","Vph1_R1_Plate11",12,14,1109,144,"G1 phase",-0.304650473792949,-0.138964189782364
258651268,"YNL226W","","","dma4099","Vph1_R1_Plate11",12,14,1109,157,"MA-single",-0.214841563855797,-0.191998186427761
258651282,"YNL226W","","","dma4099","Vph1_R1_Plate11",12,14,1109,171,"T phase",1.32473974935253,1.84139402624937
258651290,"YNL226W","","","dma4099","Vph1_R1_Plate11",12,14,1109,179,"T phase",0.18288360872302,0.477533395795197
258651295,"YNL226W","","","dma4099","Vph1_R1_Plate11",12,14,1109,184,"MA-single",-0.663886113541558,-0.697540686873483
258651336,"YNL226W","","","dma4099","Vph1_R1_Plate11",12,14,1109,225,"S/G2 phase",0.738843527381581,0.691388914691231
258651352,"YNL226W","","","dma4099","Vph1_R1_Plate11",12,14,1109,241,"MA phase",2.87287429207867,2.17226824422817
258651373,"YNL226W","","","dma4099","Vph1_R1_Plate11",12,14,1109,262,"S/G2 phase",2.23993530775969,1.92094502121747
258651390,"YNL226W","","","dma4099","Vph1_R1_Plate11",12,14,1109,279,"S/G2 phase",1.00827025719304,1.23123155972502
258651433,"YNL226W","","","dma4099","Vph1_R1_Plate11",12,14,1109,322,"S/G2 phase",2.1715094716171,1.84456158577597
258651437,"YNL226W","","","dma4099","Vph1_R1_Plate11",12,14,1109,326,"MA-single",-1.33531463069074,-1.42010626574184
258651454,"YNL226W","","","dma4099","Vph1_R1_Plate11",12,14,1109,343,"S/G2 phase",1.11518562616584,1.13294671269959
258651459,"YNL226W","","","dma4099","Vph1_R1_Plate11",12,14,1109,348,"T phase",1.90208274180565,2.92279884863138
258651466,"YNL226W","","","dma4099","Vph1_R1_Plate11",12,14,1109,355,"MA phase",0.922737962014797,1.35141781833438
258651470,"YNL226W","","","dma4099","Vph1_R1_Plate11",12,14,1109,359,"T phase",2.17578608637602,1.8569603187801
258651501,"YNL226W","","","dma4099","Vph1_R1_Plate11",12,14,1110,29,"S/G2 phase",1.86359320897544,1.53242121985451
258651503,"YNL226W","","","dma4099","Vph1_R1_Plate11",12,14,1110,31,"S/G2 phase",1.22637760989755,1.20616258861448
258651504,"YNL226W","","","dma4099","Vph1_R1_Plate11",12,14,1110,32,"S/G2 phase",0.931291191532621,0.911308047538186
258651528,"YNL226W","","","dma4099","Vph1_R1_Plate11",12,14,1110,56,"S/G2 phase",0.580608781301836,0.605502800669928
258651580,"YNL226W","","","dma4099","Vph1_R1_Plate11",12,14,1110,108,"S/G2 phase",0.264139289142348,0.38241610829637
258651634,"YNL226W","","","dma4099","Vph1_R1_Plate11",12,14,1110,162,"S/G2 phase",0.845758896354381,1.04244501193952
258651652,"YNL226W","","","dma4099","Vph1_R1_Plate11",12,14,1110,180,"G1 phase",-0.184905260543413,-0.166929215317223
258651669,"YNL226W","","","dma4099","Vph1_R1_Plate11",12,14,1110,197,"S/G2 phase",1.25203729845102,1.35603340507314
258651727,"YNL226W","","","dma4099","Vph1_R1_Plate11",12,14,1110,255,"T phase",2.22282884872405,1.86474346504547
258651756,"YNL226W","","","dma4099","Vph1_R1_Plate11",12,14,1110,284,"MA phase",1.1023557818891,1.26553170431308
258651800,"YNL226W","","","dma4099","Vph1_R1_Plate11",12,14,1111,27,"S/G2 phase",-0.184905260543413,-0.20439691943189
258651811,"YNL226W","","","dma4099","Vph1_R1_Plate11",12,14,1111,38,"T phase",1.62410278247637,1.59640592229188
258651813,"YNL226W","","","dma4099","Vph1_R1_Plate11",12,14,1111,40,"S/G2 phase",1.33329297887035,1.24996541178235
258651846,"YNL226W","","","dma4099","Vph1_R1_Plate11",12,14,1111,73,"MA-single",-1.51065583580614,-1.52300669950603
258651945,"YNL226W","","","dma4099","Vph1_R1_Plate11",12,14,1111,172,"T phase",2.97551304629256,2.78704629749128
258651993,"YNL226W","","","dma4099","Vph1_R1_Plate11",12,14,1111,220,"S/G2 phase",0.867141970148941,1.33729955301581
258652027,"YNL226W","","","dma4099","Vph1_R1_Plate11",12,14,1111,254,"S/G2 phase",0.649034617444428,1.18598070934498
258652039,"YNL226W","","","dma4099","Vph1_R1_Plate11",12,14,1111,266,"S/G2 phase",1.05531301954107,1.20616258861448
258652089,"YNL226W","","","dma4099","Vph1_R1_Plate11",12,14,1112,4,"S/G2 phase",0.858588740631117,1.889812436156
258652104,"YNL226W","","","dma4099","Vph1_R1_Plate11",12,14,1112,19,"MA-single",0.33256512528494,0.293362434748465
258652107,"YNL226W","","","dma4099","Vph1_R1_Plate11",12,14,1112,22,"MA phase",2.5991709475083,2.89311429078208
258652116,"YNL226W","","","dma4099","Vph1_R1_Plate11",12,14,1112,31,"S/G2 phase",0.974057339121741,0.951943311179456
258652216,"YNL226W","","","dma4099","Vph1_R1_Plate11",12,14,1112,133,"S/G2 phase",0.879971814425677,0.937825045860886
258652236,"YNL226W","","","dma4099","Vph1_R1_Plate11",12,14,1112,154,"S/G2 phase",1.10663239664801,0.898909314534059
258652239,"YNL226W","","","dma4099","Vph1_R1_Plate11",12,14,1112,157,"T phase",1.07669609333563,1.49495351573984
258652246,"YNL226W","","","dma4099","Vph1_R1_Plate11",12,14,1112,164,"T phase",3.99334735891362,3.6001135771197
258652255,"YNL226W","","","dma4099","Vph1_R1_Plate11",12,14,1112,174,"S/G2 phase",2.89853398063214,1.90537872868674
258652285,"YNL226W","","","dma4099","Vph1_R1_Plate11",12,14,1112,204,"S/G2 phase",0.31118205149038,0.335445725601895
258652290,"YNL226W","","","dma4099","Vph1_R1_Plate11",12,14,1112,209,"S/G2 phase",-0.077989891570613,0.304313140540433
258652311,"YNL226W","","","dma4099","Vph1_R1_Plate11",12,14,1112,230,"S/G2 phase",1.04248317526433,1.23439911925162
258652371,"YNL226W","","","dma4099","Vph1_R1_Plate11",12,14,1112,290,"MA phase",1.99616826650171,2.09878086321099
258652385,"YNL226W","","","dma4099","Vph1_R1_Plate11",12,14,1112,304,"T phase",1.70108184813678,1.41540252077175
258652396,"YNL226W","","","dma4099","Vph1_R1_Plate11",12,14,1112,315,"MA-single",-1.19418634364665,-1.37630344257397
258652405,"YNL226W","","","dma4099","Vph1_R1_Plate11",12,14,1112,324,"MA-single",0.0032657888487152,0.0264729192070348
258652409,"YNL226W","","","dma4099","Vph1_R1_Plate11",12,14,1112,329,"S/G2 phase",2.55640479991918,1.83677843951061
258652443,"YNL226W","","","dma4099","Vph1_R1_Plate11",12,14,1112,363,"S/G2 phase",2.71891616075784,1.92728014027067
258652444,"YNL226W","","","dma4099","Vph1_R1_Plate11",12,14,1112,364,"MA-single",-1.36097431924422,-1.38725414836594
258712650,"YNL271C","BNI1","","dma4132","Vph1_R1_Plate11",2,7,121,112,"T phase",0.366778043356236,0.925426312856758
258712698,"YNL271C","BNI1","","dma4132","Vph1_R1_Plate11",2,7,122,26,"G1 phase",-0.916206384317366,-1.05176434364838
258712789,"YNL271C","BNI1","","dma4132","Vph1_R1_Plate11",2,7,122,117,"S/G2 phase",1.08524932285345,1.09547900858492
258712821,"YNL271C","BNI1","","dma4132","Vph1_R1_Plate11",2,7,123,32,"MA-single",-1.04878144184364,-1.11258148655914
258712827,"YNL271C","BNI1","","dma4132","Vph1_R1_Plate11",2,7,123,38,"G1 phase",-1.41657031111007,-1.59477454820876
258712830,"YNL271C","BNI1","","dma4132","Vph1_R1_Plate11",2,7,123,41,"G1 phase",0.148670690651723,0.0515418903175722
258712879,"YNL271C","BNI1","","dma4132","Vph1_R1_Plate11",2,7,123,90,"T phase",2.61200079178504,2.24086853340429
258712884,"YNL271C","BNI1","","dma4132","Vph1_R1_Plate11",2,7,123,95,"G1 phase",-0.822120859621302,-0.739623977726912
258712898,"YNL271C","BNI1","","dma4132","Vph1_R1_Plate11",2,7,123,109,"S/G2 phase",1.30335667555797,1.49033792900108
258712899,"YNL271C","BNI1","","dma4132","Vph1_R1_Plate11",2,7,123,110,"S/G2 phase",0.495076486123596,0.644418531996756
258712930,"YNL271C","BNI1","","dma4132","Vph1_R1_Plate11",2,7,123,141,"MA-single",-1.42084692586898,-1.63224225232343
258712955,"YNL271C","BNI1","","dma4132","Vph1_R1_Plate11",2,7,123,166,"S/G2 phase",0.456586953293388,0.897189782219616
258712970,"YNL271C","BNI1","","dma4132","Vph1_R1_Plate11",2,7,123,182,"S/G2 phase",0.448033723775564,0.477533395795197
258713040,"YNL271C","BNI1","","dma4132","Vph1_R1_Plate11",2,7,124,60,"G1 phase",-0.869163621969334,-0.73500839098815
258713048,"YNL271C","BNI1","","dma4132","Vph1_R1_Plate11",2,7,124,68,"T phase",2.70180970172219,3.03981754771414
258713123,"YNL271C","BNI1","","dma4132","Vph1_R1_Plate11",2,7,124,143,"G1 phase",-0.800737785826742,-0.825510091748214
258713150,"YNL271C","BNI1","","dma4132","Vph1_R1_Plate11",2,7,124,171,"MA-single",0.165777149687372,0.0890095944322391
258767062,"YNL302C","RPS19B","","dma4176","Vph1_R1_Plate11",8,23,761,5,"T phase",1.91063597132347,2.1613175384362
258767074,"YNL302C","RPS19B","","dma4176","Vph1_R1_Plate11",8,23,761,17,"S/G2 phase",0.259862674383436,0.602335241143326
258767085,"YNL302C","RPS19B","","dma4176","Vph1_R1_Plate11",8,23,761,28,"S/G2 phase",0.875695199666765,1.09692703579708
258767111,"YNL302C","RPS19B","","dma4176","Vph1_R1_Plate11",8,23,761,55,"S/G2 phase",0.584885396060748,0.627404212253865
258767122,"YNL302C","RPS19B","","dma4176","Vph1_R1_Plate11",8,23,761,66,"T phase",2.39817005383944,2.29245450283753
258767166,"YNL302C","RPS19B","","dma4176","Vph1_R1_Plate11",8,23,761,111,"S/G2 phase",1.76950768427937,1.38426993571029
258767172,"YNL302C","RPS19B","","dma4176","Vph1_R1_Plate11",8,23,761,117,"MA-single",-1.42940015538681,-1.6697099564381
258767202,"YNL302C","RPS19B","","dma4176","Vph1_R1_Plate11",8,23,761,147,"S/G2 phase",1.27342037224558,1.03927745241292
258767248,"YNL302C","RPS19B","","dma4176","Vph1_R1_Plate11",8,23,761,193,"G1 phase",-0.00101082591019681,-0.241864623546557
258767263,"YNL302C","RPS19B","","dma4176","Vph1_R1_Plate11",8,23,761,208,"S/G2 phase",3.15513086616687,2.81673085534058
258767305,"YNL302C","RPS19B","","dma4176","Vph1_R1_Plate11",8,23,761,250,"S/G2 phase",0.743120142140492,0.823973906304726
258767320,"YNL302C","RPS19B","","dma4176","Vph1_R1_Plate11",8,23,761,265,"MA-single",0.00754240360762721,-0.193446213639922
258767416,"YNL302C","RPS19B","","dma4176","Vph1_R1_Plate11",8,23,762,69,"MA phase",3.10381148905992,2.82451400160595
258767443,"YNL302C","RPS19B","","dma4176","Vph1_R1_Plate11",8,23,762,96,"S/G2 phase",0.640481387926604,0.48214898253396
258767453,"YNL302C","RPS19B","","dma4176","Vph1_R1_Plate11",8,23,762,106,"S/G2 phase",1.04675979002325,0.847323345100821
258767454,"YNL302C","RPS19B","","dma4176","Vph1_R1_Plate11",8,23,762,107,"S/G2 phase",1.29908006079905,1.43413637282908
258767485,"YNL302C","RPS19B","","dma4176","Vph1_R1_Plate11",8,23,762,138,"S/G2 phase",-0.137862498195381,0.110911006016176
258767497,"YNL302C","RPS19B","","dma4176","Vph1_R1_Plate11",8,23,762,150,"MA phase",2.00472149601953,2.81039573628738
258767521,"YNL302C","RPS19B","","dma4176","Vph1_R1_Plate11",8,23,762,174,"MA-single",-1.37380416352095,-1.43567255827257
258767527,"YNL302C","RPS19B","","dma4176","Vph1_R1_Plate11",8,23,762,180,"T phase",5.74675941006754,4.14773936841885
258767535,"YNL302C","RPS19B","","dma4176","Vph1_R1_Plate11",8,23,762,188,"S/G2 phase",1.72246492193134,1.27331485057844
258767553,"YNL302C","RPS19B","","dma4176","Vph1_R1_Plate11",8,23,763,2,"S/G2 phase",0.614821699373132,0.87384034342352
258767557,"YNL302C","RPS19B","","dma4176","Vph1_R1_Plate11",8,23,763,6,"S/G2 phase",1.54284710205704,1.21249770766768
258767595,"YNL302C","RPS19B","","dma4176","Vph1_R1_Plate11",8,23,763,44,"S/G2 phase",2.60772417702613,1.90537872868674
258767632,"YNL302C","RPS19B","","dma4176","Vph1_R1_Plate11",8,23,763,82,"T phase",2.04748764360866,1.87886173036404
258767638,"YNL302C","RPS19B","","dma4176","Vph1_R1_Plate11",8,23,764,6,"S/G2 phase",0.473693412329036,0.749038498075392
258767651,"YNL302C","RPS19B","","dma4176","Vph1_R1_Plate11",8,23,764,19,"MA-single",-0.082266506329525,-0.0983289261410947
258767659,"YNL302C","RPS19B","","dma4176","Vph1_R1_Plate11",8,23,764,27,"MA-single",-1.15997342557535,-1.2030831873192
258767665,"YNL302C","RPS19B","","dma4176","Vph1_R1_Plate11",8,23,764,33,"S/G2 phase",0.790162904488525,1.04244501193952
258767687,"YNL302C","RPS19B","","dma4176","Vph1_R1_Plate11",8,23,764,55,"MA-single",-1.32676140117292,-1.44028814501133
258767689,"YNL302C","RPS19B","","dma4176","Vph1_R1_Plate11",8,23,764,57,"S/G2 phase",-0.381629539453365,-0.198333305480966
258786424,"YNL325C","FIG4","","dma4182","Vph1_R1_Plate11",10,11,905,34,"S/G2 phase",1.17505823279061,1.51685492732378
258786425,"YNL325C","FIG4","","dma4182","Vph1_R1_Plate11",10,11,905,35,"S/G2 phase",0.430927264739916,0.898909314534059
258786482,"YNL325C","FIG4","","dma4182","Vph1_R1_Plate11",10,11,905,93,"T phase",1.48725111019118,2.0223974277695
258786570,"YNL325C","FIG4","","dma4182","Vph1_R1_Plate11",10,11,905,182,"S/G2 phase",-0.0266705144636689,0.145211150604241
258786579,"YNL325C","FIG4","","dma4182","Vph1_R1_Plate11",10,11,905,191,"MA-single",-0.702375646371766,-0.633555984436117
258786588,"YNL325C","FIG4","","dma4182","Vph1_R1_Plate11",10,11,905,200,"T phase",1.00399364243412,1.06896201026222
258786724,"YNL325C","FIG4","","dma4182","Vph1_R1_Plate11",10,11,906,86,"S/G2 phase",1.91491258608238,2.43282264071639
258786774,"YNL325C","FIG4","","dma4182","Vph1_R1_Plate11",10,11,906,136,"S/G2 phase",2.56923464419592,2.40775366960585
258786897,"YNL325C","FIG4","","dma4182","Vph1_R1_Plate11",10,11,907,41,"T phase",1.96623196318933,1.56816939165473
258787143,"YNL325C","FIG4","","dma4182","Vph1_R1_Plate11",10,11,908,24,"S/G2 phase",1.2434840689332,1.71342462137464
258787147,"YNL325C","FIG4","","dma4182","Vph1_R1_Plate11",10,11,908,28,"S/G2 phase",1.39316558549512,1.78980805681613
258787177,"YNL325C","FIG4","","dma4182","Vph1_R1_Plate11",10,11,908,58,"S/G2 phase",1.07669609333563,0.98624345576752
258787178,"YNL325C","FIG4","","dma4182","Vph1_R1_Plate11",10,11,908,59,"S/G2 phase",2.12874332402798,1.85234473204134
258787183,"YNL325C","FIG4","","dma4182","Vph1_R1_Plate11",10,11,908,64,"MA phase",5.59707789350562,4.09008978503468
258787269,"YNL325C","FIG4","","dma4182","Vph1_R1_Plate11",10,11,908,150,"S/G2 phase",3.74102708813781,2.90723255610065
258787331,"YNL325C","FIG4","","dma4182","Vph1_R1_Plate11",10,11,908,213,"T phase",2.10308363547451,2.35327164574829
258788123,"YNL324W","","","dma4183","Vph1_R1_Plate11",10,13,913,17,"G1 phase",-0.261884326203829,-0.287115473926589
258788134,"YNL324W","","","dma4183","Vph1_R1_Plate11",10,13,913,28,"G1 phase",-1.10865404846841,-1.17195060225774
258788161,"YNL324W","","","dma4183","Vph1_R1_Plate11",10,13,913,55,"S/G2 phase",0.636204773167692,0.791121788928821
258788190,"YNL324W","","","dma4183","Vph1_R1_Plate11",10,13,913,84,"T phase",1.34612282314709,1.43096881330248
258788388,"YNL324W","","","dma4183","Vph1_R1_Plate11",10,13,914,15,"S/G2 phase",0.901354888220237,0.813023200512756
258788404,"YNL324W","","","dma4183","Vph1_R1_Plate11",10,13,914,31,"S/G2 phase",0.841482281595469,1.35141781833438
258788559,"YNL324W","","","dma4183","Vph1_R1_Plate11",10,13,914,191,"S/G2 phase",2.50936203757115,3.3222733557863
258788646,"YNL324W","","","dma4183","Vph1_R1_Plate11",10,13,914,278,"T phase",1.20499453610299,1.31395011421972
258788717,"YNL324W","","","dma4183","Vph1_R1_Plate11",10,13,915,16,"S/G2 phase",3.37751483363029,2.74641103385001
258788896,"YNL324W","","","dma4183","Vph1_R1_Plate11",10,13,915,197,"G1 phase",-0.963249146665398,-1.05954748991374
258789082,"YNL324W","","","dma4183","Vph1_R1_Plate11",10,13,916,111,"G1 phase",-0.920482999076278,-0.859810236336279
258789098,"YNL324W","","","dma4183","Vph1_R1_Plate11",10,13,916,127,"MA-single",-1.37808077827986,-1.4480712912767
258789190,"YNL324W","","","dma4183","Vph1_R1_Plate11",10,13,916,219,"T phase",2.53074511136571,2.06764827814953
258816992,"YNL229C","URE2","","dma4096","Vph1_R1_Plate11",12,8,1086,36,"G1 phase",-0.552694129809846,-0.435266758070815
258817027,"YNL229C","URE2","","dma4096","Vph1_R1_Plate11",12,8,1086,73,"MA-single",-0.822120859621302,-0.923794938773644
258817202,"YNL229C","URE2","","dma4096","Vph1_R1_Plate11",12,8,1086,250,"S/G2 phase",-0.629673195470262,-0.539886724149449
258817241,"YNL229C","URE2","","dma4096","Vph1_R1_Plate11",12,8,1086,289,"S/G2 phase",0.148670690651723,0.135708472024432
258817255,"YNL229C","URE2","","dma4096","Vph1_R1_Plate11",12,8,1087,11,"MA-single",-0.779354712032182,-0.697540686873483
258817265,"YNL229C","URE2","","dma4096","Vph1_R1_Plate11",12,8,1087,22,"S/G2 phase",2.97978966105147,2.11289912852957
258817356,"YNL229C","URE2","","dma4096","Vph1_R1_Plate11",12,8,1087,113,"MA-single",-0.873440236728246,-0.802160652952118
258817378,"YNL229C","URE2","","dma4096","Vph1_R1_Plate11",12,8,1087,135,"S/G2 phase",1.27769698700449,1.18136512260622
258817542,"YNL229C","URE2","","dma4096","Vph1_R1_Plate11",12,8,1088,74,"G1 phase",0.0374787069200113,-0.155978509525256
258826298,"YNL054W","VAC7","","dma3984","Vph1_R1_Plate11",7,23,665,27,"MA-single",-0.077989891570613,-0.12023033772503
258826514,"YNL054W","VAC7","","dma3984","Vph1_R1_Plate11",7,23,667,2,"S/G2 phase",0.135840846374987,0.240328438103068
258826606,"YNL054W","VAC7","","dma3984","Vph1_R1_Plate11",7,23,667,96,"S/G2 phase",5.092437351954,3.21765338970767
258826646,"YNL054W","VAC7","","dma3984","Vph1_R1_Plate11",7,23,668,40,"S/G2 phase",2.04321102884974,2.23453341435109
258826669,"YNL054W","VAC7","","dma3984","Vph1_R1_Plate11",7,23,668,63,"G1 phase",-0.095096350606261,0.142043591077637
258826707,"YNL054W","VAC7","","dma3984","Vph1_R1_Plate11",7,23,668,101,"T phase",1.47869788067336,1.44191951909445
258826715,"YNL054W","VAC7","","dma3984","Vph1_R1_Plate11",7,23,668,109,"MA-single",-0.599736892157878,-0.663240542285419
258847925,"YNL012W","SPO1","","dma3930","Vph1_R1_Plate11",15,12,1390,6,"T phase",1.73529476620808,2.07081583767613
258847947,"YNL012W","SPO1","","dma3930","Vph1_R1_Plate11",15,12,1390,28,"MA-single",-0.253331096686005,-0.177879921109191
258847979,"YNL012W","SPO1","","dma3930","Vph1_R1_Plate11",15,12,1390,60,"T phase",0.69607737979246,0.706955207221961
258880940,"YNL187W","SWT21","","dma4058","Vph1_R1_Plate11",6,4,493,28,"S/G2 phase",1.49152772495009,1.29983184890114
258881019,"YNL187W","SWT21","","dma4058","Vph1_R1_Plate11",6,4,493,108,"S/G2 phase",-0.0694366620527889,-0.268381621869256
258881056,"YNL187W","SWT21","","dma4058","Vph1_R1_Plate11",6,4,493,146,"S/G2 phase",2.20144577492949,1.68690762305194
258881130,"YNL187W","SWT21","","dma4058","Vph1_R1_Plate11",6,4,494,49,"MA-single",-1.45933645869919,-1.60572525400073
258881159,"YNL187W","SWT21","","dma4058","Vph1_R1_Plate11",6,4,494,78,"S/G2 phase",0.995440412916301,1.73532603295857
258881161,"YNL187W","SWT21","","dma4058","Vph1_R1_Plate11",6,4,494,80,"S/G2 phase",0.678970920756812,1.03149430614755
258881200,"YNL187W","SWT21","","dma4058","Vph1_R1_Plate11",6,4,495,1,"S/G2 phase",-0.00101082591019681,0.196525614935196
258881227,"YNL187W","SWT21","","dma4058","Vph1_R1_Plate11",6,4,495,28,"S/G2 phase",0.661864461721164,0.850490904627423
258881241,"YNL187W","SWT21","","dma4058","Vph1_R1_Plate11",6,4,495,42,"S/G2 phase",0.452310338534476,0.919091193803552
258881247,"YNL187W","SWT21","","dma4058","Vph1_R1_Plate11",6,4,495,48,"S/G2 phase",0.760226601176141,1.37476725713048
258881267,"YNL187W","SWT21","","dma4058","Vph1_R1_Plate11",6,4,495,69,"S/G2 phase",0.751673371658317,0.522784246175229
258881303,"YNL187W","SWT21","","dma4058","Vph1_R1_Plate11",6,4,495,105,"T phase",2.32974421769685,2.91818326189261
258881322,"YNL187W","SWT21","","dma4058","Vph1_R1_Plate11",6,4,495,124,"S/G2 phase",1.60699632344072,1.27648241010505
258881334,"YNL187W","SWT21","","dma4058","Vph1_R1_Plate11",6,4,495,136,"T phase",1.07669609333563,1.53242121985451
258881393,"YNL187W","SWT21","","dma4058","Vph1_R1_Plate11",6,4,496,46,"MA phase",0.644758002685516,1.52780563311575
258881397,"YNL187W","SWT21","","dma4058","Vph1_R1_Plate11",6,4,496,50,"S/G2 phase",0.691800765033548,0.515001099909863
258881419,"YNL187W","SWT21","","dma4058","Vph1_R1_Plate11",6,4,496,72,"G1 phase",-0.142139112954293,-0.347932616837353
258881424,"YNL187W","SWT21","","dma4058","Vph1_R1_Plate11",6,4,496,77,"T phase",0.978333953880653,1.59640592229188
258893626,"YNL238W","KEX2","","dma4111","Vph1_R1_Plate11",14,14,1302,7,"T phase",2.63766048033851,2.39218737707512
258893704,"YNL238W","KEX2","","dma4111","Vph1_R1_Plate11",14,14,1302,86,"S/G2 phase",-0.184905260543413,0.376080989243165
258933086,"YNL106C","INP52","","dma4013","Vph1_R1_Plate11",13,9,1186,118,"G1 phase",0.760226601176141,0.323046992597766
258933142,"YNL106C","INP52","","dma4013","Vph1_R1_Plate11",13,9,1187,46,"S/G2 phase",-0.58263043312223,-0.625772838170752
258933292,"YNL106C","INP52","","dma4013","Vph1_R1_Plate11",13,9,1188,28,"S/G2 phase",0.0032657888487152,-0.045294929495697
258979154,"YOL064C","MET22","","dma4348","Vph1_R1_Plate12",5,7,409,1,"MA-single",-1.58795168652752,-1.88052205026434
258979528,"YOL064C","MET22","","dma4348","Vph1_R1_Plate12",5,7,409,379,"G1 phase",1.45632017500004,1.19626179742972
258980619,"YOL064C","MET22","","dma4348","Vph1_R1_Plate12",5,7,410,745,"G1 phase",-0.701412829139228,-0.5613042194561
258981043,"YOL064C","MET22","","dma4348","Vph1_R1_Plate12",5,7,411,405,"T phase",1.82632192952987,2.3916725418317
258981587,"YOL064C","MET22","","dma4348","Vph1_R1_Plate12",5,7,412,112,"S/G2 phase",0.0276005287957729,0.358206838010594
258981758,"YOL064C","MET22","","dma4348","Vph1_R1_Plate12",5,7,412,286,"MA-single",-0.408342132481941,-0.270875361332059
258981828,"YOL064C","MET22","","dma4348","Vph1_R1_Plate12",5,7,412,356,"MA-single",-1.60260522136038,-1.8485269605189
259129033,"YOL108C","INO4","","dma4387","Vph1_R1_Plate12",11,13,1009,228,"S/G2 phase",1.96186712673386,1.67866119402638
259129246,"YOL108C","INO4","","dma4387","Vph1_R1_Plate12",11,13,1009,441,"S/G2 phase",1.27681437329746,1.56273695581828
259129403,"YOL108C","INO4","","dma4387","Vph1_R1_Plate12",11,13,1009,599,"T phase",3.53712212126678,2.80073053705537
259129597,"YOL108C","INO4","","dma4387","Vph1_R1_Plate12",11,13,1009,794,"S/G2 phase",0.936119688433361,0.761855035451217
259130002,"YOL108C","INO4","","dma4387","Vph1_R1_Plate12",11,13,1010,339,"S/G2 phase",2.07176863798035,1.89992192335292
259130241,"YOL108C","INO4","","dma4387","Vph1_R1_Plate12",11,13,1010,581,"T phase",1.96186712673386,1.80664155300813
259130972,"YOL108C","INO4","","dma4387","Vph1_R1_Plate12",11,13,1011,464,"S/G2 phase",0.481860108614567,0.804669720762745
259131339,"YOL108C","INO4","","dma4387","Vph1_R1_Plate12",11,13,1011,833,"S/G2 phase",0.481860108614567,0.604816334091971
259131786,"YOL108C","INO4","","dma4387","Vph1_R1_Plate12",11,13,1012,446,"S/G2 phase",0.196116179373713,0.204877712274006
259131792,"YOL108C","INO4","","dma4387","Vph1_R1_Plate12",11,13,1012,452,"MA phase",1.13394240867703,1.24966422983093
259132024,"YOL108C","INO4","","dma4387","Vph1_R1_Plate12",11,13,1012,687,"S/G2 phase",-0.712402980263876,-0.51872138262099
259132064,"YOL108C","INO4","","dma4387","Vph1_R1_Plate12",11,13,1012,728,"S/G2 phase",1.81899516211344,1.7613538172815
259289261,"YOR106W","VAM3","","dma4531","Vph1_R1_Plate12",4,13,337,4,"MA-single",-1.1739893274991,-1.25290822460566
259289355,"YOR106W","VAM3","","dma4531","Vph1_R1_Plate12",4,13,337,98,"G1 phase",-1.06408781625262,-0.993006082543084
259289366,"YOR106W","VAM3","","dma4531","Vph1_R1_Plate12",4,13,337,109,"G1 phase",-0.935869386465057,-0.786506372881713
259289402,"YOR106W","VAM3","","dma4531","Vph1_R1_Plate12",4,13,337,145,"G1 phase",-0.976166607255434,-1.13427908750603
259289404,"YOR106W","VAM3","","dma4531","Vph1_R1_Plate12",4,13,337,147,"MA-single",-1.18864286233197,-1.28219841545957
259289413,"YOR106W","VAM3","","dma4531","Vph1_R1_Plate12",4,13,337,156,"S/G2 phase",1.54424138399723,1.61072959043644
259289420,"YOR106W","VAM3","","dma4531","Vph1_R1_Plate12",4,13,337,163,"S/G2 phase",-0.672105759473499,-0.525367705611587
259289423,"YOR106W","VAM3","","dma4531","Vph1_R1_Plate12",4,13,337,166,"MA-single",-1.58062491911109,-1.75130516607504
259289449,"YOR106W","VAM3","","dma4531","Vph1_R1_Plate12",4,13,337,192,"T phase",1.74939087165733,1.70941975856427
259289455,"YOR106W","VAM3","","dma4531","Vph1_R1_Plate12",4,13,337,198,"S/G2 phase",0.456216422657054,0.879247647343293
259289460,"YOR106W","VAM3","","dma4531","Vph1_R1_Plate12",4,13,337,203,"MA-single",-0.987156758380082,-1.03435239417064
259289481,"YOR106W","VAM3","","dma4531","Vph1_R1_Plate12",4,13,337,224,"MA-single",-1.18131609491553,-1.13033766340695
259289505,"YOR106W","VAM3","","dma4531","Vph1_R1_Plate12",4,13,337,248,"S/G2 phase",-0.661115608348851,-0.352099610903205
259289511,"YOR106W","VAM3","","dma4531","Vph1_R1_Plate12",4,13,337,254,"MA-single",-1.4011191174085,-1.66196621982933
259289519,"YOR106W","VAM3","","dma4531","Vph1_R1_Plate12",4,13,337,262,"G1 phase",-1.48537694269747,-1.45817140905948
259289569,"YOR106W","VAM3","","dma4531","Vph1_R1_Plate12",4,13,337,312,"G1 phase",-0.994483525796514,-1.00506220331673
259289651,"YOR106W","VAM3","","dma4531","Vph1_R1_Plate12",4,13,337,394,"G1 phase",-0.921215851632192,-0.931720801943733
259289656,"YOR106W","VAM3","","dma4531","Vph1_R1_Plate12",4,13,337,399,"S/G2 phase",-0.0932911335753578,0.171646097321017
259289657,"YOR106W","VAM3","","dma4531","Vph1_R1_Plate12",4,13,337,400,"G1 phase",-1.45973325673996,-1.64867357384813
259289837,"YOR106W","VAM3","","dma4531","Vph1_R1_Plate12",4,13,337,583,"MA-single",-1.37547543145099,-1.53274933564003
259289844,"YOR106W","VAM3","","dma4531","Vph1_R1_Plate12",4,13,337,590,"G1 phase",-0.716066363972092,-0.506665261847346
259289903,"YOR106W","VAM3","","dma4531","Vph1_R1_Plate12",4,13,337,651,"G1 phase",-0.79299742184463,-0.569187067654251
259289941,"YOR106W","VAM3","","dma4531","Vph1_R1_Plate12",4,13,337,689,"S/G2 phase",0.752950503022557,1.01781575341471
259289991,"YOR106W","VAM3","","dma4531","Vph1_R1_Plate12",4,13,337,741,"S/G2 phase",-0.272796935277946,-0.0855511458500343
259290041,"YOR106W","VAM3","","dma4531","Vph1_R1_Plate12",4,13,337,792,"MA-single",-0.774680503303549,-0.915723257071015
259290048,"YOR106W","VAM3","","dma4531","Vph1_R1_Plate12",4,13,337,799,"G1 phase",-1.22894008312234,-1.32083982819561
259290063,"YOR106W","VAM3","","dma4531","Vph1_R1_Plate12",4,13,337,814,"MA-single",-1.51102062865498,-1.53545423453155
259290071,"YOR106W","VAM3","","dma4531","Vph1_R1_Plate12",4,13,337,822,"S/G2 phase",-0.45596612068875,-0.297460653294452
259290157,"YOR106W","VAM3","","dma4531","Vph1_R1_Plate12",4,13,337,910,"S/G2 phase",-1.08973150221013,-0.618648075956376
259290188,"YOR106W","VAM3","","dma4531","Vph1_R1_Plate12",4,13,337,941,"MA-single",-1.07507796737727,-1.18497662101571
259290207,"YOR106W","VAM3","","dma4531","Vph1_R1_Plate12",4,13,337,960,"MA-single",-0.961513072422569,-0.81850146262715
259290237,"YOR106W","VAM3","","dma4531","Vph1_R1_Plate12",4,13,337,990,"MA-single",-1.41577265224136,-1.45005671238491
259290269,"YOR106W","VAM3","","dma4531","Vph1_R1_Plate12",4,13,338,19,"S/G2 phase",0.078887900710798,0.355501939119071
259290274,"YOR106W","VAM3","","dma4531","Vph1_R1_Plate12",4,13,338,24,"S/G2 phase",-0.349727993150484,-0.232233948596025
259290292,"YOR106W","VAM3","","dma4531","Vph1_R1_Plate12",4,13,338,42,"MA-single",-1.21428654828948,-1.13698398639755
259290307,"YOR106W","VAM3","","dma4531","Vph1_R1_Plate12",4,13,338,57,"G1 phase",0.606415154693914,0.33679949535483
259290308,"YOR106W","VAM3","","dma4531","Vph1_R1_Plate12",4,13,338,58,"G1 phase",-0.620818387558474,-0.583948087319416
259290361,"YOR106W","VAM3","","dma4531","Vph1_R1_Plate12",4,13,338,114,"MA-single",-1.20695978087305,-1.33954227195985
259290377,"YOR106W","VAM3","","dma4531","Vph1_R1_Plate12",4,13,338,130,"S/G2 phase",0.419582585574894,0.415550694510871
259290378,"YOR106W","VAM3","","dma4531","Vph1_R1_Plate12",4,13,338,131,"MA-single",-1.20329639716483,-1.12763276451543
259290390,"YOR106W","VAM3","","dma4531","Vph1_R1_Plate12",4,13,338,143,"T phase",1.55156815141366,1.21766914008549
259290401,"YOR106W","VAM3","","dma4531","Vph1_R1_Plate12",4,13,338,154,"G1 phase",-0.928542619048625,-0.945013447924929
259290454,"YOR106W","VAM3","","dma4531","Vph1_R1_Plate12",4,13,338,209,"MA-single",-1.6062686050686,-1.76065638795716
259290476,"YOR106W","VAM3","","dma4531","Vph1_R1_Plate12",4,13,338,231,"MA-single",-1.63923905844254,-1.78994657881108
259290546,"YOR106W","VAM3","","dma4531","Vph1_R1_Plate12",4,13,338,301,"G1 phase",-1.26923730391272,-1.35948124093164
259290578,"YOR106W","VAM3","","dma4531","Vph1_R1_Plate12",4,13,338,333,"S/G2 phase",-0.148241889198599,0.207582611165529
259290588,"YOR106W","VAM3","","dma4531","Vph1_R1_Plate12",4,13,338,344,"MA phase",0.434236120407758,1.1910838481231
259290612,"YOR106W","VAM3","","dma4531","Vph1_R1_Plate12",4,13,338,368,"MA-single",-1.59527845394395,-1.7992978006932
259290637,"YOR106W","VAM3","","dma4531","Vph1_R1_Plate12",4,13,338,394,"MA-single",-1.4011191174085,-1.60732726222057
259290641,"YOR106W","VAM3","","dma4531","Vph1_R1_Plate12",4,13,338,398,"S/G2 phase",0.371958597368085,0.606052859299524
259290689,"YOR106W","VAM3","","dma4531","Vph1_R1_Plate12",4,13,338,446,"T phase",1.1962199317167,2.15170936874093
259290694,"YOR106W","VAM3","","dma4531","Vph1_R1_Plate12",4,13,338,452,"S/G2 phase",0.580771468736401,0.757913611352141
259290717,"YOR106W","VAM3","","dma4531","Vph1_R1_Plate12",4,13,338,475,"S/G2 phase",-1.10804842075121,-1.20221069109598
259290744,"YOR106W","VAM3","","dma4531","Vph1_R1_Plate12",4,13,338,502,"T phase",0.371958597368085,0.599406536308926
259290797,"YOR106W","VAM3","","dma4531","Vph1_R1_Plate12",4,13,338,556,"G1 phase",-1.16299917637445,-1.22091313486022
259290817,"YOR106W","VAM3","","dma4531","Vph1_R1_Plate12",4,13,338,577,"MA-single",-1.42676280336601,-1.59132971734785
259290823,"YOR106W","VAM3","","dma4531","Vph1_R1_Plate12",4,13,338,584,"G1 phase",-1.01280044433759,-0.839908805282914
259290829,"YOR106W","VAM3","","dma4531","Vph1_R1_Plate12",4,13,338,590,"S/G2 phase",-0.891908781966464,-0.626530924154527
259290839,"YOR106W","VAM3","","dma4531","Vph1_R1_Plate12",4,13,338,600,"S/G2 phase",2.91434689087005,1.91591946822564
259290935,"YOR106W","VAM3","","dma4531","Vph1_R1_Plate12",4,13,338,697,"S/G2 phase",-0.459629504396966,-0.487962818083105
259290989,"YOR106W","VAM3","","dma4531","Vph1_R1_Plate12",4,13,338,752,"MA-single",-1.54765446573714,-1.66737601761237
259291007,"YOR106W","VAM3","","dma4531","Vph1_R1_Plate12",4,13,338,771,"MA-single",-1.52567416348785,-1.72325150042868
259291010,"YOR106W","VAM3","","dma4531","Vph1_R1_Plate12",4,13,338,774,"MA-single",-1.3791388151592,-1.24232047751598
259291012,"YOR106W","VAM3","","dma4531","Vph1_R1_Plate12",4,13,338,776,"S/G2 phase",2.51503806667449,1.90509987265955
259291020,"YOR106W","VAM3","","dma4531","Vph1_R1_Plate12",4,13,338,785,"MA phase",2.22929413743364,1.53615166385589
259291024,"YOR106W","VAM3","","dma4531","Vph1_R1_Plate12",4,13,338,789,"MA-single",-0.481609806646263,-0.48402139398403
259291092,"YOR106W","VAM3","","dma4531","Vph1_R1_Plate12",4,13,338,858,"S/G2 phase",0.0276005287957729,0.600643061516478
259291103,"YOR106W","VAM3","","dma4531","Vph1_R1_Plate12",4,13,338,869,"S/G2 phase",1.98384742898316,1.98385107181559
259291143,"YOR106W","VAM3","","dma4531","Vph1_R1_Plate12",4,13,338,909,"G1 phase",-0.917552467923976,-0.973067113571291
259291178,"YOR106W","VAM3","","dma4531","Vph1_R1_Plate12",4,13,338,944,"G1 phase",-1.0824047347937,-1.23026435674234
259291180,"YOR106W","VAM3","","dma4531","Vph1_R1_Plate12",4,13,338,946,"MA-single",-1.6062686050686,-1.85787818240103
259291187,"YOR106W","VAM3","","dma4531","Vph1_R1_Plate12",4,13,338,953,"MA-single",-1.15933579266624,-1.26225944648778
259291218,"YOR106W","VAM3","","dma4531","Vph1_R1_Plate12",4,13,338,984,"T phase",0.943446455849794,0.795318498880625
259291239,"YOR106W","VAM3","","dma4531","Vph1_R1_Plate12",4,13,338,1005,"MA-single",-1.1959696297484,-1.23026435674234
259291242,"YOR106W","VAM3","","dma4531","Vph1_R1_Plate12",4,13,338,1008,"MA-single",-0.657452224640634,-0.719811294499316
259291275,"YOR106W","VAM3","","dma4531","Vph1_R1_Plate12",4,13,339,29,"MA-single",-1.36082189661812,-1.45005671238491
259291284,"YOR106W","VAM3","","dma4531","Vph1_R1_Plate12",4,13,339,38,"S/G2 phase",-0.0310136105356844,0.26886789176488
259291285,"YOR106W","VAM3","","dma4531","Vph1_R1_Plate12",4,13,339,39,"G1 phase",-1.24359361795521,-1.3341324741768
259291324,"YOR106W","VAM3","","dma4531","Vph1_R1_Plate12",4,13,339,78,"MA-single",-1.4011191174085,-1.47146405504067
259291349,"YOR106W","VAM3","","dma4531","Vph1_R1_Plate12",4,13,339,105,"G1 phase",-0.664778992057067,-0.206885181841185
259291350,"YOR106W","VAM3","","dma4531","Vph1_R1_Plate12",4,13,339,106,"MA-single",-1.16666256008267,-1.20762048887902
259291377,"YOR106W","VAM3","","dma4531","Vph1_R1_Plate12",4,13,339,133,"S/G2 phase",-0.239826481904001,0.242282599802488
259291460,"YOR106W","VAM3","","dma4531","Vph1_R1_Plate12",4,13,339,217,"G1 phase",-1.36448528032634,-1.46211283315855
259291536,"YOR106W","VAM3","","dma4531","Vph1_R1_Plate12",4,13,339,294,"S/G2 phase",-0.280123702694378,0.00502432560323198
259291554,"YOR106W","VAM3","","dma4531","Vph1_R1_Plate12",4,13,339,312,"MA-single",-1.11903857187586,-1.14092541049663
259291570,"YOR106W","VAM3","","dma4531","Vph1_R1_Plate12",4,13,339,328,"G1 phase",-0.741710049929604,-0.74121863715508
259291574,"YOR106W","VAM3","","dma4531","Vph1_R1_Plate12",4,13,339,333,"G1 phase",-1.37181204774277,-1.49410792290399
259291629,"YOR106W","VAM3","","dma4531","Vph1_R1_Plate12",4,13,339,389,"MA-single",-1.08606811850192,-0.982418335453412
259291630,"YOR106W","VAM3","","dma4531","Vph1_R1_Plate12",4,13,339,390,"MA-single",-1.55498123315357,-1.70331253145688
259291660,"YOR106W","VAM3","","dma4531","Vph1_R1_Plate12",4,13,339,420,"MA-single",-1.50369386123855,-1.63932235196601
259291680,"YOR106W","VAM3","","dma4531","Vph1_R1_Plate12",4,13,339,440,"G1 phase",-1.33151482695239,-1.31689840409653
259291687,"YOR106W","VAM3","","dma4531","Vph1_R1_Plate12",4,13,339,447,"MA-single",-0.851611561176087,-0.857142875363186
259291708,"YOR106W","VAM3","","dma4531","Vph1_R1_Plate12",4,13,339,468,"MA-single",-1.4011191174085,-1.5366907597391
259291735,"YOR106W","VAM3","","dma4531","Vph1_R1_Plate12",4,13,339,497,"MA-single",-1.25824715278807,-1.30754718221441
259291795,"YOR106W","VAM3","","dma4531","Vph1_R1_Plate12",4,13,339,557,"MA-single",-1.60993198877682,-1.77789045803743
259291886,"YOR106W","VAM3","","dma4531","Vph1_R1_Plate12",4,13,339,651,"G1 phase",-0.82963125892679,-0.725221092282361
259291888,"YOR106W","VAM3","","dma4531","Vph1_R1_Plate12",4,13,339,653,"G1 phase",-1.23260346683056,-1.47540547913975
259291908,"YOR106W","VAM3","","dma4531","Vph1_R1_Plate12",4,13,339,673,"G1 phase",-0.917552467923976,-0.927779377844658
259291910,"YOR106W","VAM3","","dma4531","Vph1_R1_Plate12",4,13,339,675,"MA-single",-1.32785144324418,-1.50740056888519
259291915,"YOR106W","VAM3","","dma4531","Vph1_R1_Plate12",4,13,339,680,"MA-single",-1.4707234078646,-1.65802479573025
259291947,"YOR106W","VAM3","","dma4531","Vph1_R1_Plate12",4,13,339,712,"G1 phase",-1.28389083874558,-1.40476897665828
259292019,"YOR106W","VAM3","","dma4531","Vph1_R1_Plate12",4,13,339,788,"S/G2 phase",-0.591511317892745,-0.583948087319416
259292052,"YOR106W","VAM3","","dma4531","Vph1_R1_Plate12",4,13,339,821,"T phase",0.745623735606125,0.917889060079328
259292073,"YOR106W","VAM3","","dma4531","Vph1_R1_Plate12",4,13,339,842,"MA-single",-1.52567416348785,-1.68066866359357
259292104,"YOR106W","VAM3","","dma4531","Vph1_R1_Plate12",4,13,339,873,"S/G2 phase",0.221759865331225,0.367558059892715
259292121,"YOR106W","VAM3","","dma4531","Vph1_R1_Plate12",4,13,339,891,"S/G2 phase",-0.543887329685936,-0.0176195422600846
259292129,"YOR106W","VAM3","","dma4531","Vph1_R1_Plate12",4,13,339,899,"S/G2 phase",0.287700772079115,0.622050404172243
259292153,"YOR106W","VAM3","","dma4531","Vph1_R1_Plate12",4,13,339,923,"MA-single",-1.11903857187586,-1.24749842682261
259292175,"YOR106W","VAM3","","dma4531","Vph1_R1_Plate12",4,13,339,945,"MA-single",-1.20329639716483,-1.28219841545957
259292196,"YOR106W","VAM3","","dma4531","Vph1_R1_Plate12",4,13,339,966,"S/G2 phase",-0.749036817346037,-0.763862505018397
259292199,"YOR106W","VAM3","","dma4531","Vph1_R1_Plate12",4,13,340,1,"MA-single",-1.19963301345661,-1.37153736170529
259292200,"YOR106W","VAM3","","dma4531","Vph1_R1_Plate12",4,13,340,2,"MA-single",-1.51102062865498,-1.74860026718352
259292231,"YOR106W","VAM3","","dma4531","Vph1_R1_Plate12",4,13,340,34,"G1 phase",-1.00913706062938,-1.01441342519885
259292255,"YOR106W","VAM3","","dma4531","Vph1_R1_Plate12",4,13,340,59,"MA-single",-1.55864461686179,-1.63808582675846
259292257,"YOR106W","VAM3","","dma4531","Vph1_R1_Plate12",4,13,340,61,"MA-single",-1.32418805953596,-1.37277388691284
259292287,"YOR106W","VAM3","","dma4531","Vph1_R1_Plate12",4,13,340,92,"MA-single",-1.12636533929229,-1.19162294400631
259292295,"YOR106W","VAM3","","dma4531","Vph1_R1_Plate12",4,13,340,100,"S/G2 phase",-0.62448177126669,-0.665172336890562
259292353,"YOR106W","VAM3","","dma4531","Vph1_R1_Plate12",4,13,340,159,"MA-single",-1.50735724494677,-1.69396130957476
259292355,"YOR106W","VAM3","","dma4531","Vph1_R1_Plate12",4,13,340,161,"G1 phase",-1.27290068762094,-1.23296925563386
259292365,"YOR106W","VAM3","","dma4531","Vph1_R1_Plate12",4,13,340,171,"T phase",1.08998180417844,1.13373999162282
259292374,"YOR106W","VAM3","","dma4531","Vph1_R1_Plate12",4,13,340,181,"MA-single",-1.24359361795521,-1.31419350520501
259292377,"YOR106W","VAM3","","dma4531","Vph1_R1_Plate12",4,13,340,184,"MA-single",-1.48904032640569,-1.70331253145688
259292378,"YOR106W","VAM3","","dma4531","Vph1_R1_Plate12",4,13,340,185,"G1 phase",-1.34250497807704,-1.44882018717736
259292383,"YOR106W","VAM3","","dma4531","Vph1_R1_Plate12",4,13,340,190,"G1 phase",-1.07507796737727,-1.24749842682261
259292421,"YOR106W","VAM3","","dma4531","Vph1_R1_Plate12",4,13,340,228,"MA-single",-1.49636709382212,-1.72325150042868
259292437,"YOR106W","VAM3","","dma4531","Vph1_R1_Plate12",4,13,340,245,"MA-single",-1.3095345247031,-1.40353245145072
259292458,"YOR106W","VAM3","","dma4531","Vph1_R1_Plate12",4,13,340,267,"G1 phase",-1.01646382804581,-1.12098644152483
259292476,"YOR106W","VAM3","","dma4531","Vph1_R1_Plate12",4,13,340,285,"MA-single",-1.18864286233197,-1.23961557862446
259292498,"YOR106W","VAM3","","dma4531","Vph1_R1_Plate12",4,13,340,307,"MA-single",-1.36082189661812,-1.43282264230464
259292503,"YOR106W","VAM3","","dma4531","Vph1_R1_Plate12",4,13,340,312,"S/G2 phase",-0.214182795946489,0.294216658519719
259292509,"YOR106W","VAM3","","dma4531","Vph1_R1_Plate12",4,13,340,319,"MA-single",-1.22527669941413,-1.25561312349718
259292557,"YOR106W","VAM3","","dma4531","Vph1_R1_Plate12",4,13,340,367,"S/G2 phase",1.19255654800849,1.06828143844798
259292572,"YOR106W","VAM3","","dma4531","Vph1_R1_Plate12",4,13,340,383,"S/G2 phase",-0.694086061722795,-0.384094700648643
259292574,"YOR106W","VAM3","","dma4531","Vph1_R1_Plate12",4,13,340,385,"MA-single",-0.943196153881489,-0.918428155962537
259292651,"YOR106W","VAM3","","dma4531","Vph1_R1_Plate12",4,13,340,465,"G1 phase",-1.03844413029511,-0.905135509981342
259292688,"YOR106W","VAM3","","dma4531","Vph1_R1_Plate12",4,13,340,503,"G1 phase",-0.382698446524428,-0.284168007313255
259292764,"YOR106W","VAM3","","dma4531","Vph1_R1_Plate12",4,13,340,580,"G1 phase",-1.26191053649629,-1.32354472708713
259292773,"YOR106W","VAM3","","dma4531","Vph1_R1_Plate12",4,13,340,589,"S/G2 phase",-0.734383282513172,-0.573360340229743
259292817,"YOR106W","VAM3","","dma4531","Vph1_R1_Plate12",4,13,340,633,"G1 phase",-0.800324189261062,-0.86108429946226
259292829,"YOR106W","VAM3","","dma4531","Vph1_R1_Plate12",4,13,340,645,"S/G2 phase",-0.10061790099179,-0.0816097217509591
259292830,"YOR106W","VAM3","","dma4531","Vph1_R1_Plate12",4,13,340,646,"S/G2 phase",-1.02379059546224,-0.915723257071014
259292904,"YOR106W","VAM3","","dma4531","Vph1_R1_Plate12",4,13,340,721,"G1 phase",-0.628145154974906,-0.522662806720065
259292924,"YOR106W","VAM3","","dma4531","Vph1_R1_Plate12",4,13,340,741,"MA-single",-0.954186305006137,-0.953128144599497
259292934,"YOR106W","VAM3","","dma4531","Vph1_R1_Plate12",4,13,340,752,"G1 phase",-0.771017119595333,-0.679933356555728
259292953,"YOR106W","VAM3","","dma4531","Vph1_R1_Plate12",4,13,340,771,"G1 phase",-0.705076212847444,-0.571891966545774
259293133,"YOR106W","VAM3","","dma4531","Vph1_R1_Plate12",4,13,340,954,"G1 phase",-1.34250497807704,-1.35283491794104
259293155,"YOR106W","VAM3","","dma4531","Vph1_R1_Plate12",4,13,340,976,"MA-single",-1.22527669941413,-1.31960330298806
259467161,"YOL001W","PHO80","","dma4274","Vph1_R1_Plate12",9,4,781,37,"S/G2 phase",0.335324760285924,0.542062679808649
259467328,"YOL001W","PHO80","","dma4274","Vph1_R1_Plate12",9,4,781,213,"MA-single",-0.782007270719981,-0.911781832971939
259467338,"YOL001W","PHO80","","dma4274","Vph1_R1_Plate12",9,4,782,10,"T phase",3.43454737743673,2.67151365286606
259467349,"YOL001W","PHO80","","dma4274","Vph1_R1_Plate12",9,4,782,22,"G1 phase",-0.576857783059881,-0.522662806720065
259467355,"YOL001W","PHO80","","dma4274","Vph1_R1_Plate12",9,4,782,28,"G1 phase",-1.50369386123855,-1.81653187077347
259467425,"YOL001W","PHO80","","dma4274","Vph1_R1_Plate12",9,4,782,107,"MA-single",-0.327747690901187,-0.316163097058692
259467429,"YOL001W","PHO80","","dma4274","Vph1_R1_Plate12",9,4,782,111,"MA-single",-1.26923730391272,-1.45276161127643
259467430,"YOL001W","PHO80","","dma4274","Vph1_R1_Plate12",9,4,782,112,"G1 phase",-1.41577265224136,-1.55933462760242
259467553,"YOL001W","PHO80","","dma4274","Vph1_R1_Plate12",9,4,783,3,"MA-single",-0.056657296493197,-0.240116796794175
259467562,"YOL001W","PHO80","","dma4274","Vph1_R1_Plate12",9,4,783,13,"MA-single",-1.22161331570591,-1.21032538777055
259467601,"YOL001W","PHO80","","dma4274","Vph1_R1_Plate12",9,4,783,53,"S/G2 phase",0.199779563081929,0.348855616128474
259467609,"YOL001W","PHO80","","dma4274","Vph1_R1_Plate12",9,4,783,61,"MA-single",-0.987156758380082,-1.0756987057982
259467614,"YOL001W","PHO80","","dma4274","Vph1_R1_Plate12",9,4,783,66,"T phase",4.48593850169474,3.46304435135101
259467632,"YOL001W","PHO80","","dma4274","Vph1_R1_Plate12",9,4,783,85,"T phase",3.34662616843954,2.76479402321086
259467758,"YOL001W","PHO80","","dma4274","Vph1_R1_Plate12",9,4,783,220,"G1 phase",0.174135877124416,-0.146836426449387
259467865,"YOL001W","PHO80","","dma4274","Vph1_R1_Plate12",9,4,784,99,"T phase",9.11645550887987,4.75961831429593
259467923,"YOL001W","PHO80","","dma4274","Vph1_R1_Plate12",9,4,784,157,"MA phase",1.83731208065452,1.7547074942909
259467945,"YOL001W","PHO80","","dma4274","Vph1_R1_Plate12",9,4,784,179,"MA-single",-0.910225700507544,-1.07028890801515
259467973,"YOL001W","PHO80","","dma4274","Vph1_R1_Plate12",9,4,784,207,"MA-single",-1.23993023424699,-1.49804934700307
259467974,"YOL001W","PHO80","","dma4274","Vph1_R1_Plate12",9,4,784,208,"T phase",3.13781329707123,3.13791550459001
259749520,"YOR132W","VPS17","","dma4559","Vph1_R1_Plate12",8,21,753,8,"S/G2 phase",0.496513643447431,0.506126165964137
259749759,"YOR132W","VPS17","","dma4559","Vph1_R1_Plate12",8,21,753,247,"S/G2 phase",2.77147492624962,2.20240690225061
259750225,"YOR132W","VPS17","","dma4559","Vph1_R1_Plate12",8,21,753,719,"MA-single",-1.23626685053878,-1.15298153127027
259750304,"YOR132W","VPS17","","dma4559","Vph1_R1_Plate12",8,21,753,799,"S/G2 phase",-1.01646382804581,-0.779860049891115
259750343,"YOR132W","VPS17","","dma4559","Vph1_R1_Plate12",8,21,753,838,"G1 phase",-1.16299917637445,-1.2115619129781
259750387,"YOR132W","VPS17","","dma4559","Vph1_R1_Plate12",8,21,753,882,"MA-single",-1.23260346683056,-1.36489103871469
259750664,"YOR132W","VPS17","","dma4559","Vph1_R1_Plate12",8,21,754,207,"T phase",2.3575125672212,2.02519738344315
259750852,"YOR132W","VPS17","","dma4559","Vph1_R1_Plate12",8,21,754,395,"T phase",3.12682314594658,2.52877227421916
259751067,"YOR132W","VPS17","","dma4559","Vph1_R1_Plate12",8,21,754,618,"G1 phase",-1.34616836178526,-1.43946896529524
259751070,"YOR132W","VPS17","","dma4559","Vph1_R1_Plate12",8,21,754,621,"S/G2 phase",3.4968249004764,2.9392986431268
259751239,"YOR132W","VPS17","","dma4559","Vph1_R1_Plate12",8,21,754,793,"MA-single",-0.613491620142042,-0.645233367918768
259751544,"YOR132W","VPS17","","dma4559","Vph1_R1_Plate12",8,21,755,303,"MA-single",-1.48537694269747,-1.62997113008389
259751771,"YOR132W","VPS17","","dma4559","Vph1_R1_Plate12",8,21,755,534,"MA-single",-0.807650956677494,-0.731867415272959
259751938,"YOR132W","VPS17","","dma4559","Vph1_R1_Plate12",8,21,755,702,"T phase",0.221759865331225,0.355501939119071
259752011,"YOR132W","VPS17","","dma4559","Vph1_R1_Plate12",8,21,755,775,"S/G2 phase",-0.401015365065509,-0.178831516194823
259752505,"YOR132W","VPS17","","dma4559","Vph1_R1_Plate12",8,21,756,319,"S/G2 phase",1.03869443226341,0.924535383069926
259904022,"YOL004W","SIN3","","dma4294","Vph1_R1_Plate12",11,20,1037,43,"S/G2 phase",1.35008204746178,1.26295687581212
259904056,"YOL004W","SIN3","","dma4294","Vph1_R1_Plate12",11,20,1037,79,"S/G2 phase",0.0532442147532855,0.284865436637599
259904067,"YOL004W","SIN3","","dma4294","Vph1_R1_Plate12",11,20,1037,90,"S/G2 phase",1.05701135080449,1.02987187418836
259904100,"YOL004W","SIN3","","dma4294","Vph1_R1_Plate12",11,20,1037,123,"T phase",0.943446455849794,1.11503754785858
259904112,"YOL004W","SIN3","","dma4294","Vph1_R1_Plate12",11,20,1037,135,"G1 phase",-1.04210751400332,-1.17956682323266
259904130,"YOL004W","SIN3","","dma4294","Vph1_R1_Plate12",11,20,1037,153,"MA-single",-0.672105759473499,-0.62923582304605
259904209,"YOL004W","SIN3","","dma4294","Vph1_R1_Plate12",11,20,1037,235,"T phase",0.467206573781703,0.490128621091418
259904246,"YOL004W","SIN3","","dma4294","Vph1_R1_Plate12",11,20,1037,272,"G1 phase",-0.166558807739679,-0.356041035002281
259904275,"YOL004W","SIN3","","dma4294","Vph1_R1_Plate12",11,20,1037,301,"S/G2 phase",1.22552700138243,1.39487865889294
259904311,"YOL004W","SIN3","","dma4294","Vph1_R1_Plate12",11,20,1037,339,"S/G2 phase",-0.151905272906815,0.166236299537971
259904324,"YOL004W","SIN3","","dma4294","Vph1_R1_Plate12",11,20,1037,352,"T phase",0.972753525515522,1.34023970128419
259904332,"YOL004W","SIN3","","dma4294","Vph1_R1_Plate12",11,20,1037,360,"S/G2 phase",1.25849745475638,1.82263909788085
259904358,"YOL004W","SIN3","","dma4294","Vph1_R1_Plate12",11,20,1037,386,"S/G2 phase",1.43433987275075,1.34959092316631
259904392,"YOL004W","SIN3","","dma4294","Vph1_R1_Plate12",11,20,1037,420,"MA-single",-1.4230994196578,-1.58468339435726
259904429,"YOL004W","SIN3","","dma4294","Vph1_R1_Plate12",11,20,1037,458,"MA-single",-1.3791388151592,-1.50469566999366
259904460,"YOL004W","SIN3","","dma4294","Vph1_R1_Plate12",11,20,1037,489,"S/G2 phase",0.306017690620195,0.915184161187805
259904513,"YOL004W","SIN3","","dma4294","Vph1_R1_Plate12",11,20,1038,23,"S/G2 phase",0.503840410863864,0.590055314426805
259904544,"YOL004W","SIN3","","dma4294","Vph1_R1_Plate12",11,20,1038,54,"G1 phase",-0.609828236433825,-0.368097155775924
259904567,"YOL004W","SIN3","","dma4294","Vph1_R1_Plate12",11,20,1038,77,"S/G2 phase",0.141165423750471,0.252870346892162
259904569,"YOL004W","SIN3","","dma4294","Vph1_R1_Plate12",11,20,1038,79,"S/G2 phase",0.177799260832632,0.355501939119071
259904598,"YOL004W","SIN3","","dma4294","Vph1_R1_Plate12",11,20,1038,109,"G1 phase",-1.01280044433759,-1.11828154263331
259904617,"YOL004W","SIN3","","dma4294","Vph1_R1_Plate12",11,20,1038,128,"S/G2 phase",2.14137292843645,1.66807344693671
259904671,"YOL004W","SIN3","","dma4294","Vph1_R1_Plate12",11,20,1038,183,"T phase",1.02770428113876,0.808611144861821
259904687,"YOL004W","SIN3","","dma4294","Vph1_R1_Plate12",11,20,1038,199,"S/G2 phase",0.437899504115974,0.737974642380348
259904696,"YOL004W","SIN3","","dma4294","Vph1_R1_Plate12",11,20,1038,208,"S/G2 phase",0.855525246852608,0.7992599229797
259904733,"YOL004W","SIN3","","dma4294","Vph1_R1_Plate12",11,20,1038,245,"S/G2 phase",1.29513129183854,1.05916206504227
259904822,"YOL004W","SIN3","","dma4294","Vph1_R1_Plate12",11,20,1038,335,"T phase",0.584434852444617,1.14973753649554
259904885,"YOL004W","SIN3","","dma4294","Vph1_R1_Plate12",11,20,1038,399,"MA-single",-1.21062316458126,-1.44341038939431
259904979,"YOL004W","SIN3","","dma4294","Vph1_R1_Plate12",11,20,1038,495,"MA phase",0.584434852444617,0.538121255709574
259905034,"YOL004W","SIN3","","dma4294","Vph1_R1_Plate12",11,20,1038,551,"MA-single",-1.41943603594958,-1.49804934700307
259905064,"YOL004W","SIN3","","dma4294","Vph1_R1_Plate12",11,20,1038,581,"MA-single",-1.43408957078244,-1.61667848410269
259905108,"YOL004W","SIN3","","dma4294","Vph1_R1_Plate12",11,20,1039,5,"MA-single",-0.987156758380082,-1.00629872852428
259905120,"YOL004W","SIN3","","dma4294","Vph1_R1_Plate12",11,20,1039,17,"S/G2 phase",-0.0932911335753578,0.15835345133982
259905124,"YOL004W","SIN3","","dma4294","Vph1_R1_Plate12",11,20,1039,21,"MA-single",-1.57329815169466,-1.72866129821172
259905150,"YOL004W","SIN3","","dma4294","Vph1_R1_Plate12",11,20,1039,48,"S/G2 phase",-0.20319264482184,0.110360816721666
259905166,"YOL004W","SIN3","","dma4294","Vph1_R1_Plate12",11,20,1039,64,"S/G2 phase",0.503840410863864,0.767264833234262
259905172,"YOL004W","SIN3","","dma4294","Vph1_R1_Plate12",11,20,1039,71,"T phase",2.74216785658389,2.09189246182554
259905182,"YOL004W","SIN3","","dma4294","Vph1_R1_Plate12",11,20,1039,81,"T phase",0.719980049648613,0.931181706060524
259905201,"YOL004W","SIN3","","dma4294","Vph1_R1_Plate12",11,20,1039,100,"MA-single",-1.30587114099488,-1.52610301264943
259905227,"YOL004W","SIN3","","dma4294","Vph1_R1_Plate12",11,20,1039,126,"G1 phase",-0.858938328592519,-1.01170852630733
259905277,"YOL004W","SIN3","","dma4294","Vph1_R1_Plate12",11,20,1039,178,"S/G2 phase",0.207106330498361,0.555355325789845
259905343,"YOL004W","SIN3","","dma4294","Vph1_R1_Plate12",11,20,1039,247,"S/G2 phase",0.540474247946024,0.519418811945332
259905358,"YOL004W","SIN3","","dma4294","Vph1_R1_Plate12",11,20,1039,263,"MA-single",-1.11537518816764,-1.29425453623322
259905546,"YOL004W","SIN3","","dma4294","Vph1_R1_Plate12",11,20,1039,454,"G1 phase",-0.0346769942439005,-0.352099610903205
259905596,"YOL004W","SIN3","","dma4294","Vph1_R1_Plate12",11,20,1039,505,"MA-single",-1.30220775728667,-1.48081527692279
259905708,"YOL004W","SIN3","","dma4294","Vph1_R1_Plate12",11,20,1039,622,"MA-single",-1.35349512920169,-1.50345914478611
259905779,"YOL004W","SIN3","","dma4294","Vph1_R1_Plate12",11,20,1040,66,"S/G2 phase",0.426909352991326,0.300862981510318
259905819,"YOL004W","SIN3","","dma4294","Vph1_R1_Plate12",11,20,1040,106,"MA-single",-1.52567416348785,-1.77124413504683
259905854,"YOL004W","SIN3","","dma4294","Vph1_R1_Plate12",11,20,1040,141,"S/G2 phase",0.522157329404944,0.458133531345981
259905877,"YOL004W","SIN3","","dma4294","Vph1_R1_Plate12",11,20,1040,164,"T phase",2.80810876333178,2.18246793327881
259905920,"YOL004W","SIN3","","dma4294","Vph1_R1_Plate12",11,20,1040,209,"S/G2 phase",0.529484096821376,0.435489663482664
259905935,"YOL004W","SIN3","","dma4294","Vph1_R1_Plate12",11,20,1040,224,"G1 phase",-0.880918630841816,-0.834499007499868
259905960,"YOL004W","SIN3","","dma4294","Vph1_R1_Plate12",11,20,1040,249,"G1 phase",-0.873591863425383,-0.938367124934331
259906008,"YOL004W","SIN3","","dma4294","Vph1_R1_Plate12",11,20,1040,298,"MA-single",-1.5146840123632,-1.75254169128259
259906047,"YOL004W","SIN3","","dma4294","Vph1_R1_Plate12",11,20,1040,338,"G1 phase",-0.463292888105182,-0.609296854074255
259906053,"YOL004W","SIN3","","dma4294","Vph1_R1_Plate12",11,20,1040,344,"T phase",2.95830749536864,2.05842899839614
259906082,"YOL004W","SIN3","","dma4294","Vph1_R1_Plate12",11,20,1040,374,"S/G2 phase",0.0239371450875568,0.332858071255754
259906155,"YOL004W","SIN3","","dma4294","Vph1_R1_Plate12",11,20,1040,449,"MA-single",-0.360718144275132,-0.62923582304605
259906223,"YOL004W","SIN3","","dma4294","Vph1_R1_Plate12",11,20,1040,519,"T phase",0.906812618767633,1.58143939958252
259928630,"YOR068C","VAM10","","dma4478","Vph1_R1_Plate12",12,4,1069,12,"S/G2 phase",1.51859769803972,1.29101054145848
259928783,"YOR068C","VAM10","","dma4478","Vph1_R1_Plate12",12,4,1069,165,"S/G2 phase",0.313344458036627,0.803201347078775
259928816,"YOR068C","VAM10","","dma4478","Vph1_R1_Plate12",12,4,1069,199,"S/G2 phase",1.2401805362153,1.3828225381193
259929065,"YOR068C","VAM10","","dma4478","Vph1_R1_Plate12",12,4,1069,456,"S/G2 phase",1.84830223177917,1.53221023975681
259929093,"YOR068C","VAM10","","dma4478","Vph1_R1_Plate12",12,4,1069,484,"S/G2 phase",0.393938899617381,0.977705966994709
259929132,"YOR068C","VAM10","","dma4478","Vph1_R1_Plate12",12,4,1069,524,"MA phase",2.42345347396909,2.28633605071327
259929401,"YOR068C","VAM10","","dma4478","Vph1_R1_Plate12",12,4,1069,797,"S/G2 phase",2.8813764374961,2.02790228233467
259929547,"YOR068C","VAM10","","dma4478","Vph1_R1_Plate12",12,4,1069,943,"S/G2 phase",-0.785670654428197,-0.5613042194561
259930167,"YOR068C","VAM10","","dma4478","Vph1_R1_Plate12",12,4,1070,579,"S/G2 phase",3.09018930886442,2.11306795600489
259930235,"YOR068C","VAM10","","dma4478","Vph1_R1_Plate12",12,4,1070,649,"S/G2 phase",0.126511888917607,0.352797040227549
259930260,"YOR068C","VAM10","","dma4478","Vph1_R1_Plate12",12,4,1070,674,"S/G2 phase",0.437899504115974,0.284865436637599
259930268,"YOR068C","VAM10","","dma4478","Vph1_R1_Plate12",12,4,1070,682,"G1 phase",0.0569075984615015,-0.0976072666236777
259930662,"YOR068C","VAM10","","dma4478","Vph1_R1_Plate12",12,4,1071,30,"S/G2 phase",0.166809109707984,0.462074955445056
259930749,"YOR068C","VAM10","","dma4478","Vph1_R1_Plate12",12,4,1071,117,"S/G2 phase",1.29146790813032,1.10568632597646
259931050,"YOR068C","VAM10","","dma4478","Vph1_R1_Plate12",12,4,1071,423,"S/G2 phase",1.62483582557799,1.06186696393379
259931084,"YOR068C","VAM10","","dma4478","Vph1_R1_Plate12",12,4,1071,458,"S/G2 phase",0.661365910317155,0.843311133498781
259931099,"YOR068C","VAM10","","dma4478","Vph1_R1_Plate12",12,4,1071,475,"T phase",0.214433097914793,0.267631366557328
259931180,"YOR068C","VAM10","","dma4478","Vph1_R1_Plate12",12,4,1071,557,"S/G2 phase",2.53335498521557,2.45960414542165
259931212,"YOR068C","VAM10","","dma4478","Vph1_R1_Plate12",12,4,1071,589,"S/G2 phase",1.39404265196037,1.29495196555756
259931247,"YOR068C","VAM10","","dma4478","Vph1_R1_Plate12",12,4,1071,626,"S/G2 phase",0.906812618767633,1.22037403897701
259931251,"YOR068C","VAM10","","dma4478","Vph1_R1_Plate12",12,4,1071,630,"S/G2 phase",3.33929940102311,2.90459865448984
259931559,"YOR068C","VAM10","","dma4478","Vph1_R1_Plate12",12,4,1072,9,"MA-single",-1.19963301345661,-1.29819596033229
259931633,"YOR068C","VAM10","","dma4478","Vph1_R1_Plate12",12,4,1072,83,"S/G2 phase",0.94710983955801,0.989762087768352
259931885,"YOR068C","VAM10","","dma4478","Vph1_R1_Plate12",12,4,1072,343,"S/G2 phase",2.23662090485007,1.57479307659192
259932517,"YOR068C","VAM10","","dma4478","Vph1_R1_Plate12",12,4,1072,991,"T phase",0.031263912503989,0.451487208355383
259985313,"YOR141C","ARP8","","dma4550","Vph1_R1_Plate12",8,3,684,14,"MA phase",2.07909540539678,2.38232131994958
260040893,"YOL141W","PPM2","","dma4410","Vph1_R1_Plate12",15,11,1385,37,"S/G2 phase",0.79691110752115,1.25360565393
260040913,"YOL141W","PPM2","","dma4410","Vph1_R1_Plate12",15,11,1385,57,"MA phase",0.741960351897909,0.635343050153438
260041002,"YOL141W","PPM2","","dma4410","Vph1_R1_Plate12",15,11,1386,11,"T phase",1.947213591901,1.74535627240878
260041010,"YOL141W","PPM2","","dma4410","Vph1_R1_Plate12",15,11,1386,19,"S/G2 phase",3.8375195853405,2.53294554679465
260041069,"YOL141W","PPM2","","dma4410","Vph1_R1_Plate12",15,11,1386,79,"MA phase",1.59552875591226,1.40422988077507
260041086,"YOL141W","PPM2","","dma4410","Vph1_R1_Plate12",15,11,1386,96,"MA phase",2.56998882229773,1.7547074942909
260041111,"YOL141W","PPM2","","dma4410","Vph1_R1_Plate12",15,11,1387,3,"T phase",1.63948936041085,2.31438971635963
260041116,"YOL141W","PPM2","","dma4410","Vph1_R1_Plate12",15,11,1387,8,"S/G2 phase",1.05701135080449,1.47757128214806
260041138,"YOL141W","PPM2","","dma4410","Vph1_R1_Plate12",15,11,1387,30,"S/G2 phase",0.317007841744843,0.454192107246906
260041165,"YOL141W","PPM2","","dma4410","Vph1_R1_Plate12",15,11,1387,57,"S/G2 phase",1.25117068733994,2.25975075875088
260041202,"YOL141W","PPM2","","dma4410","Vph1_R1_Plate12",15,11,1387,94,"G1 phase",-0.877255247133599,-0.258819240558416
260041208,"YOL141W","PPM2","","dma4410","Vph1_R1_Plate12",15,11,1387,101,"T phase",0.807901258645798,0.795318498880625
260050409,"YOL036W","","","dma4315","Vph1_R1_Plate12",15,14,1397,954,"T phase",0.529484096821376,0.70597955263491
260052310,"YOL036W","","","dma4315","Vph1_R1_Plate12",15,14,1399,884,"G1 phase",-1.19963301345661,-1.2248545589593
260052591,"YOL036W","","","dma4315","Vph1_R1_Plate12",15,14,1400,180,"MA-single",-0.97982999096365,-0.999652405533682
260052840,"YOL036W","","","dma4315","Vph1_R1_Plate12",15,14,1400,431,"MA phase",1.37206234971107,1.5587955317192
260169596,"YOR080W","DIA2","","dma4493","Vph1_R1_Plate12",14,10,1285,369,"S/G2 phase",3.09018930886442,2.47830658918589
260170524,"YOR080W","DIA2","","dma4493","Vph1_R1_Plate12",14,10,1287,170,"S/G2 phase",0.741960351897909,0.884425596649921
260170685,"YOR080W","DIA2","","dma4493","Vph1_R1_Plate12",14,10,1287,339,"T phase",4.87425717476565,3.06998390100006
260170899,"YOR080W","DIA2","","dma4493","Vph1_R1_Plate12",14,10,1287,565,"MA phase",-0.104281284700006,0.239577700910965
260170916,"YOR080W","DIA2","","dma4493","Vph1_R1_Plate12",14,10,1287,582,"T phase",4.00237185221022,2.97129373287222
260171048,"YOR080W","DIA2","","dma4493","Vph1_R1_Plate12",14,10,1288,111,"G1 phase",0.0972048192518784,-0.188182738076944
260459229,"YOR359W","VTS1","","dma4743","Vph1_R1_Plate13",7,5,593,124,"S/G2 phase",0.208167881845406,0.720132727515345
260459475,"YOR359W","VTS1","","dma4743","Vph1_R1_Plate13",7,5,594,142,"G1 phase",-0.591811850590585,-0.619235747422024
260459492,"YOR359W","VTS1","","dma4743","Vph1_R1_Plate13",7,5,594,159,"S/G2 phase",-0.309914230589331,-0.170418404089282
260459687,"YOR359W","VTS1","","dma4743","Vph1_R1_Plate13",7,5,595,91,"S/G2 phase",1.06909845103843,1.44438504902843
260460001,"YOR359W","VTS1","","dma4743","Vph1_R1_Plate13",7,5,596,176,"S/G2 phase",4.32996821753942,3.37868978215856
260688908,"YPL239W","YAR1","","dma4962","Vph1_R1_Plate13",12,11,1097,116,"S/G2 phase",3.48046593023834,3.14287329216743
260688925,"YPL239W","YAR1","","dma4962","Vph1_R1_Plate13",12,11,1097,133,"S/G2 phase",1.17195298806591,1.68860296478941
260689047,"YPL239W","YAR1","","dma4962","Vph1_R1_Plate13",12,11,1097,255,"S/G2 phase",0.566254047792946,0.734299837637061
260689074,"YPL239W","YAR1","","dma4962","Vph1_R1_Plate13",12,11,1098,26,"MA-single",-1.5594063841084,-1.7511219526117
260689075,"YPL239W","YAR1","","dma4962","Vph1_R1_Plate13",12,11,1098,27,"T phase",3.08428549131766,2.43987163583692
260689080,"YPL239W","YAR1","","dma4962","Vph1_R1_Plate13",12,11,1098,32,"T phase",4.28044566267433,3.70107390434691
260689108,"YPL239W","YAR1","","dma4962","Vph1_R1_Plate13",12,11,1098,60,"S/G2 phase",4.17759112564685,3.24097229306838
260689130,"YPL239W","YAR1","","dma4962","Vph1_R1_Plate13",12,11,1098,82,"MA phase",1.27861695239071,1.36490097189206
260689178,"YPL239W","YAR1","","dma4962","Vph1_R1_Plate13",12,11,1098,131,"T phase",2.76429359834326,2.28090348156418
260689231,"YPL239W","YAR1","","dma4962","Vph1_R1_Plate13",12,11,1098,186,"T phase",3.8956935056456,3.00383793236826
260689257,"YPL239W","YAR1","","dma4962","Vph1_R1_Plate13",12,11,1098,212,"S/G2 phase",0.120551054007179,0.26266685765481
260689304,"YPL239W","YAR1","","dma4962","Vph1_R1_Plate13",12,11,1099,34,"MA phase",0.0938850629259792,0.495600505470004
260689468,"YPL239W","YAR1","","dma4962","Vph1_R1_Plate13",12,11,1099,199,"MA-single",-1.40702929221583,-1.62757157364324
260689553,"YPL239W","YAR1","","dma4962","Vph1_R1_Plate13",12,11,1100,46,"S/G2 phase",0.154835899683007,0.772600455117281
260689663,"YPL239W","YAR1","","dma4962","Vph1_R1_Plate13",12,11,1100,157,"S/G2 phase",3.03476293645258,2.42570452571521
260838199,"YPL060W","MFM1","","dma4801","Vph1_R1_Plate13",2,2,101,12,"G1 phase",-1.28131819140446,-1.42873783042334
260838274,"YPL060W","MFM1","","dma4801","Vph1_R1_Plate13",2,2,101,87,"S/G2 phase",0.0900756356286649,0.123631497855642
260838275,"YPL060W","MFM1","","dma4801","Vph1_R1_Plate13",2,2,101,88,"G1 phase",-1.30036532789103,-1.46283773501864
260838343,"YPL060W","MFM1","","dma4801","Vph1_R1_Plate13",2,2,101,156,"G1 phase",-0.961326298430067,-0.972836932029743
260838366,"YPL060W","MFM1","","dma4801","Vph1_R1_Plate13",2,2,101,179,"MA-single",-1.25846162762058,-1.28393678627231
260838383,"YPL060W","MFM1","","dma4801","Vph1_R1_Plate13",2,2,101,196,"G1 phase",-1.20893907275549,-1.35633730834783
260838397,"YPL060W","MFM1","","dma4801","Vph1_R1_Plate13",2,2,101,210,"MA-single",-1.24703334572864,-1.43870422766013
260838479,"YPL060W","MFM1","","dma4801","Vph1_R1_Plate13",2,2,102,42,"S/G2 phase",0.029124798871637,0.546750362362945
260838525,"YPL060W","MFM1","","dma4801","Vph1_R1_Plate13",2,2,102,89,"G1 phase",-1.25084277302595,-1.4116878781257
260838559,"YPL060W","MFM1","","dma4801","Vph1_R1_Plate13",2,2,102,123,"T phase",-0.115633438426304,0.418999270509562
260838595,"YPL060W","MFM1","","dma4801","Vph1_R1_Plate13",2,2,102,160,"S/G2 phase",-0.412768767616815,-0.396268496843618
260838637,"YPL060W","MFM1","","dma4801","Vph1_R1_Plate13",2,2,102,204,"G1 phase",-1.23560506383669,-1.32932095881339
260838679,"YPL060W","MFM1","","dma4801","Vph1_R1_Plate13",2,2,103,33,"S/G2 phase",0.284356427791691,0.254265431884955
260838693,"YPL060W","MFM1","","dma4801","Vph1_R1_Plate13",2,2,103,47,"G1 phase",-1.20512964545818,-1.42873783042334
260838733,"YPL060W","MFM1","","dma4801","Vph1_R1_Plate13",2,2,103,87,"MA-single",-1.18227308167429,-1.27397038903552
260838769,"YPL060W","MFM1","","dma4801","Vph1_R1_Plate13",2,2,103,123,"S/G2 phase",-0.599430705185213,-0.00148385257974778
260838771,"YPL060W","MFM1","","dma4801","Vph1_R1_Plate13",2,2,103,125,"G1 phase",-1.11370339032264,-1.0381538990444
260838774,"YPL060W","MFM1","","dma4801","Vph1_R1_Plate13",2,2,103,128,"S/G2 phase",0.676727439415059,0.580850266958238
260838790,"YPL060W","MFM1","","dma4801","Vph1_R1_Plate13",2,2,103,144,"G1 phase",-0.816568061132125,-0.914603520075944
260838799,"YPL060W","MFM1","","dma4801","Vph1_R1_Plate13",2,2,103,153,"G1 phase",-0.972754580322009,-1.02398678892268
260838815,"YPL060W","MFM1","","dma4801","Vph1_R1_Plate13",2,2,103,169,"G1 phase",-0.835615197618697,-0.982803329266532
260838841,"YPL060W","MFM1","","dma4801","Vph1_R1_Plate13",2,2,103,195,"G1 phase",-1.07179969005218,-1.0381538990444
260838868,"YPL060W","MFM1","","dma4801","Vph1_R1_Plate13",2,2,103,222,"S/G2 phase",-0.671809823834184,-0.580935129941803
260838986,"YPL060W","MFM1","","dma4801","Vph1_R1_Plate13",2,2,104,113,"G1 phase",-0.713713524104641,-0.856370108122145
260839001,"YPL060W","MFM1","","dma4801","Vph1_R1_Plate13",2,2,104,129,"MA-single",-1.29655590059372,-1.52107114697244
260839028,"YPL060W","MFM1","","dma4801","Vph1_R1_Plate13",2,2,104,157,"G1 phase",-1.25084277302595,-1.31227100651575
260839036,"YPL060W","MFM1","","dma4801","Vph1_R1_Plate13",2,2,104,165,"G1 phase",-0.233725684643046,-0.0838507718920513
260839041,"YPL060W","MFM1","","dma4801","Vph1_R1_Plate13",2,2,104,170,"S/G2 phase",0.314831846170205,0.418999270509562
260839063,"YPL060W","MFM1","","dma4801","Vph1_R1_Plate13",2,2,104,192,"G1 phase",-1.37274444654,-1.57930455892623
260839095,"YPL060W","MFM1","","dma4801","Vph1_R1_Plate13",2,2,104,224,"S/G2 phase",1.14528699698471,1.23426703786274
260856174,"YPL055C","LGE1","","dma4805","Vph1_R1_Plate13",2,10,133,42,"T phase",1.93764787482607,2.22267006961038
260856188,"YPL055C","LGE1","","dma4805","Vph1_R1_Plate13",2,10,133,56,"T phase",1.94907615671802,2.39737030547177
260856214,"YPL055C","LGE1","","dma4805","Vph1_R1_Plate13",2,10,133,83,"S/G2 phase",1.57575228158122,2.35906968799155
260856322,"YPL055C","LGE1","","dma4805","Vph1_R1_Plate13",2,10,133,193,"S/G2 phase",0.653870875631173,1.12200092684007
261156403,"YOR312C","RPL20B","","dma4693","Vph1_R1_Plate13",15,2,1349,1,"T phase",3.86521808726708,3.42695679687556
261156416,"YOR312C","RPL20B","","dma4693","Vph1_R1_Plate13",15,2,1349,14,"S/G2 phase",1.28623580698534,1.42865296743978
261156452,"YOR312C","RPL20B","","dma4693","Vph1_R1_Plate13",15,2,1349,50,"S/G2 phase",3.43094337537326,2.59620404869167
261156500,"YOR312C","RPL20B","","dma4693","Vph1_R1_Plate13",15,2,1349,99,"MA phase",2.66905791591041,2.48682077984493
261156505,"YOR312C","RPL20B","","dma4693","Vph1_R1_Plate13",15,2,1349,104,"T phase",3.40046795699474,2.4015710183567
261156548,"YOR312C","RPL20B","","dma4693","Vph1_R1_Plate13",15,2,1349,147,"S/G2 phase",3.14142690077737,2.775104997438
261156572,"YOR312C","RPL20B","","dma4693","Vph1_R1_Plate13",15,2,1350,3,"S/G2 phase",-0.473719604373843,0.248499747533094
261156574,"YOR312C","RPL20B","","dma4693","Vph1_R1_Plate13",15,2,1350,5,"S/G2 phase",1.14909642428202,1.21433424338916
261156608,"YOR312C","RPL20B","","dma4693","Vph1_R1_Plate13",15,2,1350,39,"S/G2 phase",2.39477915050378,2.52092068444023
261156615,"YOR312C","RPL20B","","dma4693","Vph1_R1_Plate13",15,2,1350,46,"S/G2 phase",1.93383844752876,1.44858576191335
261156667,"YOR312C","RPL20B","","dma4693","Vph1_R1_Plate13",15,2,1350,98,"T phase",5.35089473321964,3.56623925743267
261156728,"YOR312C","RPL20B","","dma4693","Vph1_R1_Plate13",15,2,1350,159,"G1 phase",-0.877518897889153,-0.982803329266532
261156744,"YOR312C","RPL20B","","dma4693","Vph1_R1_Plate13",15,2,1351,3,"T phase",0.901483649956599,1.78670196569036
261156805,"YOR312C","RPL20B","","dma4693","Vph1_R1_Plate13",15,2,1351,65,"S/G2 phase",4.21568539861999,3.08332200950464
261156887,"YOR312C","RPL20B","","dma4693","Vph1_R1_Plate13",15,2,1351,147,"S/G2 phase",2.62715421563995,2.44143660730386
261156930,"YOR312C","RPL20B","","dma4693","Vph1_R1_Plate13",15,2,1352,7,"T phase",2.44049227807155,1.76676917121678
261156931,"YOR312C","RPL20B","","dma4693","Vph1_R1_Plate13",15,2,1352,8,"T phase",2.08621553942133,2.37455466882227
261156936,"YOR312C","RPL20B","","dma4693","Vph1_R1_Plate13",15,2,1352,13,"T phase",4.42139447267496,2.75097149007949
261156973,"YOR312C","RPL20B","","dma4693","Vph1_R1_Plate13",15,2,1352,50,"S/G2 phase",0.977672195902884,1.28961760764061
261157060,"YOR312C","RPL20B","","dma4693","Vph1_R1_Plate13",15,2,1352,137,"T phase",2.4519205599635,2.7168715854842
261157120,"YOR312C","RPL20B","","dma4693","Vph1_R1_Plate13",15,2,1352,198,"T phase",2.02907412996162,2.09623684846599
261157121,"YOR312C","RPL20B","","dma4693","Vph1_R1_Plate13",15,2,1352,199,"T phase",1.03100417806528,1.57213614088181
261157127,"YOR312C","RPL20B","","dma4693","Vph1_R1_Plate13",15,2,1352,205,"T phase",3.33951712023772,2.31500338615947
261157145,"YOR312C","RPL20B","","dma4693","Vph1_R1_Plate13",15,2,1352,223,"MA phase",1.92621959293413,2.07498618328342
261602874,"YDR026C","NSI1","","dma5215","Vph1_R1_Plate14",6,14,533,132,"S/G2 phase",6.07170930431084,4.30579211745463
261602877,"YDR026C","NSI1","","dma5215","Vph1_R1_Plate14",6,14,533,135,"S/G2 phase",2.76200225094145,2.1389436365861
261602885,"YDR026C","NSI1","","dma5215","Vph1_R1_Plate14",6,14,533,143,"S/G2 phase",2.97448616405222,2.51682548670991
261602890,"YDR026C","NSI1","","dma5215","Vph1_R1_Plate14",6,14,533,148,"S/G2 phase",0.222999560380602,1.11252097713232
261602912,"YDR026C","NSI1","","dma5215","Vph1_R1_Plate14",6,14,533,171,"T phase",3.60113363661617,2.17158354602721
261602945,"YDR026C","NSI1","","dma5215","Vph1_R1_Plate14",6,14,533,204,"S/G2 phase",0.878458410993474,0.960359080462397
261603002,"YDR026C","NSI1","","dma5215","Vph1_R1_Plate14",6,14,534,40,"MA-single",-0.882637072246604,-0.641046331537384
261603015,"YDR026C","NSI1","","dma5215","Vph1_R1_Plate14",6,14,534,54,"S/G2 phase",0.172579648794997,0.918179487344048
261603121,"YDR026C","NSI1","","dma5215","Vph1_R1_Plate14",6,14,534,161,"S/G2 phase",1.7932196640466,1.91598309576612
261603141,"YDR026C","NSI1","","dma5215","Vph1_R1_Plate14",6,14,534,181,"S/G2 phase",1.05852952379921,1.13160034448679
261603212,"YDR026C","NSI1","","dma5215","Vph1_R1_Plate14",6,14,535,41,"MA-single",-0.698964537184756,-0.639784885761883
261603499,"YDR026C","NSI1","","dma5215","Vph1_R1_Plate14",6,14,536,119,"S/G2 phase",-0.410850756695581,-0.125824572605789
261603572,"YDR026C","NSI1","","dma5215","Vph1_R1_Plate14",6,14,536,194,"S/G2 phase",0.183383915563341,0.551098766672968
261612856,"YIL085C","KTR7","","dma5315","Vph1_R1_Plate14",6,21,561,44,"S/G2 phase",1.80402393081495,1.59660079348121
261612914,"YIL085C","KTR7","","dma5315","Vph1_R1_Plate14",6,21,561,103,"S/G2 phase",1.50870730581354,1.86702323160445
261613028,"YIL085C","KTR7","","dma5315","Vph1_R1_Plate14",6,21,561,220,"S/G2 phase",2.35504153600049,1.59660079348121
261613063,"YIL085C","KTR7","","dma5315","Vph1_R1_Plate14",6,21,561,255,"S/G2 phase",2.15696331191419,1.63326156133174
261613104,"YIL085C","KTR7","","dma5315","Vph1_R1_Plate14",6,21,561,296,"S/G2 phase",0.457092007028057,0.884278132127434
261613149,"YIL085C","KTR7","","dma5315","Vph1_R1_Plate14",6,21,561,342,"S/G2 phase",0.201391026843914,1.18860192546729
261613169,"YIL085C","KTR7","","dma5315","Vph1_R1_Plate14",6,21,561,364,"S/G2 phase",1.46909166099628,2.11986426923163
261613213,"YIL085C","KTR7","","dma5315","Vph1_R1_Plate14",6,21,561,411,"S/G2 phase",0.777618587822263,0.846119397418497
261613222,"YIL085C","KTR7","","dma5315","Vph1_R1_Plate14",6,21,561,420,"S/G2 phase",0.543526141174809,0.632698540275753
261613238,"YIL085C","KTR7","","dma5315","Vph1_R1_Plate14",6,21,561,436,"S/G2 phase",1.08373947959201,1.88460463210051
261613243,"YIL085C","KTR7","","dma5315","Vph1_R1_Plate14",6,21,561,441,"S/G2 phase",0.97569681190857,1.5082207488351
261613260,"YIL085C","KTR7","","dma5315","Vph1_R1_Plate14",6,21,561,459,"T phase",4.89044280430523,3.42498760471037
261613281,"YIL085C","KTR7","","dma5315","Vph1_R1_Plate14",6,21,561,480,"T phase",2.9456747860033,3.41670936680865
261613291,"YIL085C","KTR7","","dma5315","Vph1_R1_Plate14",6,21,561,490,"S/G2 phase",2.2830130908782,2.03424363721943
261613413,"YIL085C","KTR7","","dma5315","Vph1_R1_Plate14",6,21,562,90,"MA-single",-0.410850756695581,-0.344764255016354
261613520,"YIL085C","KTR7","","dma5315","Vph1_R1_Plate14",6,21,562,197,"S/G2 phase",0.237405249405061,0.783598991170179
261613585,"YIL085C","KTR7","","dma5315","Vph1_R1_Plate14",6,21,562,262,"T phase",2.53871407106234,2.32650485533105
261613625,"YIL085C","KTR7","","dma5315","Vph1_R1_Plate14",6,21,562,302,"S/G2 phase",2.29741877990266,2.48016471885938
261613658,"YIL085C","KTR7","","dma5315","Vph1_R1_Plate14",6,21,562,335,"S/G2 phase",1.0081096122136,1.49592165252396
261613665,"YIL085C","KTR7","","dma5315","Vph1_R1_Plate14",6,21,562,342,"S/G2 phase",0.719995831724428,1.41432187892117
261613802,"YIL085C","KTR7","","dma5315","Vph1_R1_Plate14",6,21,562,480,"S/G2 phase",1.20618783629991,0.862439352139054
261613842,"YIL085C","KTR7","","dma5315","Vph1_R1_Plate14",6,21,562,520,"T phase",0.723597253980543,0.770038449083533
261614013,"YIL085C","KTR7","","dma5315","Vph1_R1_Plate14",6,21,563,166,"S/G2 phase",2.85203780734432,2.16480327498389
261614090,"YIL085C","KTR7","","dma5315","Vph1_R1_Plate14",6,21,563,245,"S/G2 phase",1.61314855124087,1.49718309829946
261614137,"YIL085C","KTR7","","dma5315","Vph1_R1_Plate14",6,21,563,292,"MA-single",-0.508089157610678,-0.528304615351894
261614143,"YIL085C","KTR7","","dma5315","Vph1_R1_Plate14",6,21,563,298,"S/G2 phase",1.01171103446972,1.08539989295903
261614152,"YIL085C","KTR7","","dma5315","Vph1_R1_Plate14",6,21,563,307,"S/G2 phase",2.84483496283209,2.57532503454882
261614183,"YIL085C","KTR7","","dma5315","Vph1_R1_Plate14",6,21,563,338,"S/G2 phase",3.45347532411547,2.91378670418819
261614341,"YIL085C","KTR7","","dma5315","Vph1_R1_Plate14",6,21,564,1,"S/G2 phase",0.36705645062519,0.654537320264133
261614394,"YIL085C","KTR7","","dma5315","Vph1_R1_Plate14",6,21,564,55,"S/G2 phase",0.125761159465506,0.173216916549153
261614491,"YIL085C","KTR7","","dma5315","Vph1_R1_Plate14",6,21,564,153,"S/G2 phase",-0.0074914640107371,0.426057954176333
261614535,"YIL085C","KTR7","","dma5315","Vph1_R1_Plate14",6,21,564,197,"S/G2 phase",1.25660774788552,1.30962187955451
261614644,"YIL085C","KTR7","","dma5315","Vph1_R1_Plate14",6,21,564,306,"MA phase",0.745205787517231,0.668097862350779
261614679,"YIL085C","KTR7","","dma5315","Vph1_R1_Plate14",6,21,564,341,"S/G2 phase",0.269818049710093,0.296996283270286
261614697,"YIL085C","KTR7","","dma5315","Vph1_R1_Plate14",6,21,564,359,"S/G2 phase",2.48829415947674,2.03298219144393
261614705,"YIL085C","KTR7","","dma5315","Vph1_R1_Plate14",6,21,564,367,"S/G2 phase",1.742799752461,1.50546133620119
261614761,"YIL085C","KTR7","","dma5315","Vph1_R1_Plate14",6,21,564,424,"T phase",2.96728331953999,2.84448602689655
261673632,"YOR248W","","","dma5204","Vph1_R1_Plate14",4,16,349,3,"S/G2 phase",1.13776081343373,1.07988106769121
261673692,"YOR248W","","","dma5204","Vph1_R1_Plate14",4,16,349,63,"S/G2 phase",1.11975370215316,0.92093889997796
261673702,"YOR248W","","","dma5204","Vph1_R1_Plate14",4,16,349,73,"S/G2 phase",0.309433694527355,0.609598314511873
261673741,"YOR248W","","","dma5204","Vph1_R1_Plate14",4,16,349,112,"S/G2 phase",1.04052241251863,1.10850011872291
261673748,"YOR248W","","","dma5204","Vph1_R1_Plate14",4,16,349,119,"S/G2 phase",1.46909166099628,1.27422255747949
261673780,"YOR248W","","","dma5204","Vph1_R1_Plate14",4,16,349,151,"S/G2 phase",1.26741201465386,1.52730011618957
261673874,"YOR248W","","","dma5204","Vph1_R1_Plate14",4,16,350,62,"S/G2 phase",-0.0579113755963426,-0.070084437400795
261674223,"YOR248W","","","dma5204","Vph1_R1_Plate14",4,16,352,39,"S/G2 phase",0.478700540564745,0.750959081729065
261674226,"YOR248W","","","dma5204","Vph1_R1_Plate14",4,16,352,42,"S/G2 phase",2.18217326770699,3.10134792293315
261674243,"YOR248W","","","dma5204","Vph1_R1_Plate14",4,16,352,59,"MA-single",-1.4948788557861,-1.64160935259337
261674254,"YOR248W","","","dma5204","Vph1_R1_Plate14",4,16,352,70,"S/G2 phase",1.18457930276322,1.07034138401398
261674380,"YGR276C","RNH70","","dma5301","Vph1_R1_Plate14",4,17,353,7,"S/G2 phase",0.990102500933029,1.19412075073511
261674419,"YGR276C","RNH70","","dma5301","Vph1_R1_Plate14",4,17,353,46,"S/G2 phase",2.83763211831986,2.81184611745544
261674440,"YGR276C","RNH70","","dma5301","Vph1_R1_Plate14",4,17,353,67,"S/G2 phase",2.75840082868534,2.15250417867274
261674462,"YGR276C","RNH70","","dma5301","Vph1_R1_Plate14",4,17,353,92,"S/G2 phase",0.579540363735956,0.98874161041119
261674489,"YGR276C","RNH70","","dma5301","Vph1_R1_Plate14",4,17,353,120,"T phase",2.37304864728107,2.04378332089667
261674502,"YGR276C","RNH70","","dma5301","Vph1_R1_Plate14",4,17,353,134,"S/G2 phase",1.34304188203227,1.85472413529331
261674558,"YGR276C","RNH70","","dma5301","Vph1_R1_Plate14",4,17,353,192,"S/G2 phase",-0.428857867976155,-0.0768647084441181
261674580,"YGR276C","RNH70","","dma5301","Vph1_R1_Plate14",4,17,353,217,"T phase",2.42706998112279,2.35236449372884
261674625,"YGR276C","RNH70","","dma5301","Vph1_R1_Plate14",4,17,353,262,"S/G2 phase",0.669575920138823,0.829799442697939
261674652,"YGR276C","RNH70","","dma5301","Vph1_R1_Plate14",4,17,353,289,"S/G2 phase",2.97808758630833,2.51532751985151
261674775,"YGR276C","RNH70","","dma5301","Vph1_R1_Plate14",4,17,353,413,"S/G2 phase",4.28900528753408,3.28614972904419
261674792,"YGR276C","RNH70","","dma5301","Vph1_R1_Plate14",4,17,353,430,"MA phase",3.41385967929821,2.94642661362931
261674802,"YGR276C","RNH70","","dma5301","Vph1_R1_Plate14",4,17,353,440,"S/G2 phase",3.61553932564063,3.02124611618877
261674809,"YGR276C","RNH70","","dma5301","Vph1_R1_Plate14",4,17,353,447,"S/G2 phase",0.75961147654169,0.761760211181801
261674823,"YGR276C","RNH70","","dma5301","Vph1_R1_Plate14",4,17,354,11,"S/G2 phase",0.521917607638121,0.609598314511873
261674884,"YGR276C","RNH70","","dma5301","Vph1_R1_Plate14",4,17,354,74,"T phase",1.11255085764093,1.35858174371618
261674899,"YGR276C","RNH70","","dma5301","Vph1_R1_Plate14",4,17,354,90,"T phase",2.20018037898756,1.46052233044894
261674913,"YGR276C","RNH70","","dma5301","Vph1_R1_Plate14",4,17,354,105,"S/G2 phase",0.557931830199268,0.904618945257402
261674944,"YGR276C","RNH70","","dma5301","Vph1_R1_Plate14",4,17,354,137,"T phase",2.91686340795438,3.3461472437415
261674948,"YGR276C","RNH70","","dma5301","Vph1_R1_Plate14",4,17,354,141,"S/G2 phase",0.370657872881304,0.604079489244052
261674985,"YGR276C","RNH70","","dma5301","Vph1_R1_Plate14",4,17,354,179,"S/G2 phase",-0.37123511187832,-0.0864043921213516
261675007,"YGR276C","RNH70","","dma5301","Vph1_R1_Plate14",4,17,354,201,"S/G2 phase",2.87724776313712,2.53314544143047
261675020,"YGR276C","RNH70","","dma5301","Vph1_R1_Plate14",4,17,354,214,"S/G2 phase",1.34664330428838,1.65360237446171
261675079,"YGR276C","RNH70","","dma5301","Vph1_R1_Plate14",4,17,354,275,"T phase",3.09693452076012,2.85402571057379
261675166,"YGR276C","RNH70","","dma5301","Vph1_R1_Plate14",4,17,354,364,"G1 phase",-1.28599636493145,-1.30314768295399
261675272,"YGR276C","RNH70","","dma5301","Vph1_R1_Plate14",4,17,355,20,"S/G2 phase",-0.958266939625012,-0.972727730133439
261675297,"YGR276C","RNH70","","dma5301","Vph1_R1_Plate14",4,17,355,45,"MA-single",-1.30760489846814,-1.45530957962392
261675329,"YGR276C","RNH70","","dma5301","Vph1_R1_Plate14",4,17,355,77,"S/G2 phase",3.70197345978738,2.81184611745544
261675339,"YGR276C","RNH70","","dma5301","Vph1_R1_Plate14",4,17,355,87,"S/G2 phase",1.65996704057036,1.27020169907007
261675394,"YGR276C","RNH70","","dma5301","Vph1_R1_Plate14",4,17,355,143,"T phase",1.81122677532718,1.71888219334394
261675398,"YGR276C","RNH70","","dma5301","Vph1_R1_Plate14",4,17,355,147,"S/G2 phase",2.44867851465947,2.75484453647494
261675428,"YGR276C","RNH70","","dma5301","Vph1_R1_Plate14",4,17,355,177,"T phase",3.16176012137018,2.78472503328215
261675485,"YGR276C","RNH70","","dma5301","Vph1_R1_Plate14",4,17,355,234,"S/G2 phase",3.02130465338171,2.07366381770387
261675519,"YGR276C","RNH70","","dma5301","Vph1_R1_Plate14",4,17,355,268,"S/G2 phase",4.71397311375561,4.27189076223802
261675531,"YGR276C","RNH70","","dma5301","Vph1_R1_Plate14",4,17,355,280,"S/G2 phase",0.316636539039584,0.549837320897467
261675565,"YGR276C","RNH70","","dma5301","Vph1_R1_Plate14",4,17,355,315,"S/G2 phase",-0.864629960966031,-0.775626827711253
261675602,"YGR276C","RNH70","","dma5301","Vph1_R1_Plate14",4,17,355,352,"T phase",2.64675673874578,1.86978264423836
261675682,"YGR276C","RNH70","","dma5301","Vph1_R1_Plate14",4,17,355,432,"S/G2 phase",0.557931830199268,0.586498088747993
261675761,"YGR276C","RNH70","","dma5301","Vph1_R1_Plate14",4,17,356,23,"T phase",3.64074928143343,3.45762751415148
261675792,"YGR276C","RNH70","","dma5301","Vph1_R1_Plate14",4,17,356,54,"S/G2 phase",2.11734766709692,2.48694498990271
261675810,"YGR276C","RNH70","","dma5301","Vph1_R1_Plate14",4,17,356,72,"S/G2 phase",1.37185326008119,1.31790011745624
261675837,"YGR276C","RNH70","","dma5301","Vph1_R1_Plate14",4,17,356,99,"S/G2 phase",2.99969611984502,2.47740530622548
261675855,"YGR276C","RNH70","","dma5301","Vph1_R1_Plate14",4,17,356,117,"S/G2 phase",2.44507709240336,2.27202616590156
261675857,"YGR276C","RNH70","","dma5301","Vph1_R1_Plate14",4,17,356,119,"S/G2 phase",1.29262197044666,1.3927196200157
261675862,"YGR276C","RNH70","","dma5301","Vph1_R1_Plate14",4,17,356,124,"S/G2 phase",0.669575920138823,0.67211872076019
261675871,"YGR276C","RNH70","","dma5301","Vph1_R1_Plate14",4,17,356,133,"S/G2 phase",4.30341097655853,3.14754837446091
261675876,"YGR276C","RNH70","","dma5301","Vph1_R1_Plate14",4,17,356,138,"MA phase",0.64436596434602,0.83129740955635
261675878,"YGR276C","RNH70","","dma5301","Vph1_R1_Plate14",4,17,356,140,"T phase",2.08853628904801,1.93506246312059
261675972,"YGR276C","RNH70","","dma5301","Vph1_R1_Plate14",4,17,356,235,"S/G2 phase",3.22658572198025,2.72748693121874
261675983,"YGR276C","RNH70","","dma5301","Vph1_R1_Plate14",4,17,356,246,"S/G2 phase",1.63475708477756,1.69980282598947
261676053,"YGR276C","RNH70","","dma5301","Vph1_R1_Plate14",4,17,356,316,"T phase",2.43787424789113,1.92828219207727
261676103,"YGR276C","RNH70","","dma5301","Vph1_R1_Plate14",4,17,356,367,"S/G2 phase",0.514714763125891,1.34226178899562
261676116,"YGR276C","RNH70","","dma5301","Vph1_R1_Plate14",4,17,356,380,"S/G2 phase",0.734401520748887,0.855659081095732
261676118,"YGR276C","RNH70","","dma5301","Vph1_R1_Plate14",4,17,356,382,"S/G2 phase",2.17497042319476,2.50602435725717
261676122,"YGR276C","RNH70","","dma5301","Vph1_R1_Plate14",4,17,356,386,"S/G2 phase",3.00689896435725,2.31018490061049
261676136,"YGR276C","RNH70","","dma5301","Vph1_R1_Plate14",4,17,356,400,"S/G2 phase",1.09454374636036,1.65912119972953
261676142,"YGR276C","RNH70","","dma5301","Vph1_R1_Plate14",4,17,356,406,"G1 phase",-1.26078640913865,-1.28130890296561
261676151,"YGR276C","RNH70","","dma5301","Vph1_R1_Plate14",4,17,356,415,"S/G2 phase",0.626358853065447,1.13033889871129
261676173,"YGR276C","RNH70","","dma5301","Vph1_R1_Plate14",4,17,356,437,"S/G2 phase",0.323839383551813,0.562136417208612
261676205,"YGR276C","RNH70","","dma5301","Vph1_R1_Plate14",4,17,356,469,"S/G2 phase",-0.342423733829402,-0.115023443153054
261676216,"YGR276C","RNH70","","dma5301","Vph1_R1_Plate14",4,17,356,480,"S/G2 phase",0.442686318003598,0.537538224586321
261728429,"YPR077C","","","dma5085","Vph1_R1_Plate14",15,18,1413,116,"G1 phase",-0.93305698383221,-0.854467188680127
261728438,"YPR077C","","","dma5085","Vph1_R1_Plate14",15,18,1413,125,"G1 phase",-0.695363114928641,-0.831366962916248
261728465,"YPR077C","","","dma5085","Vph1_R1_Plate14",15,18,1413,152,"G1 phase",-0.87903564999049,-0.762066285624607
261728513,"YPR077C","","","dma5085","Vph1_R1_Plate14",15,18,1413,200,"G1 phase",-1.21396791980915,-1.33026876712729
261728529,"YPR077C","","","dma5085","Vph1_R1_Plate14",15,18,1413,217,"G1 phase",-1.18155511950412,-1.20798736726456
261728539,"YPR077C","","","dma5085","Vph1_R1_Plate14",15,18,1413,228,"G1 phase",-1.04109965151565,-0.948366058594058
261728549,"YPR077C","","","dma5085","Vph1_R1_Plate14",15,18,1413,238,"G1 phase",-0.432459290232269,-0.0796241210780285
261728617,"YPR077C","","","dma5085","Vph1_R1_Plate14",15,18,1413,308,"G1 phase",-0.976274050905586,-1.02318556115352
261728618,"YPR077C","","","dma5085","Vph1_R1_Plate14",15,18,1413,309,"G1 phase",-1.21756934206527,-1.21200822567397
261728622,"YPR077C","","","dma5085","Vph1_R1_Plate14",15,18,1413,313,"G1 phase",-1.16354800822355,-0.982267413810674
261728651,"YPR077C","","","dma5085","Vph1_R1_Plate14",15,18,1413,342,"S/G2 phase",0.100551203672703,0.422037095766921
261728702,"YPR077C","","","dma5085","Vph1_R1_Plate14",15,18,1413,396,"G1 phase",-0.482879201817875,-0.188344978854107
261728713,"YPR077C","","","dma5085","Vph1_R1_Plate14",15,18,1413,407,"G1 phase",-1.11672951889406,-1.02042614851961
261728764,"YPR077C","","","dma5085","Vph1_R1_Plate14",15,18,1413,458,"G1 phase",1.29262197044666,1.25940056961734
261728848,"YPR077C","","","dma5085","Vph1_R1_Plate14",15,18,1413,544,"G1 phase",0.846045610688442,0.514437998822441
261728859,"YPR077C","","","dma5085","Vph1_R1_Plate14",15,18,1413,555,"G1 phase",-1.49848027804221,-1.64563021100278
261728860,"YPR077C","","","dma5085","Vph1_R1_Plate14",15,18,1413,557,"G1 phase",0.266216627453979,0.707518042835216
261728862,"YPR077C","","","dma5085","Vph1_R1_Plate14",15,18,1413,559,"G1 phase",-1.17075085273578,-1.17258804518954
261728864,"YPR077C","","","dma5085","Vph1_R1_Plate14",15,18,1413,561,"G1 phase",-1.1995622307847,-1.12362818102787
261728883,"YPR077C","","","dma5085","Vph1_R1_Plate14",15,18,1413,580,"S/G2 phase",-0.1947654213287,-0.0565238953141483
261728929,"YPR077C","","","dma5085","Vph1_R1_Plate14",15,18,1413,627,"G1 phase",-1.20316365304081,-1.14270754838233
261728935,"YPR077C","","","dma5085","Vph1_R1_Plate14",15,18,1413,635,"G1 phase",-1.18515654176024,-1.20246854199674
261729002,"YPR077C","","","dma5085","Vph1_R1_Plate14",15,18,1413,705,"G1 phase",0.230202404892832,0.16643664550583
261729025,"YPR077C","","","dma5085","Vph1_R1_Plate14",15,18,1413,730,"G1 phase",-1.397640454871,-1.4771483596123
261729086,"YPR077C","","","dma5085","Vph1_R1_Plate14",15,18,1413,793,"G1 phase",-0.922252717063866,-0.669665382569086
261729107,"YPR077C","","","dma5085","Vph1_R1_Plate14",15,18,1413,815,"G1 phase",-0.745783026514246,-0.700807325151791
261729117,"YPR077C","","","dma5085","Vph1_R1_Plate14",15,18,1413,825,"G1 phase",-1.50568312255444,-1.5627689916245
261729215,"YPR077C","","","dma5085","Vph1_R1_Plate14",15,18,1414,14,"S/G2 phase",0.687583031419396,1.11125953135682
261729225,"YPR077C","","","dma5085","Vph1_R1_Plate14",15,18,1414,24,"G1 phase",-1.15634516371132,-1.13994813574842
261729276,"YPR077C","","","dma5085","Vph1_R1_Plate14",15,18,1414,76,"G1 phase",-0.954665517368898,-1.03122727797235
261729387,"YPR077C","","","dma5085","Vph1_R1_Plate14",15,18,1414,189,"G1 phase",-0.861028538709916,-0.989047684853997
261729389,"YPR077C","","","dma5085","Vph1_R1_Plate14",15,18,1414,191,"G1 phase",-1.29680063169979,-1.46760867593507
261729399,"YPR077C","","","dma5085","Vph1_R1_Plate14",15,18,1414,201,"G1 phase",-0.76379013779482,-0.555425699525187
261729415,"YPR077C","","","dma5085","Vph1_R1_Plate14",15,18,1414,217,"G1 phase",-0.752985871026476,-0.611165834730181
261729440,"YPR077C","","","dma5085","Vph1_R1_Plate14",15,18,1414,242,"G1 phase",-1.34001769877317,-1.51380912746283
261729447,"YPR077C","","","dma5085","Vph1_R1_Plate14",15,18,1414,249,"G1 phase",2.34423726923215,2.12538309449945
261729517,"YPR077C","","","dma5085","Vph1_R1_Plate14",15,18,1414,322,"G1 phase",-0.183961154560356,-0.279484436134126
261729521,"YPR077C","","","dma5085","Vph1_R1_Plate14",15,18,1414,326,"G1 phase",1.69237984087539,1.7937016959034
261729528,"YPR077C","","","dma5085","Vph1_R1_Plate14",15,18,1414,333,"G1 phase",-1.42645183291992,-1.6483896236367
261729659,"YPR077C","","","dma5085","Vph1_R1_Plate14",15,18,1414,473,"G1 phase",0.521917607638121,0.71555975965404
261729660,"YPR077C","","","dma5085","Vph1_R1_Plate14",15,18,1414,474,"G1 phase",-1.27159067590699,-1.3044091287295
261729693,"YPR077C","","","dma5085","Vph1_R1_Plate14",15,18,1414,512,"G1 phase",-1.59571867895731,-1.52736966954947
261729694,"YPR077C","","","dma5085","Vph1_R1_Plate14",15,18,1414,513,"G1 phase",-1.27159067590699,-1.4485293085806
261729720,"YPR077C","","","dma5085","Vph1_R1_Plate14",15,18,1414,540,"G1 phase",-1.34001769877317,-1.02168759429511
261729763,"YPR077C","","","dma5085","Vph1_R1_Plate14",15,18,1414,585,"G1 phase",-1.05190391828399,-1.20246854199674
261729804,"YPR077C","","","dma5085","Vph1_R1_Plate14",15,18,1414,629,"G1 phase",-1.03389680700342,-0.738966059860727
261729926,"YPR077C","","","dma5085","Vph1_R1_Plate14",15,18,1414,754,"G1 phase",0.176181071051112,0.16919605813974
261729953,"YPR077C","","","dma5085","Vph1_R1_Plate14",15,18,1414,781,"G1 phase",-1.41204614389546,-1.55046989531335
261729996,"YPR077C","","","dma5085","Vph1_R1_Plate14",15,18,1414,824,"G1 phase",-1.29319920944368,-1.44174903753728
261730021,"YPR077C","","","dma5085","Vph1_R1_Plate14",15,18,1414,849,"G1 phase",-1.26078640913865,-1.48116921802171
261730075,"YPR077C","","","dma5085","Vph1_R1_Plate14",15,18,1415,21,"G1 phase",-1.54890018962782,-1.66470957835725
261730095,"YPR077C","","","dma5085","Vph1_R1_Plate14",15,18,1415,42,"G1 phase",-0.637740358830806,-0.219723442519719
261730121,"YPR077C","","","dma5085","Vph1_R1_Plate14",15,18,1415,68,"G1 phase",1.14856508020208,0.954840255194574
261730139,"YPR077C","","","dma5085","Vph1_R1_Plate14",15,18,1415,87,"G1 phase",-0.569313335964627,-0.568986241611833
261730143,"YPR077C","","","dma5085","Vph1_R1_Plate14",15,18,1415,91,"G1 phase",-1.31840916523648,-1.11684790998454
261730164,"YPR077C","","","dma5085","Vph1_R1_Plate14",15,18,1415,112,"G1 phase",-0.400046489927237,-0.344764255016354
261730172,"YPR077C","","","dma5085","Vph1_R1_Plate14",15,18,1415,120,"G1 phase",-1.57050872316451,-1.58310980475447
261730173,"YPR077C","","","dma5085","Vph1_R1_Plate14",15,18,1415,121,"G1 phase",-0.958266939625012,-0.868027730766774
261730180,"YPR077C","","","dma5085","Vph1_R1_Plate14",15,18,1415,128,"G1 phase",-0.655747470111379,-0.191104391488017
261730190,"YPR077C","","","dma5085","Vph1_R1_Plate14",15,18,1415,139,"G1 phase",0.154572537514423,0.326876780077489
261730238,"YPR077C","","","dma5085","Vph1_R1_Plate14",15,18,1415,188,"G1 phase",-1.00148400669839,-0.848948363412306
261730258,"YPR077C","","","dma5085","Vph1_R1_Plate14",15,18,1415,208,"G1 phase",2.17497042319476,1.86852119846286
261730378,"YPR077C","","","dma5085","Vph1_R1_Plate14",15,18,1415,343,"G1 phase",-0.590921869501315,-0.573007100021246
261730390,"YPR077C","","","dma5085","Vph1_R1_Plate14",15,18,1415,355,"G1 phase",-0.414452178951696,-0.290285565586862
261730443,"YPR077C","","","dma5085","Vph1_R1_Plate14",15,18,1415,412,"G1 phase",-1.50208170029833,-1.49070890169895
261730465,"YPR077C","","","dma5085","Vph1_R1_Plate14",15,18,1415,437,"G1 phase",-1.51288596706667,-1.78297011981056
261730481,"YPR077C","","","dma5085","Vph1_R1_Plate14",15,18,1415,454,"G1 phase",-1.25358356462642,-1.35210754711566
261730541,"YPR077C","","","dma5085","Vph1_R1_Plate14",15,18,1415,519,"G1 phase",1.1305579689215,1.93356449626218
261730554,"YPR077C","","","dma5085","Vph1_R1_Plate14",15,18,1415,532,"G1 phase",-1.30400347621202,-1.40232885705284
261730564,"YPR077C","","","dma5085","Vph1_R1_Plate14",15,18,1415,543,"G1 phase",1.47629450550851,2.36190417740608
261730691,"YPR077C","","","dma5085","Vph1_R1_Plate14",15,18,1415,673,"G1 phase",1.54472152837469,1.82760305112001
261730693,"YPR077C","","","dma5085","Vph1_R1_Plate14",15,18,1415,675,"G1 phase",-1.15634516371132,-1.16982863255563
261730708,"YPR077C","","","dma5085","Vph1_R1_Plate14",15,18,1415,691,"G1 phase",-1.15634516371132,-1.26774836087897
261730715,"YPR077C","","","dma5085","Vph1_R1_Plate14",15,18,1415,699,"G1 phase",-0.302808089012141,-0.154443623637491
261730731,"YPR077C","","","dma5085","Vph1_R1_Plate14",15,18,1415,716,"G1 phase",-0.655747470111379,-0.650586015214618
261730803,"YPR077C","","","dma5085","Vph1_R1_Plate14",15,18,1415,796,"G1 phase",-0.979875473161701,-1.15626809046898
261730877,"YPR077C","","","dma5085","Vph1_R1_Plate14",15,18,1416,41,"G1 phase",-1.19596080852858,-1.25820867720174
261730926,"YPR077C","","","dma5085","Vph1_R1_Plate14",15,18,1416,91,"G1 phase",-0.219975377121503,0.179997187592475
261730956,"YPR077C","","","dma5085","Vph1_R1_Plate14",15,18,1416,123,"G1 phase",-0.389242223158893,0.0290967366980494
261730957,"YPR077C","","","dma5085","Vph1_R1_Plate14",15,18,1416,124,"G1 phase",-0.400046489927237,-0.313385791350742
261730962,"YPR077C","","","dma5085","Vph1_R1_Plate14",15,18,1416,129,"G1 phase",-1.22117076432138,-1.45806899225783
261730969,"YPR077C","","","dma5085","Vph1_R1_Plate14",15,18,1416,136,"G1 phase",-1.35082196554151,-1.58310980475447
261730975,"YPR077C","","","dma5085","Vph1_R1_Plate14",15,18,1416,143,"G1 phase",-1.24638072011419,-1.34256786343843
261730983,"YPR077C","","","dma5085","Vph1_R1_Plate14",15,18,1416,151,"G1 phase",-1.14554089694298,-1.22832818039453
261730987,"YPR077C","","","dma5085","Vph1_R1_Plate14",15,18,1416,156,"G1 phase",0.320237961295699,0.869219623182377
261730995,"YPR077C","","","dma5085","Vph1_R1_Plate14",15,18,1416,164,"G1 phase",-1.27159067590699,-1.39554858600951
261731006,"YPR077C","","","dma5085","Vph1_R1_Plate14",15,18,1416,175,"G1 phase",-0.590921869501315,-0.742986918270139
261731014,"YPR077C","","","dma5085","Vph1_R1_Plate14",15,18,1416,183,"G1 phase",-1.17435227499189,-1.13592727733901
261731030,"YPR077C","","","dma5085","Vph1_R1_Plate14",15,18,1416,199,"G1 phase",-1.41564756615158,-1.55725016635668
261731037,"YPR077C","","","dma5085","Vph1_R1_Plate14",15,18,1416,206,"G1 phase",-0.716971648465329,-0.673686240978499
261731052,"YPR077C","","","dma5085","Vph1_R1_Plate14",15,18,1416,222,"G1 phase",-1.4948788557861,-1.52736966954947
261731055,"YPR077C","","","dma5085","Vph1_R1_Plate14",15,18,1416,225,"G1 phase",-1.17795369724801,-1.32348849608396
261731073,"YPR077C","","","dma5085","Vph1_R1_Plate14",15,18,1416,246,"G1 phase",-1.23557645334584,-1.36692953497781
261731075,"YPR077C","","","dma5085","Vph1_R1_Plate14",15,18,1416,248,"G1 phase",-0.92585413931998,-1.06110777477955
261731080,"YPR077C","","","dma5085","Vph1_R1_Plate14",15,18,1416,253,"G1 phase",-1.08071529633291,-1.09098827158675
261731083,"YPR077C","","","dma5085","Vph1_R1_Plate14",15,18,1416,256,"G1 phase",-1.45166178871272,-1.61172885578617
261731089,"YPR077C","","","dma5085","Vph1_R1_Plate14",15,18,1416,263,"G1 phase",-1.44806036645661,-1.45128872121451
261731127,"YPR077C","","","dma5085","Vph1_R1_Plate14",15,18,1416,303,"G1 phase",-0.436060712488384,-0.447966287524611
261731130,"YPR077C","","","dma5085","Vph1_R1_Plate14",15,18,1416,306,"G1 phase",-1.26798925365088,-1.22832818039453
261731136,"YPR077C","","","dma5085","Vph1_R1_Plate14",15,18,1416,312,"G1 phase",-1.16354800822355,-1.19568827095342
261731141,"YPR077C","","","dma5085","Vph1_R1_Plate14",15,18,1416,317,"G1 phase",-1.21396791980915,-1.33704903817061
261731153,"YPR077C","","","dma5085","Vph1_R1_Plate14",15,18,1416,330,"G1 phase",-0.684558848160297,-0.601626151052947
261731157,"YPR077C","","","dma5085","Vph1_R1_Plate14",15,18,1416,334,"G1 phase",-1.50928454481056,-1.52334881114006
261731161,"YPR077C","","","dma5085","Vph1_R1_Plate14",15,18,1416,338,"G1 phase",-1.13113520791852,-1.14948781942566
261731164,"YPR077C","","","dma5085","Vph1_R1_Plate14",15,18,1416,341,"G1 phase",-0.536900535659595,-0.528304615351894
261731179,"YPR077C","","","dma5085","Vph1_R1_Plate14",15,18,1416,356,"G1 phase",-1.28599636493145,-1.21476763830789
261731215,"YPR077C","","","dma5085","Vph1_R1_Plate14",15,18,1416,394,"G1 phase",-0.929455561576095,-0.826084658731334
261731217,"YPR077C","","","dma5085","Vph1_R1_Plate14",15,18,1416,396,"G1 phase",-1.08071529633291,-1.12362818102787
261731226,"YPR077C","","","dma5085","Vph1_R1_Plate14",15,18,1416,405,"G1 phase",-1.2247721865775,-1.38876831496619
261731232,"YPR077C","","","dma5085","Vph1_R1_Plate14",15,18,1416,411,"S/G2 phase",1.17737645825099,1.71612278071002
261731252,"YPR077C","","","dma5085","Vph1_R1_Plate14",15,18,1416,431,"S/G2 phase",0.579540363735956,0.787619849579592
261731265,"YPR077C","","","dma5085","Vph1_R1_Plate14",15,18,1416,444,"S/G2 phase",2.74039371740476,2.62278693185208
261731319,"YPR077C","","","dma5085","Vph1_R1_Plate14",15,18,1416,498,"G1 phase",-1.35802481005374,-1.53012908218338
261731326,"YPR077C","","","dma5085","Vph1_R1_Plate14",15,18,1416,505,"G1 phase",-1.31480774298037,-1.40232885705284
261731330,"YPR077C","","","dma5085","Vph1_R1_Plate14",15,18,1416,509,"G1 phase",-1.05910676279622,-0.959167188046794
261731337,"YPR077C","","","dma5085","Vph1_R1_Plate14",15,18,1416,516,"G1 phase",-1.18515654176024,-1.25820867720174
261731352,"YPR077C","","","dma5085","Vph1_R1_Plate14",15,18,1416,532,"G1 phase",-0.0074914640107371,0.23573732279747
261731366,"YPR077C","","","dma5085","Vph1_R1_Plate14",15,18,1416,546,"G1 phase",-1.27159067590699,-1.30314768295399
261731370,"YPR077C","","","dma5085","Vph1_R1_Plate14",15,18,1416,550,"G1 phase",-1.03029538474731,-1.11006763894122
261731385,"YPR077C","","","dma5085","Vph1_R1_Plate14",15,18,1416,565,"S/G2 phase",-0.198366843584815,0.257576102785849
261731389,"YPR077C","","","dma5085","Vph1_R1_Plate14",15,18,1416,569,"S/G2 phase",-0.075918486876916,0.386637773691897
261731391,"YPR077C","","","dma5085","Vph1_R1_Plate14",15,18,1416,572,"G1 phase",-0.0579113755963426,0.189536871269709
261731400,"YPR077C","","","dma5085","Vph1_R1_Plate14",15,18,1416,581,"G1 phase",-0.59452329175743,-0.357063351327498
261731419,"YPR077C","","","dma5085","Vph1_R1_Plate14",15,18,1416,601,"G1 phase",-1.21756934206527,-1.4485293085806
261731426,"YPR077C","","","dma5085","Vph1_R1_Plate14",15,18,1416,608,"G1 phase",-1.16354800822355,-1.02846786533843
261731439,"YPR077C","","","dma5085","Vph1_R1_Plate14",15,18,1416,621,"G1 phase",-1.08071529633291,-1.14672840679175
261731440,"YPR077C","","","dma5085","Vph1_R1_Plate14",15,18,1416,622,"G1 phase",-1.33641627651705,-1.56000957899059
261731469,"YPR077C","","","dma5085","Vph1_R1_Plate14",15,18,1416,652,"S/G2 phase",0.132964003977735,1.03241917038795
261731485,"YPR077C","","","dma5085","Vph1_R1_Plate14",15,18,1416,669,"G1 phase",-1.0771138740768,-1.29084858664285
261731488,"YPR077C","","","dma5085","Vph1_R1_Plate14",15,18,1416,672,"G1 phase",-1.40484329938323,-1.43772817912786
261731492,"YPR077C","","","dma5085","Vph1_R1_Plate14",15,18,1416,676,"S/G2 phase",1.16297076922653,1.76784205750561
261731505,"YPR077C","","","dma5085","Vph1_R1_Plate14",15,18,1416,689,"G1 phase",-1.44806036645661,-1.57908894634505
261731513,"YPR077C","","","dma5085","Vph1_R1_Plate14",15,18,1416,698,"G1 phase",-1.09151956310126,-1.25820867720174
261731518,"YPR077C","","","dma5085","Vph1_R1_Plate14",15,18,1416,703,"G1 phase",-0.835818582917113,-0.880326827077919
261731524,"YPR077C","","","dma5085","Vph1_R1_Plate14",15,18,1416,709,"G1 phase",-0.5873204472452,-0.302584661898006
261731528,"YPR077C","","","dma5085","Vph1_R1_Plate14",15,18,1416,713,"G1 phase",-1.52369023383502,-1.62804881050673
261731537,"YPR077C","","","dma5085","Vph1_R1_Plate14",15,18,1416,724,"G1 phase",-1.19596080852858,-1.22154790935121
261731541,"YPR077C","","","dma5085","Vph1_R1_Plate14",15,18,1416,728,"G1 phase",-1.28599636493145,-1.32348849608396
261731589,"YPR077C","","","dma5085","Vph1_R1_Plate14",15,18,1416,784,"S/G2 phase",0.338245072576272,0.57971781770467
261731597,"YPR077C","","","dma5085","Vph1_R1_Plate14",15,18,1416,795,"G1 phase",-1.05550534054011,-0.936066962282913
261731598,"YPR077C","","","dma5085","Vph1_R1_Plate14",15,18,1416,796,"G1 phase",-1.38323476584654,-1.63884993995946
261731599,"YPR077C","","","dma5085","Vph1_R1_Plate14",15,18,1416,797,"G1 phase",-1.63173290151846,-1.9366299833389
261731634,"YPR077C","","","dma5085","Vph1_R1_Plate14",15,18,1416,836,"G1 phase",-1.08071529633291,-1.30038827032008
261731641,"YPR077C","","","dma5085","Vph1_R1_Plate14",15,18,1416,843,"G1 phase",-0.821412893892655,-0.864006872357362
261731649,"YPR077C","","","dma5085","Vph1_R1_Plate14",15,18,1416,852,"S/G2 phase",0.186985337819456,0.438357050487478
261735504,"YPR076W","","","dma5086","Vph1_R1_Plate14",15,20,1421,167,"G1 phase",-1.55970445639616,-1.83871025501556
261735536,"YPR076W","","","dma5086","Vph1_R1_Plate14",15,20,1421,199,"G1 phase",-0.93305698383221,-0.991807097487908
261735542,"YPR076W","","","dma5086","Vph1_R1_Plate14",15,20,1421,205,"G1 phase",-0.875434227734375,-0.903427052841799
261735934,"YPR076W","","","dma5086","Vph1_R1_Plate14",15,20,1421,609,"T phase",1.01891387898195,1.30433957536959
261736027,"YPR076W","","","dma5086","Vph1_R1_Plate14",15,20,1421,708,"MA-single",-1.06630960730845,-1.06386718741346
261736104,"YPR076W","","","dma5086","Vph1_R1_Plate14",15,20,1421,785,"G1 phase",-0.0579113755963426,-0.142144527326346
261736149,"YPR076W","","","dma5086","Vph1_R1_Plate14",15,20,1421,830,"G1 phase",-1.0050854289545,-1.02168759429511
261736192,"YPR076W","","","dma5086","Vph1_R1_Plate14",15,20,1421,876,"G1 phase",0.0753412478799005,0.0848368719030438
261736214,"YPR076W","","","dma5086","Vph1_R1_Plate14",15,20,1421,900,"G1 phase",-1.08431671858903,-1.13994813574842
261736631,"YPR076W","","","dma5086","Vph1_R1_Plate14",15,20,1422,327,"G1 phase",-1.40844472163935,-1.57908894634505
261736809,"YPR076W","","","dma5086","Vph1_R1_Plate14",15,20,1422,508,"G1 phase",-1.25358356462642,-1.30038827032008
261736952,"YPR076W","","","dma5086","Vph1_R1_Plate14",15,20,1422,652,"G1 phase",-1.12033094115017,-1.0488086784684
261737335,"YPR076W","","","dma5086","Vph1_R1_Plate14",15,20,1423,101,"G1 phase",-0.713370226209214,-0.81228759556178
261737413,"YPR076W","","","dma5086","Vph1_R1_Plate14",15,20,1423,180,"T phase",0.323839383551813,1.19688016336902
261737429,"YPR076W","","","dma5086","Vph1_R1_Plate14",15,20,1423,196,"G1 phase",0.0789426701360152,0.277916915915817
261737629,"YPR076W","","","dma5086","Vph1_R1_Plate14",15,20,1423,401,"G1 phase",-1.05550534054011,-1.20246854199674
261737766,"YPR076W","","","dma5086","Vph1_R1_Plate14",15,20,1423,540,"G1 phase",0.395867828674107,0.25883754856135
261737955,"YPR076W","","","dma5086","Vph1_R1_Plate14",15,20,1423,734,"S/G2 phase",2.35864295825661,2.51004521566659
261737957,"YPR076W","","","dma5086","Vph1_R1_Plate14",15,20,1423,736,"S/G2 phase",1.09454374636036,1.40478219524394
261738197,"YPR076W","","","dma5086","Vph1_R1_Plate14",15,20,1424,89,"G1 phase",0.287825160990667,0.223438226486325
261738443,"YPR076W","","","dma5086","Vph1_R1_Plate14",15,20,1424,341,"MA-single",-1.24277929785807,-1.42140822440731
261738707,"YPR076W","","","dma5086","Vph1_R1_Plate14",15,20,1424,610,"G1 phase",-0.346025156085517,-0.322925475027975
261738866,"YPR076W","","","dma5086","Vph1_R1_Plate14",15,20,1424,774,"G1 phase",-0.119135553950292,0.280676328549729
261839260,"YGL042C","","","dma5186","Vph1_R1_Plate14",2,4,109,78,"T phase",2.56752544911126,2.37144386108331
261839281,"YGL042C","","","dma5186","Vph1_R1_Plate14",2,4,109,99,"S/G2 phase",0.766814321053919,0.731879714374598
261839322,"YGL042C","","","dma5186","Vph1_R1_Plate14",2,4,110,14,"S/G2 phase",2.1605647341703,2.22180485596439
261839396,"YGL042C","","","dma5186","Vph1_R1_Plate14",2,4,110,88,"G1 phase",0.395867828674107,0.110696510300835
261839398,"YGL042C","","","dma5186","Vph1_R1_Plate14",2,4,110,90,"G1 phase",-0.227178221633732,-0.230524571972454
261839491,"YGL042C","","","dma5186","Vph1_R1_Plate14",2,4,111,55,"T phase",2.88445060764935,2.40810462893383
261839559,"YGL042C","","","dma5186","Vph1_R1_Plate14",2,4,111,123,"T phase",2.5783297158796,2.40132435789051
261839600,"YGL042C","","","dma5186","Vph1_R1_Plate14",2,4,112,26,"S/G2 phase",3.56511941405503,2.50050553198935
261839645,"YGL042C","","","dma5186","Vph1_R1_Plate14",2,4,112,71,"S/G2 phase",1.44388170520348,1.31238129218842
261841448,"YBR078W","ECM33","","dma5187","Vph1_R1_Plate14",2,6,117,40,"S/G2 phase",1.87965379819335,2.16204386234998
261841467,"YBR078W","ECM33","","dma5187","Vph1_R1_Plate14",2,6,117,59,"S/G2 phase",0.763212898797804,2.00286517355382
261841510,"YBR078W","ECM33","","dma5187","Vph1_R1_Plate14",2,6,118,8,"S/G2 phase",0.936081167091309,1.19688016336902
261841511,"YBR078W","ECM33","","dma5187","Vph1_R1_Plate14",2,6,118,9,"S/G2 phase",1.67797415185093,1.92552277944336
261841515,"YBR078W","ECM33","","dma5187","Vph1_R1_Plate14",2,6,118,13,"S/G2 phase",1.9408779765473,1.57752142612675
261841516,"YBR078W","ECM33","","dma5187","Vph1_R1_Plate14",2,6,118,14,"S/G2 phase",2.16776757868253,1.74876269015114
261841517,"YBR078W","ECM33","","dma5187","Vph1_R1_Plate14",2,6,118,15,"S/G2 phase",3.38864972350541,3.07020598035044
261841520,"YBR078W","ECM33","","dma5187","Vph1_R1_Plate14",2,6,118,18,"S/G2 phase",4.58072049027936,3.30672706325706
261841522,"YBR078W","ECM33","","dma5187","Vph1_R1_Plate14",2,6,118,20,"S/G2 phase",0.795625699102836,0.94403912574184
261841564,"YBR078W","ECM33","","dma5187","Vph1_R1_Plate14",2,6,118,65,"S/G2 phase",0.903668366786277,0.809458629567971
261841575,"YBR078W","ECM33","","dma5187","Vph1_R1_Plate14",2,6,119,7,"S/G2 phase",0.799227121358951,1.27974138274731
261841594,"YBR078W","ECM33","","dma5187","Vph1_R1_Plate14",2,6,119,26,"S/G2 phase",5.83401543540727,3.88446922843697
261841629,"YBR078W","ECM33","","dma5187","Vph1_R1_Plate14",2,6,119,61,"S/G2 phase",1.06573236831144,1.25262029857401
261841662,"YBR078W","ECM33","","dma5187","Vph1_R1_Plate14",2,6,119,94,"S/G2 phase",-0.0687156423646866,0.825778584288528
261841667,"YBR078W","ECM33","","dma5187","Vph1_R1_Plate14",2,6,120,4,"T phase",1.13776081343373,1.72566246438726
261841668,"YBR078W","ECM33","","dma5187","Vph1_R1_Plate14",2,6,120,5,"S/G2 phase",0.341846494832387,0.708779488610717
261841717,"YBR078W","ECM33","","dma5187","Vph1_R1_Plate14",2,6,120,56,"S/G2 phase",1.14496365794596,2.01792368249887
261841719,"YBR078W","ECM33","","dma5187","Vph1_R1_Plate14",2,6,120,58,"T phase",4.83282004820739,3.41544792103314
261841722,"YBR078W","ECM33","","dma5187","Vph1_R1_Plate14",2,6,120,61,"S/G2 phase",0.597547475016529,0.632698540275753
261841727,"YBR078W","ECM33","","dma5187","Vph1_R1_Plate14",2,6,120,66,"S/G2 phase",0.817234232639525,1.7650826448717
261841741,"YBR078W","ECM33","","dma5187","Vph1_R1_Plate14",2,6,120,80,"S/G2 phase",3.48948954667662,3.04836720036206
261841769,"YBR078W","ECM33","","dma5187","Vph1_R1_Plate14",2,6,120,109,"S/G2 phase",-0.0435056865718839,-0.21822547566131
261844615,"YJL177W","RPL17B","","dma5188","Vph1_R1_Plate14",2,8,125,14,"S/G2 phase",1.70678552989985,1.76910350328111
261844682,"YJL177W","RPL17B","","dma5188","Vph1_R1_Plate14",2,8,125,82,"T phase",3.18336865490687,2.32926426796496
261844688,"YJL177W","RPL17B","","dma5188","Vph1_R1_Plate14",2,8,125,88,"S/G2 phase",1.60234428447252,1.62372187765451
261844699,"YJL177W","RPL17B","","dma5188","Vph1_R1_Plate14",2,8,125,99,"S/G2 phase",5.05250680583039,3.97135130622468
261844730,"YJL177W","RPL17B","","dma5188","Vph1_R1_Plate14",2,8,125,130,"MA phase",2.72958945063642,2.37822413212663
261844783,"YJL177W","RPL17B","","dma5188","Vph1_R1_Plate14",2,8,125,183,"T phase",2.92766767472273,2.29662435852385
261844806,"YJL177W","RPL17B","","dma5188","Vph1_R1_Plate14",2,8,125,206,"T phase",2.32623015795158,2.31972458428772
261844807,"YJL177W","RPL17B","","dma5188","Vph1_R1_Plate14",2,8,125,207,"S/G2 phase",2.34423726923215,2.14848332026333
261844814,"YJL177W","RPL17B","","dma5188","Vph1_R1_Plate14",2,8,125,214,"S/G2 phase",0.622757430809332,1.13711916975461
261844818,"YJL177W","RPL17B","","dma5188","Vph1_R1_Plate14",2,8,125,218,"MA-single",-0.176758310048127,-0.31212434557524
261844904,"YJL177W","RPL17B","","dma5188","Vph1_R1_Plate14",2,8,125,306,"T phase",2.45948278142782,2.73978602752989
261844943,"YJL177W","RPL17B","","dma5188","Vph1_R1_Plate14",2,8,126,5,"S/G2 phase",1.26741201465386,1.52454070355566
261844947,"YJL177W","RPL17B","","dma5188","Vph1_R1_Plate14",2,8,126,9,"S/G2 phase",1.01891387898195,0.937258854698516
261844968,"YJL177W","RPL17B","","dma5188","Vph1_R1_Plate14",2,8,126,30,"S/G2 phase",0.838842766176213,0.885539577902934
261845000,"YJL177W","RPL17B","","dma5188","Vph1_R1_Plate14",2,8,126,62,"S/G2 phase",4.8580300040002,3.56910778456147
261845002,"YJL177W","RPL17B","","dma5188","Vph1_R1_Plate14",2,8,126,64,"S/G2 phase",2.87004491862489,2.13492277817668
261845029,"YJL177W","RPL17B","","dma5188","Vph1_R1_Plate14",2,8,126,91,"S/G2 phase",1.73559690794877,2.33478309323278
261845031,"YJL177W","RPL17B","","dma5188","Vph1_R1_Plate14",2,8,126,93,"T phase",2.67916953905081,2.0234425077667
261845038,"YJL177W","RPL17B","","dma5188","Vph1_R1_Plate14",2,8,126,100,"S/G2 phase",1.57713432867972,1.62924070292233
261845047,"YJL177W","RPL17B","","dma5188","Vph1_R1_Plate14",2,8,126,109,"S/G2 phase",2.27581024636597,2.76162480751827
261845049,"YJL177W","RPL17B","","dma5188","Vph1_R1_Plate14",2,8,126,111,"S/G2 phase",1.11975370215316,1.04322029984068
261845137,"YJL177W","RPL17B","","dma5188","Vph1_R1_Plate14",2,8,126,199,"S/G2 phase",1.01171103446972,0.848878810052408
261845140,"YJL177W","RPL17B","","dma5188","Vph1_R1_Plate14",2,8,126,202,"T phase",2.57112687136737,2.19468377179109
261845144,"YJL177W","RPL17B","","dma5188","Vph1_R1_Plate14",2,8,126,206,"S/G2 phase",0.435483473491369,0.479038676747417
261845197,"YJL177W","RPL17B","","dma5188","Vph1_R1_Plate14",2,8,126,259,"T phase",2.91686340795438,2.61750462766716
261845209,"YJL177W","RPL17B","","dma5188","Vph1_R1_Plate14",2,8,126,271,"S/G2 phase",1.94447939880342,1.68624228390282
261845243,"YJL177W","RPL17B","","dma5188","Vph1_R1_Plate14",2,8,126,305,"S/G2 phase",1.52671441709412,1.43064183364173
261845273,"YJL177W","RPL17B","","dma5188","Vph1_R1_Plate14",2,8,126,335,"S/G2 phase",-0.111932709438063,-0.070084437400795
261845280,"YJL177W","RPL17B","","dma5188","Vph1_R1_Plate14",2,8,126,343,"S/G2 phase",0.561533252455382,0.799918945890736
261845288,"YJL177W","RPL17B","","dma5188","Vph1_R1_Plate14",2,8,126,351,"T phase",3.83522608326363,3.27408715381594
261845307,"YJL177W","RPL17B","","dma5188","Vph1_R1_Plate14",2,8,126,370,"G1 phase",-0.536900535659595,-0.589327054741803
261845315,"YJL177W","RPL17B","","dma5188","Vph1_R1_Plate14",2,8,126,378,"MA-single",-0.277598133219338,-0.250865385102424
261845332,"YJL177W","RPL17B","","dma5188","Vph1_R1_Plate14",2,8,126,395,"S/G2 phase",3.37064261222483,2.52912458302106
261845333,"YJL177W","RPL17B","","dma5188","Vph1_R1_Plate14",2,8,126,396,"T phase",2.96368189728387,2.64462571184045
261845355,"YJL177W","RPL17B","","dma5188","Vph1_R1_Plate14",2,8,127,12,"S/G2 phase",0.680380186907167,1.05678084192733
261845364,"YJL177W","RPL17B","","dma5188","Vph1_R1_Plate14",2,8,127,21,"S/G2 phase",0.352650761600731,0.994260435679012
261845366,"YJL177W","RPL17B","","dma5188","Vph1_R1_Plate14",2,8,127,23,"MA-single",-0.270395288707109,-0.234781951464775
261845383,"YJL177W","RPL17B","","dma5188","Vph1_R1_Plate14",2,8,127,40,"S/G2 phase",1.00090676770137,0.695218946524071
261845446,"YJL177W","RPL17B","","dma5188","Vph1_R1_Plate14",2,8,127,103,"S/G2 phase",1.01171103446972,1.63728241974115
261845469,"YJL177W","RPL17B","","dma5188","Vph1_R1_Plate14",2,8,127,126,"S/G2 phase",1.68157557410705,1.55166178772895
261845480,"YJL177W","RPL17B","","dma5188","Vph1_R1_Plate14",2,8,127,137,"S/G2 phase",2.04892064423075,2.39454408684719
261845490,"YJL177W","RPL17B","","dma5188","Vph1_R1_Plate14",2,8,127,148,"S/G2 phase",2.0381163774624,2.80506584641212
261845518,"YJL177W","RPL17B","","dma5188","Vph1_R1_Plate14",2,8,127,176,"T phase",2.78000936222202,3.1761674254926
261845546,"YJL177W","RPL17B","","dma5188","Vph1_R1_Plate14",2,8,127,205,"T phase",3.53270661374999,2.77518534960491
261845588,"YJL177W","RPL17B","","dma5188","Vph1_R1_Plate14",2,8,127,247,"S/G2 phase",-0.252388177426535,0.415256824723598
261845590,"YJL177W","RPL17B","","dma5188","Vph1_R1_Plate14",2,8,127,249,"S/G2 phase",3.88204457259312,2.91252525841269
261845609,"YJL177W","RPL17B","","dma5188","Vph1_R1_Plate14",2,8,127,268,"S/G2 phase",1.6203513957531,1.68348287126891
261845631,"YJL177W","RPL17B","","dma5188","Vph1_R1_Plate14",2,8,127,290,"S/G2 phase",2.34423726923215,1.77186291591502
261845643,"YJL177W","RPL17B","","dma5188","Vph1_R1_Plate14",2,8,127,302,"S/G2 phase",-0.526096268891251,-0.613925247364091
261845676,"YJL177W","RPL17B","","dma5188","Vph1_R1_Plate14",2,8,127,335,"S/G2 phase",0.399469250930222,0.699239804933483
261845746,"YJL177W","RPL17B","","dma5188","Vph1_R1_Plate14",2,8,128,17,"T phase",2.00570357715737,1.74876269015114
261845810,"YJL177W","RPL17B","","dma5188","Vph1_R1_Plate14",2,8,128,82,"S/G2 phase",-0.292003822243797,-0.267185339822981
261845811,"YJL177W","RPL17B","","dma5188","Vph1_R1_Plate14",2,8,128,83,"MA-single",-0.104729864925833,-0.0469842116369143
261845846,"YJL177W","RPL17B","","dma5188","Vph1_R1_Plate14",2,8,128,118,"S/G2 phase",1.94808082105953,1.94310417993941
261845851,"YJL177W","RPL17B","","dma5188","Vph1_R1_Plate14",2,8,128,123,"S/G2 phase",0.0537327143432125,0.0386364203752834
261845866,"YJL177W","RPL17B","","dma5188","Vph1_R1_Plate14",2,8,128,138,"S/G2 phase",2.44147567014725,2.46786562254824
261845917,"YJL177W","RPL17B","","dma5188","Vph1_R1_Plate14",2,8,128,189,"S/G2 phase",2.49909842624508,3.05112661299597
261845940,"YJL177W","RPL17B","","dma5188","Vph1_R1_Plate14",2,8,128,212,"MA phase",1.92287086526673,1.80450282535613
261845947,"YJL177W","RPL17B","","dma5188","Vph1_R1_Plate14",2,8,128,219,"S/G2 phase",0.712792987212199,0.586498088747993
261845952,"YJL177W","RPL17B","","dma5188","Vph1_R1_Plate14",2,8,128,224,"T phase",2.75119798417311,2.33328512637437
261845962,"YJL177W","RPL17B","","dma5188","Vph1_R1_Plate14",2,8,128,234,"T phase",2.41626571435444,2.51682548670991
261846011,"YJL177W","RPL17B","","dma5188","Vph1_R1_Plate14",2,8,128,284,"S/G2 phase",3.56511941405503,2.69358557600213
261846032,"YJL177W","RPL17B","","dma5188","Vph1_R1_Plate14",2,8,128,305,"S/G2 phase",3.4354682128349,2.75736742802594
261846055,"YJL177W","RPL17B","","dma5188","Vph1_R1_Plate14",2,8,128,328,"S/G2 phase",5.14614378448937,4.31809121376578
261846068,"YJL177W","RPL17B","","dma5188","Vph1_R1_Plate14",2,8,128,342,"MA phase",2.14255762288973,2.44200598415045
261846102,"YJL177W","RPL17B","","dma5188","Vph1_R1_Plate14",2,8,128,376,"T phase",1.19178214727545,1.27974138274731
261846124,"YJL177W","RPL17B","","dma5188","Vph1_R1_Plate14",2,8,128,398,"S/G2 phase",0.0645369811115565,0.314577683766345
261846146,"YJL177W","RPL17B","","dma5188","Vph1_R1_Plate14",2,8,128,420,"S/G2 phase",1.81842961983941,1.44018151731897
261862563,"YGR055W","MUP1","","dma5193","Vph1_R1_Plate14",2,18,165,24,"S/G2 phase",2.80882074027094,2.62428489871049
261862718,"YGR055W","MUP1","","dma5193","Vph1_R1_Plate14",2,18,165,180,"S/G2 phase",2.45227993691559,1.63326156133174
261862744,"YGR055W","MUP1","","dma5193","Vph1_R1_Plate14",2,18,165,206,"G1 phase",0.219398138124488,0.231716464388057
261862754,"YGR055W","MUP1","","dma5193","Vph1_R1_Plate14",2,18,165,216,"S/G2 phase",-0.137142665230866,-0.0238839858730341
261862925,"YGR055W","MUP1","","dma5193","Vph1_R1_Plate14",2,18,166,100,"S/G2 phase",2.74399513966088,2.2544447654055
261862952,"YGR055W","MUP1","","dma5193","Vph1_R1_Plate14",2,18,166,127,"S/G2 phase",1.1305579689215,1.03644002879736
261862969,"YGR055W","MUP1","","dma5193","Vph1_R1_Plate14",2,18,166,144,"T phase",1.81842961983941,1.70532165125729
261863000,"YGR055W","MUP1","","dma5193","Vph1_R1_Plate14",2,18,166,175,"S/G2 phase",0.478700540564745,0.560638450350203
261863076,"YGR055W","MUP1","","dma5193","Vph1_R1_Plate14",2,18,166,251,"T phase",2.38385291404941,2.92182842100702
261863096,"YGR055W","MUP1","","dma5193","Vph1_R1_Plate14",2,18,167,6,"S/G2 phase",4.58792333479159,3.27132774118204
261863108,"YGR055W","MUP1","","dma5193","Vph1_R1_Plate14",2,18,167,18,"T phase",1.18818072501934,0.961620526237898
261863119,"YGR055W","MUP1","","dma5193","Vph1_R1_Plate14",2,18,167,29,"S/G2 phase",2.42346855886667,2.28984408748053
261863124,"YGR055W","MUP1","","dma5193","Vph1_R1_Plate14",2,18,167,34,"S/G2 phase",1.18457930276322,1.82760305112001
261863135,"YGR055W","MUP1","","dma5193","Vph1_R1_Plate14",2,18,167,45,"T phase",3.53270661374999,3.11364701924429
261863154,"YGR055W","MUP1","","dma5193","Vph1_R1_Plate14",2,18,167,64,"S/G2 phase",2.47748989270839,2.59716381453719
261863161,"YGR055W","MUP1","","dma5193","Vph1_R1_Plate14",2,18,167,71,"S/G2 phase",2.78721220673425,2.2830638164372
261863163,"YGR055W","MUP1","","dma5193","Vph1_R1_Plate14",2,18,167,73,"T phase",3.53630803600611,3.04710575458656
261863179,"YGR055W","MUP1","","dma5193","Vph1_R1_Plate14",2,18,167,89,"G1 phase",0.579540363735956,0.28193777432523
261863189,"YGR055W","MUP1","","dma5193","Vph1_R1_Plate14",2,18,167,99,"T phase",2.89525487441769,2.16078241657448
261863207,"YGR055W","MUP1","","dma5193","Vph1_R1_Plate14",2,18,167,118,"S/G2 phase",1.00450818995749,0.899100119989581
261863249,"YGR055W","MUP1","","dma5193","Vph1_R1_Plate14",2,18,167,160,"S/G2 phase",0.428280628979139,0.426057954176333
261863262,"YGR055W","MUP1","","dma5193","Vph1_R1_Plate14",2,18,167,173,"T phase",3.07172456496731,2.65014453710827
261863272,"YGR055W","MUP1","","dma5193","Vph1_R1_Plate14",2,18,167,183,"S/G2 phase",2.50269984850119,2.01114341145555
261863275,"YGR055W","MUP1","","dma5193","Vph1_R1_Plate14",2,18,167,186,"S/G2 phase",0.547127563430924,0.651777907630222
261863310,"YGR055W","MUP1","","dma5193","Vph1_R1_Plate14",2,18,168,15,"S/G2 phase",0.104152625928818,0.347217593207459
261863363,"YGR055W","MUP1","","dma5193","Vph1_R1_Plate14",2,18,168,70,"S/G2 phase",0.824437077151754,0.927719171021283
261863375,"YGR055W","MUP1","","dma5193","Vph1_R1_Plate14",2,18,168,82,"S/G2 phase",1.56633006191138,1.94862300520724
261863378,"YGR055W","MUP1","","dma5193","Vph1_R1_Plate14",2,18,168,85,"S/G2 phase",2.94207336374719,3.12594611555543
261863391,"YGR055W","MUP1","","dma5193","Vph1_R1_Plate14",2,18,168,98,"MA phase",2.21458606801202,1.83312187638783
261863416,"YGR055W","MUP1","","dma5193","Vph1_R1_Plate14",2,18,168,124,"S/G2 phase",0.539924718918694,0.574198992436848
261863499,"YGR055W","MUP1","","dma5193","Vph1_R1_Plate14",2,18,168,207,"S/G2 phase",-0.234381066145962,-0.277986469275716
261863535,"YGR055W","MUP1","","dma5193","Vph1_R1_Plate14",2,18,168,244,"MA-single",-0.0507085310841133,0.107937097666924
261869586,"YGL063W","PUS2","","dma5195","Vph1_R1_Plate14",2,22,181,82,"S/G2 phase",-0.212772532609274,-0.206162900433073
261869647,"YGL063W","PUS2","","dma5195","Vph1_R1_Plate14",2,22,181,145,"T phase",0.997305345445258,1.07988106769121
261869648,"YGL063W","PUS2","","dma5195","Vph1_R1_Plate14",2,22,181,146,"S/G2 phase",0.35985360611296,0.835318267965762
261869663,"YGL063W","PUS2","","dma5195","Vph1_R1_Plate14",2,22,181,161,"S/G2 phase",1.61674997349698,1.55844205877228
261869698,"YGL063W","PUS2","","dma5195","Vph1_R1_Plate14",2,22,181,196,"S/G2 phase",1.34304188203227,1.62372187765451
261869832,"YGL063W","PUS2","","dma5195","Vph1_R1_Plate14",2,22,182,4,"S/G2 phase",2.89885629667381,2.19468377179109
261869871,"YGL063W","PUS2","","dma5195","Vph1_R1_Plate14",2,22,182,43,"T phase",4.10893417472834,3.02124611618877
261869978,"YGL063W","PUS2","","dma5195","Vph1_R1_Plate14",2,22,182,150,"S/G2 phase",1.90846517624227,1.80450282535614
261869989,"YGL063W","PUS2","","dma5195","Vph1_R1_Plate14",2,22,182,162,"S/G2 phase",1.17737645825099,0.871979035816288
261870224,"YGL063W","PUS2","","dma5195","Vph1_R1_Plate14",2,22,183,61,"T phase",2.36944722502495,2.20824431387774
261870248,"YGL063W","PUS2","","dma5195","Vph1_R1_Plate14",2,22,183,86,"S/G2 phase",0.165376804282768,0.484557502015238
261870317,"YGL063W","PUS2","","dma5195","Vph1_R1_Plate14",2,22,183,156,"S/G2 phase",1.29262197044666,1.18734047969179
261870388,"YGL063W","PUS2","","dma5195","Vph1_R1_Plate14",2,22,183,228,"S/G2 phase",1.11975370215316,1.73922300647391
261870501,"YGL063W","PUS2","","dma5195","Vph1_R1_Plate14",2,22,183,343,"S/G2 phase",2.92406625246661,2.46912706832375
261870508,"YGL063W","PUS2","","dma5195","Vph1_R1_Plate14",2,22,183,351,"MA-single",-0.522494846635136,-0.446704841749108
261870533,"YGL063W","PUS2","","dma5195","Vph1_R1_Plate14",2,22,184,5,"MA-single",-0.612530403038003,-0.590825021600212
261870557,"YGL063W","PUS2","","dma5195","Vph1_R1_Plate14",2,22,184,29,"S/G2 phase",1.0081096122136,0.937258854698517
261870565,"YGL063W","PUS2","","dma5195","Vph1_R1_Plate14",2,22,184,37,"MA phase",2.4054614475861,1.83312187638783
261870575,"YGL063W","PUS2","","dma5195","Vph1_R1_Plate14",2,22,184,47,"S/G2 phase",3.61914074789674,2.92884521313325
261870684,"YGL063W","PUS2","","dma5195","Vph1_R1_Plate14",2,22,184,156,"S/G2 phase",0.0609355588554418,0.422037095766921
261870693,"YGL063W","PUS2","","dma5195","Vph1_R1_Plate14",2,22,184,165,"T phase",3.33102696740757,2.99814589042489
261870722,"YGL063W","PUS2","","dma5195","Vph1_R1_Plate14",2,22,184,194,"S/G2 phase",1.51591015032577,1.61418219397727
261870789,"YGL063W","PUS2","","dma5195","Vph1_R1_Plate14",2,22,184,261,"MA phase",2.13895620063361,2.62152548607658
261870829,"YGL063W","PUS2","","dma5195","Vph1_R1_Plate14",2,22,184,301,"S/G2 phase",0.907269789042392,1.03368061616345
261924668,"YDR034C","LYS14","","dma5225","Vph1_R1_Plate14",8,10,709,52,"S/G2 phase",1.04412383477475,1.0201200740768
261924886,"YDR034C","LYS14","","dma5225","Vph1_R1_Plate14",8,10,710,99,"S/G2 phase",0.183383915563341,0.110696510300835
261924953,"YDR034C","LYS14","","dma5225","Vph1_R1_Plate14",8,10,711,24,"S/G2 phase",0.521917607638121,0.445137321530801
261925050,"YDR034C","LYS14","","dma5225","Vph1_R1_Plate14",8,10,711,121,"MA-single",-0.504487735354563,-0.496926151686282
261925090,"YDR034C","LYS14","","dma5225","Vph1_R1_Plate14",8,10,711,161,"S/G2 phase",-0.075918486876916,-0.139385114692436
261925121,"YDR034C","LYS14","","dma5225","Vph1_R1_Plate14",8,10,712,19,"S/G2 phase",0.125761159465506,0.60281804346855
261975098,"YNL180C","RHO5","","dma5199","Vph1_R1_Plate14",4,6,309,29,"S/G2 phase",1.79682108630272,2.39454408684719
261975192,"YNL180C","RHO5","","dma5199","Vph1_R1_Plate14",4,6,309,125,"T phase",4.13054270826503,3.31350733430039
261975222,"YNL180C","RHO5","","dma5199","Vph1_R1_Plate14",4,6,309,155,"S/G2 phase",3.55431514728668,3.29718737957982
261975227,"YNL180C","RHO5","","dma5199","Vph1_R1_Plate14",4,6,309,160,"S/G2 phase",1.04772525703086,0.862439352139055
261975264,"YNL180C","RHO5","","dma5199","Vph1_R1_Plate14",4,6,310,4,"S/G2 phase",5.32981631955122,4.47025311043571
261975276,"YNL180C","RHO5","","dma5199","Vph1_R1_Plate14",4,6,310,16,"T phase",3.92886306192261,3.79608918379087
261975301,"YNL180C","RHO5","","dma5199","Vph1_R1_Plate14",4,6,310,42,"S/G2 phase",2.98529043082056,2.56578535087158
261975318,"YNL180C","RHO5","","dma5199","Vph1_R1_Plate14",4,6,310,59,"T phase",3.94326875094707,3.69816945546752
261975337,"YNL180C","RHO5","","dma5199","Vph1_R1_Plate14",4,6,310,79,"S/G2 phase",1.67797415185093,2.07642323033778
261975353,"YNL180C","RHO5","","dma5199","Vph1_R1_Plate14",4,6,310,96,"T phase",3.59393079210394,3.18570710916984
261975363,"YNL180C","RHO5","","dma5199","Vph1_R1_Plate14",4,6,310,106,"S/G2 phase",4.00449292930102,2.79828557536879
261975375,"YNL180C","RHO5","","dma5199","Vph1_R1_Plate14",4,6,310,118,"S/G2 phase",5.42705472046631,3.69816945546752
261975376,"YNL180C","RHO5","","dma5199","Vph1_R1_Plate14",4,6,310,119,"S/G2 phase",0.489504807333089,0.434099670995158
261975381,"YNL180C","RHO5","","dma5199","Vph1_R1_Plate14",4,6,310,124,"T phase",3.97928297350821,3.62484791976647
261975403,"YNL180C","RHO5","","dma5199","Vph1_R1_Plate14",4,6,310,146,"S/G2 phase",1.0081096122136,1.25940056961734
261975407,"YNL180C","RHO5","","dma5199","Vph1_R1_Plate14",4,6,310,150,"S/G2 phase",1.01891387898195,1.13160034448679
261975456,"YNL180C","RHO5","","dma5199","Vph1_R1_Plate14",4,6,311,44,"S/G2 phase",4.36463515491248,3.96606900203976
261975513,"YNL180C","RHO5","","dma5199","Vph1_R1_Plate14",4,6,311,102,"MA phase",4.57711906802325,2.89620530369213
261975548,"YNL180C","RHO5","","dma5199","Vph1_R1_Plate14",4,6,311,137,"S/G2 phase",1.42227317166679,1.73646359384
261975565,"YNL180C","RHO5","","dma5199","Vph1_R1_Plate14",4,6,312,2,"T phase",1.93727655429119,2.3129443132444
261975590,"YNL180C","RHO5","","dma5199","Vph1_R1_Plate14",4,6,312,27,"S/G2 phase",1.4979030390452,1.17653935023905
261975606,"YNL180C","RHO5","","dma5199","Vph1_R1_Plate14",4,6,312,43,"T phase",2.45227993691559,2.72346607280933
262025945,"YPR173C","VPS4","","dma5159","Vph1_R1_Plate14",11,21,1041,392,"T phase",2.08853628904801,2.25996359067332
262025951,"YPR173C","VPS4","","dma5159","Vph1_R1_Plate14",11,21,1041,398,"S/G2 phase",-0.191163999072586,0.231716464388059
262026149,"YPR173C","VPS4","","dma5159","Vph1_R1_Plate14",11,21,1042,98,"S/G2 phase",1.34304188203227,2.0533230045739
262026957,"YPR173C","VPS4","","dma5159","Vph1_R1_Plate14",11,21,1043,285,"MA-single",-1.10592525212571,-1.17258804518954
262027579,"YPR173C","VPS4","","dma5159","Vph1_R1_Plate14",11,21,1044,323,"T phase",-0.248786755170421,-0.0525030369047355
262027649,"YPR173C","VPS4","","dma5159","Vph1_R1_Plate14",11,21,1044,394,"S/G2 phase",-0.75658729328259,-0.60840642209627
262027747,"YPR173C","VPS4","","dma5159","Vph1_R1_Plate14",11,21,1044,492,"T phase",0.0969497814165886,0.950819396785163
262078356,"YDR043C","NRG1","","dma5221","Vph1_R1_Plate14",8,2,677,5,"S/G2 phase",1.06933379056755,1.07310079664789
262078440,"YDR043C","NRG1","","dma5221","Vph1_R1_Plate14",8,2,677,90,"T phase",5.10652813967211,3.73758963595196
262078556,"YDR043C","NRG1","","dma5221","Vph1_R1_Plate14",8,2,677,208,"MA phase",4.85082715948797,3.15582661236264
262078632,"YDR043C","NRG1","","dma5221","Vph1_R1_Plate14",8,2,677,285,"S/G2 phase",0.629960275321561,0.526737095133587
262078689,"YDR043C","NRG1","","dma5221","Vph1_R1_Plate14",8,2,678,39,"S/G2 phase",1.17377503599488,1.66866088340677
262078693,"YDR043C","NRG1","","dma5221","Vph1_R1_Plate14",8,2,678,43,"S/G2 phase",1.20618783629991,1.29204047905845
262078712,"YDR043C","NRG1","","dma5221","Vph1_R1_Plate14",8,2,678,63,"S/G2 phase",1.02251530123806,1.46880056835067
262078729,"YDR043C","NRG1","","dma5221","Vph1_R1_Plate14",8,2,678,80,"T phase",3.76319763814133,3.09330620611432
262078744,"YDR043C","NRG1","","dma5221","Vph1_R1_Plate14",8,2,678,96,"T phase",2.73319087289253,2.12262368186554
262078799,"YDR043C","NRG1","","dma5221","Vph1_R1_Plate14",8,2,678,151,"S/G2 phase",1.04772525703086,1.41306043314567
262078885,"YDR043C","NRG1","","dma5221","Vph1_R1_Plate14",8,2,679,7,"S/G2 phase",2.308223046671,1.98252436042385
262078911,"YDR043C","NRG1","","dma5221","Vph1_R1_Plate14",8,2,679,33,"S/G2 phase",1.29982481495889,1.48362255621282
262078938,"YDR043C","NRG1","","dma5221","Vph1_R1_Plate14",8,2,679,60,"T phase",3.01050038661336,2.90022616210154
262079061,"YDR043C","NRG1","","dma5221","Vph1_R1_Plate14",8,2,679,185,"T phase",1.19538356953157,1.02965975775404
262079290,"YDR043C","NRG1","","dma5221","Vph1_R1_Plate14",8,2,680,184,"T phase",2.39465718081775,2.07918264297169
262086378,"YDR036C","EHD3","","dma5223","Vph1_R1_Plate14",8,6,695,7,"S/G2 phase",1.33944045977615,1.54890237509504
262086454,"YDR036C","EHD3","","dma5223","Vph1_R1_Plate14",8,6,696,9,"S/G2 phase",2.38745433630552,3.13398783237426
262086470,"YDR036C","EHD3","","dma5223","Vph1_R1_Plate14",8,6,696,26,"T phase",4.04410857411828,2.91378670418819
262086482,"YDR036C","EHD3","","dma5223","Vph1_R1_Plate14",8,6,696,38,"S/G2 phase",1.91206659849839,1.86426381897054
262086488,"YDR036C","EHD3","","dma5223","Vph1_R1_Plate14",8,6,696,44,"S/G2 phase",2.4558813591717,2.54946539615102
262086520,"YDR036C","EHD3","","dma5223","Vph1_R1_Plate14",8,6,696,76,"S/G2 phase",0.446287740259713,0.734639127008508
262226706,"YDR477W","SNF1","snf1-supp1","dma5262","Vph1_R1_Plate14",14,12,1293,92,"MA phase",1.09094232410424,1.2199803891329
282773793,"YJL046W","AIM22","","DMA2464-37C","Vph1_TS1_37C_Plate01",5,9,420,13,"S/G2 phase",0.25170826560386,0.300241092514156
282773962,"YEL019C","MMS21","mms21-1","TSA533-37C","Vph1_TS1_37C_Plate01",5,11,425,74,"MA-single",-0.87227328370539,-0.864248305954233
282774386,"YEL019C","MMS21","mms21-1","TSA533-37C","Vph1_TS1_37C_Plate01",5,11,425,505,"S/G2 phase",0.466257450229842,0.772923994994444
282776052,"YEL019C","MMS21","mms21-1","TSA533-37C","Vph1_TS1_37C_Plate01",5,11,428,391,"T phase",0.76406452739725,1.16057176336811
282786211,"YLR293C","GSP1","gsp1-p162l","TSA256-37C","Vph1_TS1_37C_Plate01",7,7,604,170,"S/G2 phase",0.210079319333147,0.30516048043768
282786658,"YOR122C","PFY1","pfy1-13","TSA233-37C","Vph1_TS1_37C_Plate01",7,9,610,42,"MA-single",-1.65361658294031,-1.85058558462073
282786941,"YGR172C","YIP1","yip1-40","TSA981-37C","Vph1_TS1_37C_Plate01",7,10,613,21,"MA-single",-1.53513419740059,-1.74271043515489
282786995,"YGR172C","YIP1","yip1-40","TSA981-37C","Vph1_TS1_37C_Plate01",7,10,613,75,"MA-single",-1.50631415767471,-1.57552152272542
282787016,"YGR172C","YIP1","yip1-40","TSA981-37C","Vph1_TS1_37C_Plate01",7,10,614,19,"S/G2 phase",1.15793840365092,0.961828491257752
282787080,"YGR172C","YIP1","yip1-40","TSA981-37C","Vph1_TS1_37C_Plate01",7,10,615,12,"S/G2 phase",0.978613712023232,1.18608230360009
282787123,"YGR172C","YIP1","yip1-40","TSA981-37C","Vph1_TS1_37C_Plate01",7,10,616,23,"S/G2 phase",0.555919796043685,1.12922823459823
282789451,"YHR058C","MED6","med6-5001","TSA1094-37C","Vph1_TS1_37C_Plate01",7,14,631,29,"T phase",0.219685999241773,0.615363027501015
282789667,"YCR002C","CDC10","cdc10-4","TSA81-37C","Vph1_TS1_37C_Plate01",7,15,633,148,"MA-single",-1.66322326284894,-1.82395061286336
282789756,"YCR002C","CDC10","cdc10-4","TSA81-37C","Vph1_TS1_37C_Plate01",7,15,633,245,"MA-single",-1.76569451520761,-1.83849794572293
282789965,"YCR002C","CDC10","cdc10-4","TSA81-37C","Vph1_TS1_37C_Plate01",7,15,634,162,"S/G2 phase",-0.206210143373983,0.31120429988658
282789997,"YCR002C","CDC10","cdc10-4","TSA81-37C","Vph1_TS1_37C_Plate01",7,15,634,196,"S/G2 phase",1.22838738964751,0.855288604228298
282790090,"YCR002C","CDC10","cdc10-4","TSA81-37C","Vph1_TS1_37C_Plate01",7,15,634,300,"S/G2 phase",-0.110143344287722,1.02985659854305
282790202,"YCR002C","CDC10","cdc10-4","TSA81-37C","Vph1_TS1_37C_Plate01",7,15,635,76,"S/G2 phase",0.341370611417703,0.669968233452129
282790438,"YCR002C","CDC10","cdc10-4","TSA81-37C","Vph1_TS1_37C_Plate01",7,15,635,323,"S/G2 phase",1.79838373089266,2.23798799559012
282790480,"YCR002C","CDC10","cdc10-4","TSA81-37C","Vph1_TS1_37C_Plate01",7,15,635,369,"T phase",2.15703311414803,1.96650805918195
282790510,"YCR002C","CDC10","cdc10-4","TSA81-37C","Vph1_TS1_37C_Plate01",7,15,636,15,"T phase",1.52299224017871,1.95196072632239
282790526,"YCR002C","CDC10","cdc10-4","TSA81-37C","Vph1_TS1_37C_Plate01",7,15,636,33,"S/G2 phase",0.22609045251419,0.503903752548037
282790548,"YCR002C","CDC10","cdc10-4","TSA81-37C","Vph1_TS1_37C_Plate01",7,15,636,55,"MA-single",-1.50631415767471,-1.66034582592103
282790757,"YCR002C","CDC10","cdc10-4","TSA81-37C","Vph1_TS1_37C_Plate01",7,15,636,275,"S/G2 phase",0.363786197871164,0.610443639577491
282790800,"YBL105C","PKC1","pkc1-3","TSA541-37C","Vph1_TS1_37C_Plate01",7,16,638,22,"T phase",1.52939669345113,1.24427163503835
282790843,"YBL105C","PKC1","pkc1-3","TSA541-37C","Vph1_TS1_37C_Plate01",7,16,640,4,"T phase",-0.500814993905182,-0.0681507859874311
282793798,"YCL052C","PBN1","pbn1-5001","TSA1069-37C","Vph1_TS1_37C_Plate01",11,3,969,71,"S/G2 phase",-0.475197180815513,-0.0753190369617082
282793821,"YCL052C","PBN1","pbn1-5001","TSA1069-37C","Vph1_TS1_37C_Plate01",11,3,969,96,"MA-single",-1.64080767639547,-1.89176788923766
282793909,"YCL052C","PBN1","pbn1-5001","TSA1069-37C","Vph1_TS1_37C_Plate01",11,3,970,74,"T phase",0.799289020395545,1.40429229649353
282793912,"YCL052C","PBN1","pbn1-5001","TSA1069-37C","Vph1_TS1_37C_Plate01",11,3,970,77,"T phase",0.565526475952311,0.957119934245238
282794175,"YCL052C","PBN1","pbn1-5001","TSA1069-37C","Vph1_TS1_37C_Plate01",11,3,972,111,"T phase",2.71422054884834,3.20485855347353
282802144,"YJR006W","POL31","hys2-ts","TSA794-37C","Vph1_TS1_37C_Plate01",11,13,1012,149,"T phase",-0.747386444893251,-0.484893220080222
282802345,"YNL138W","SRV2","srv2-2","TSA800-37C","Vph1_TS1_37C_Plate01",11,15,1019,3,"MA phase",-0.494410540632765,-0.0692752175128078
282802392,"YNL138W","SRV2","srv2-2","TSA800-37C","Vph1_TS1_37C_Plate01",11,15,1020,20,"S/G2 phase",-0.177390103648105,0.0979136949166608
282805215,"YMR304W","UBP15","","DMA3909-37C","Vph1_TS1_37C_Plate01",6,13,530,60,"S/G2 phase",1.22198293637509,1.24068750955121
282806027,"YMR304W","UBP15","","DMA3909-37C","Vph1_TS1_37C_Plate01",6,13,532,67,"G1 phase",-1.34620282586428,-1.38169763853859
282806042,"YMR304W","UBP15","","DMA3909-37C","Vph1_TS1_37C_Plate01",6,13,532,82,"T phase",0.619964328767859,0.58626836178189
282806183,"YMR304W","UBP15","","DMA3909-37C","Vph1_TS1_37C_Plate01",6,13,532,227,"S/G2 phase",1.58383454626667,1.11580533326404
282806585,"YDR498C","SEC20","sec20-1","TSA55-37C","Vph1_TS1_37C_Plate01",6,14,535,106,"T phase",0.815300153576588,1.14489999898317
282806604,"YDR498C","SEC20","sec20-1","TSA55-37C","Vph1_TS1_37C_Plate01",6,14,536,18,"T phase",0.277326078693529,0.797099272790047
282807648,"YKR086W","PRP16","prp16-2","TSA598-37C","Vph1_TS1_37C_Plate01",6,16,541,4,"S/G2 phase",0.741648940943789,1.13527205404713
282807864,"YKR086W","PRP16","prp16-2","TSA598-37C","Vph1_TS1_37C_Plate01",6,16,543,13,"S/G2 phase",2.59253593667241,2.3736225483387
282807955,"YKR086W","PRP16","prp16-2","TSA598-37C","Vph1_TS1_37C_Plate01",6,16,543,110,"T phase",3.55960838080743,2.73843030135315
282807958,"YKR086W","PRP16","prp16-2","TSA598-37C","Vph1_TS1_37C_Plate01",6,16,543,113,"S/G2 phase",1.84001267716337,2.09609879248163
282807960,"YKR086W","PRP16","prp16-2","TSA598-37C","Vph1_TS1_37C_Plate01",6,16,544,2,"T phase",2.1474264342394,2.355491089992
282808087,"YKR086W","PRP16","prp16-2","TSA598-37C","Vph1_TS1_37C_Plate01",6,16,544,142,"T phase",2.31073999268605,2.48508182329168
282808090,"YKR086W","PRP16","prp16-2","TSA598-37C","Vph1_TS1_37C_Plate01",6,16,544,146,"S/G2 phase",0.914569179299058,0.785011633892247
282808095,"YKR086W","PRP16","prp16-2","TSA598-37C","Vph1_TS1_37C_Plate01",6,16,544,152,"T phase",1.66389021217189,1.58715297330795
282811542,"YPR085C","ASA1","asa1-5001","TSA1232-37C","Vph1_TS1_37C_Plate01",6,23,572,109,"T phase",2.65978269603279,2.16033194336878
282850067,"YER148W","SPT15","spt15-i143n","TSA812-37C","Vph1_TS1_37C_Plate01",4,22,373,83,"S/G2 phase",-0.760195351438086,-0.543082551518473
282850148,"YER148W","SPT15","spt15-i143n","TSA812-37C","Vph1_TS1_37C_Plate01",4,22,374,16,"T phase",0.748053394216206,1.19458581701076
282850206,"YER148W","SPT15","spt15-i143n","TSA812-37C","Vph1_TS1_37C_Plate01",4,22,374,76,"T phase",0.190865959515894,0.547545751126726
282850334,"YER148W","SPT15","spt15-i143n","TSA812-37C","Vph1_TS1_37C_Plate01",4,22,375,58,"T phase",0.728840034398954,0.408116241979996
282850509,"YAL034W-A","MTW1","mtw1-ts","TSA235-37C","Vph1_TS1_37C_Plate01",4,23,377,20,"S/G2 phase",-0.766599804710503,-0.494731995927269
282851434,"YAL034W-A","MTW1","mtw1-ts","TSA235-37C","Vph1_TS1_37C_Plate01",4,23,380,109,"S/G2 phase",-1.11884473469346,-1.0435248572815
282851522,"YAL034W-A","MTW1","mtw1-ts","TSA235-37C","Vph1_TS1_37C_Plate01",4,23,380,198,"T phase",2.23388655341704,2.69478830277446
282853894,"YDR002W","YRB1","yrb1-51","TSA582-37C","Vph1_TS1_37C_Plate01",12,11,1097,31,"S/G2 phase",-0.219019049918818,0.365598674926685
282854769,"YDR002W","YRB1","yrb1-51","TSA582-37C","Vph1_TS1_37C_Plate01",12,11,1099,213,"S/G2 phase",-0.827442110798468,-0.513987885799347
282856261,"YLL031C","GPI13","gpi13-5","TSA197-37C","Vph1_TS1_37C_Plate01",12,15,1114,62,"T phase",0.914569179299058,1.20308933042142
282856341,"YLL031C","GPI13","gpi13-5","TSA197-37C","Vph1_TS1_37C_Plate01",12,15,1114,142,"T phase",0.623166555404067,0.474809086828911
282856387,"YLL031C","GPI13","gpi13-5","TSA197-37C","Vph1_TS1_37C_Plate01",12,15,1115,33,"S/G2 phase",-0.404748194818921,0.220336177242065
282856481,"YLL031C","GPI13","gpi13-5","TSA197-37C","Vph1_TS1_37C_Plate01",12,15,1115,133,"T phase",0.539908662862641,1.82349442454809
282856637,"YLL031C","GPI13","gpi13-5","TSA197-37C","Vph1_TS1_37C_Plate01",12,15,1116,139,"S/G2 phase",-0.340703662094748,0.545086057164963
282863835,"YDR292C","SRP101","srp101-47","TSA733-37C","Vph1_TS1_37C_Plate01",15,19,1417,163,"MA-single",-0.609690699536278,-0.449754734912196
282863855,"YDR292C","SRP101","srp101-47","TSA733-37C","Vph1_TS1_37C_Plate01",15,19,1417,183,"MA phase",0.411819597414294,0.375437450773733
282863871,"YDR292C","SRP101","srp101-47","TSA733-37C","Vph1_TS1_37C_Plate01",15,19,1417,200,"T phase",-0.830644337434677,-0.518907273722871
282864926,"YDR292C","SRP101","srp101-47","TSA733-37C","Vph1_TS1_37C_Plate01",15,19,1418,458,"S/G2 phase",1.30203860228031,1.47210957286783
282865069,"YDR292C","SRP101","srp101-47","TSA733-37C","Vph1_TS1_37C_Plate01",15,19,1418,602,"S/G2 phase",0.130023653427929,0.171774790739852
282865384,"YDR292C","SRP101","srp101-47","TSA733-37C","Vph1_TS1_37C_Plate01",15,19,1419,155,"S/G2 phase",2.90635414702086,2.40876103350673
282865586,"YDR292C","SRP101","srp101-47","TSA733-37C","Vph1_TS1_37C_Plate01",15,19,1419,361,"S/G2 phase",-0.0396943582911311,0.617822721462778
282865815,"YDR292C","SRP101","srp101-47","TSA733-37C","Vph1_TS1_37C_Plate01",15,19,1419,596,"S/G2 phase",-0.395141514910295,-0.0547278846532449
282866021,"YDR292C","SRP101","srp101-47","TSA733-37C","Vph1_TS1_37C_Plate01",15,19,1419,804,"T phase",-0.430366007908591,-0.0632313980639064
282866651,"YDR292C","SRP101","srp101-47","TSA733-37C","Vph1_TS1_37C_Plate01",15,19,1420,557,"T phase",-0.689746365441495,-0.224376491044476
282889376,"YJR093C","FIP1","fip1-5001","TSA1096-37C","Vph1_TS1_37C_Plate01",9,5,785,95,"S/G2 phase",-0.632106285989738,-0.224376491044476
282890198,"YJR093C","FIP1","fip1-5001","TSA1096-37C","Vph1_TS1_37C_Plate01",9,5,788,149,"G1 phase",-1.66962771612135,-1.94145370726524
282892534,"YMR197C","VTI1","vti1-2","TSA634-37C","Vph1_TS1_37C_Plate01",9,9,804,50,"S/G2 phase",-0.929913363157146,-0.804934542990605
282892874,"YBR109C","CMD1","cmd1-1","TSA154-37C","Vph1_TS1_37C_Plate01",9,11,810,71,"G1 phase",-0.734577538348416,-0.621863035265188
282893140,"YBR109C","CMD1","cmd1-1","TSA154-37C","Vph1_TS1_37C_Plate01",9,11,812,1,"S/G2 phase",-0.87227328370539,-0.309200794240091
282894584,"YCL010C","SGF29","","DMA478-37C","Vph1_TS1_37C_Plate01",9,14,821,45,"S/G2 phase",1.01704043165774,1.58602854178257
282894673,"YCL010C","SGF29","","DMA478-37C","Vph1_TS1_37C_Plate01",9,14,823,43,"MA-single",-1.21170930714351,-1.23622430994296
282894715,"YCL010C","SGF29","","DMA478-37C","Vph1_TS1_37C_Plate01",9,14,824,27,"S/G2 phase",0.411819597414294,0.199745024933602
282911408,"YGR119C","NUP57","nup57-e17","TSA954-37C","Vph1_TS1_37C_Plate01",2,5,116,110,"T phase",0.962602578842188,1.06857920919821
282920086,"YOR361C","PRT1","prt1-1","TSA27-37C","Vph1_TS1_37C_Plate01",2,13,145,102,"T phase",-0.020480998473879,0.404532116492858
282928317,"YHR069C","RRP4","rrp4-1","TSA724-37C","Vph1_TS1_37C_Plate01",2,22,184,10,"T phase",1.35007200182344,1.26127866185967
282953730,"YMR308C","PSE1","pse1-41","TSA683-37C","Vph1_TS1_37C_Plate01",8,9,705,75,"MA phase",-0.267052449461948,-0.00504206662565577
282954250,"YMR308C","PSE1","pse1-41","TSA683-37C","Vph1_TS1_37C_Plate01",8,9,706,299,"S/G2 phase",-0.430366007908591,-0.125004854989297
282955362,"YGL047W","ALG13","alg13-5001","TSA1197-37C","Vph1_TS1_37C_Plate01",8,10,712,62,"T phase",0.741648940943789,0.86379211763896
282961032,"YGR156W","PTI1","pti1-ts7-supp1","TSA477-37C","Vph1_TS1_37C_Plate01",8,15,730,183,"MA phase",0.232494905786607,0.193701205484701
282961118,"YGR156W","PTI1","pti1-ts7-supp1","TSA477-37C","Vph1_TS1_37C_Plate01",8,15,731,30,"T phase",3.00562317274333,3.07885194566099
282961220,"YGR156W","PTI1","pti1-ts7-supp1","TSA477-37C","Vph1_TS1_37C_Plate01",8,15,731,133,"S/G2 phase",0.882546912936971,1.37878175626155
282961225,"YGR156W","PTI1","pti1-ts7-supp1","TSA477-37C","Vph1_TS1_37C_Plate01",8,15,731,138,"S/G2 phase",1.13872504383367,1.0079301837982
282961936,"YPL209C","IPL1","ipl1-2","TSA206-37C","Vph1_TS1_37C_Plate01",8,16,734,71,"S/G2 phase",-0.071716624653218,0.180278304150514
282962024,"YPL209C","IPL1","ipl1-2","TSA206-37C","Vph1_TS1_37C_Plate01",8,16,735,38,"T phase",1.85922603698062,1.80894709168853
282962058,"YPL209C","IPL1","ipl1-2","TSA206-37C","Vph1_TS1_37C_Plate01",8,16,735,74,"T phase",2.94798309329157,3.44120000471367
282962092,"YPL209C","IPL1","ipl1-2","TSA206-37C","Vph1_TS1_37C_Plate01",8,16,735,108,"S/G2 phase",2.26911104641533,1.88168375598634
282962095,"YPL209C","IPL1","ipl1-2","TSA206-37C","Vph1_TS1_37C_Plate01",8,16,736,1,"T phase",1.03625379147499,0.98129521204084
282962098,"YPL209C","IPL1","ipl1-2","TSA206-37C","Vph1_TS1_37C_Plate01",8,16,736,4,"S/G2 phase",-0.0332899050187137,0.49652467066275
282963200,"YFL039C","ACT1","act1-155","TSA220-37C","Vph1_TS1_37C_Plate01",8,19,747,50,"T phase",1.36608313500448,1.36423442340199
282963350,"YFL039C","ACT1","act1-155","TSA220-37C","Vph1_TS1_37C_Plate01",8,19,748,113,"T phase",1.62546349253739,1.25031545448725
282964320,"YMR061W","RNA14","rna14-5001","TSA1106-37C","Vph1_TS1_37C_Plate01",8,21,755,182,"T phase",0.142832559972764,0.872295631049622
282964389,"YMR061W","RNA14","rna14-5001","TSA1106-37C","Vph1_TS1_37C_Plate01",8,21,755,253,"MA phase",-0.497612767268973,-0.189238005876449
282964927,"YBR087W","RFC5","rfc5-1","TSA887-37C","Vph1_TS1_37C_Plate01",8,22,757,33,"T phase",1.86563049025304,1.60416000012927
282965166,"YBR087W","RFC5","rfc5-1","TSA887-37C","Vph1_TS1_37C_Plate01",8,22,760,40,"S/G2 phase",0.88574913957318,1.57506533441014
282965216,"YBR087W","RFC5","rfc5-1","TSA887-37C","Vph1_TS1_37C_Plate01",8,22,760,96,"S/G2 phase",-0.443174914453426,-0.278981696995588
282967185,"YLR071C","RGR1","rgr1-100","TSA908-37C","Vph1_TS1_37C_Plate01",3,19,268,85,"S/G2 phase",0.338168384781494,1.00434605831107
282970007,"YKL035W","UGP1","ugp1-5001","TSA1155-37C","Vph1_TS1_37C_Plate01",3,22,277,29,"T phase",1.97770842252034,1.97255187863085
282970050,"YKL035W","UGP1","ugp1-5001","TSA1155-37C","Vph1_TS1_37C_Plate01",3,22,277,72,"S/G2 phase",1.01704043165774,1.24427163503835
282970072,"YKL035W","UGP1","ugp1-5001","TSA1155-37C","Vph1_TS1_37C_Plate01",3,22,277,96,"T phase",-0.699353045350121,-0.146931269734145
282970163,"YKL035W","UGP1","ugp1-5001","TSA1155-37C","Vph1_TS1_37C_Plate01",3,22,279,5,"MA phase",0.847322419938675,1.16549115129163
282970180,"YKL035W","UGP1","ugp1-5001","TSA1155-37C","Vph1_TS1_37C_Plate01",3,22,279,22,"T phase",0.302943891783199,0.220336177242065
282970247,"YKL035W","UGP1","ugp1-5001","TSA1155-37C","Vph1_TS1_37C_Plate01",3,22,279,89,"G1 phase",-0.455983820998261,-0.613359521854525
282970266,"YKL035W","UGP1","ugp1-5001","TSA1155-37C","Vph1_TS1_37C_Plate01",3,22,279,108,"S/G2 phase",-1.25013602677801,-0.716315283396842
282970267,"YKL035W","UGP1","ugp1-5001","TSA1155-37C","Vph1_TS1_37C_Plate01",3,22,279,109,"MA-single",-1.52232529085575,-1.65788613195927
282970302,"YKL035W","UGP1","ugp1-5001","TSA1155-37C","Vph1_TS1_37C_Plate01",3,22,280,25,"T phase",1.95849506270309,2.09497436095626
282979166,"YDL208W","NHP2","nhp2-5001","TSA1176-37C","Vph1_TS1_37C_Plate01",10,10,904,7,"T phase",2.30113331277742,2.67419715046599
282980909,"YLR342W","FKS1","","DMA3377-37C","Vph1_TS1_37C_Plate01",10,12,911,72,"S/G2 phase",-1.00356457578995,-0.478849400631321
282982436,"YKR022C","NTR2","ntr2-5001","TSA1231-37C","Vph1_TS1_37C_Plate01",10,15,922,15,"T phase",1.20276957655784,1.00434605831107
282983951,"YPL228W","CET1","cet1-1","TSA270-37C","Vph1_TS1_37C_Plate01",10,18,933,36,"S/G2 phase",1.99051732906518,1.80648739772676
282983971,"YPL228W","CET1","cet1-1","TSA270-37C","Vph1_TS1_37C_Plate01",10,18,933,56,"S/G2 phase",0.0179457211606253,0.288153453616355
282984242,"YPL174C","NIP100","","DMA4918-37C","Vph1_TS1_37C_Plate01",10,19,937,7,"S/G2 phase",-0.379130381729252,0.234883510101628
282984336,"YPL174C","NIP100","","DMA4918-37C","Vph1_TS1_37C_Plate01",10,19,937,105,"MA phase",-0.391939288274087,-0.0135455800363183
282993745,"YDR235W","PRP42","prp42-5001","TSA1085-37C","Vph1_TS1_37C_Plate01",11,23,1049,29,"MA phase",1.69271025189777,1.49024103121453
282993764,"YDR235W","PRP42","prp42-5001","TSA1085-37C","Vph1_TS1_37C_Plate01",11,23,1049,49,"G1 phase",-0.465590500906886,-0.421995331629455
282993773,"YDR235W","PRP42","prp42-5001","TSA1085-37C","Vph1_TS1_37C_Plate01",11,23,1049,59,"MA phase",2.82309625447944,2.80737200925281
282993820,"YDR235W","PRP42","prp42-5001","TSA1085-37C","Vph1_TS1_37C_Plate01",11,23,1049,109,"G1 phase",-0.443174914453426,-0.543082551518473
282993888,"YDR235W","PRP42","prp42-5001","TSA1085-37C","Vph1_TS1_37C_Plate01",11,23,1049,187,"MA-single",-0.545646166812104,-0.510403760312209
282994105,"YDR235W","PRP42","prp42-5001","TSA1085-37C","Vph1_TS1_37C_Plate01",11,23,1049,418,"S/G2 phase",0.0755858006123817,0.0822419305317221
282994254,"YDR235W","PRP42","prp42-5001","TSA1085-37C","Vph1_TS1_37C_Plate01",11,23,1050,145,"T phase",2.67899605585004,1.83558206344589
282994362,"YDR235W","PRP42","prp42-5001","TSA1085-37C","Vph1_TS1_37C_Plate01",11,23,1050,264,"T phase",3.79977537852308,3.40606151954564
282994406,"YDR235W","PRP42","prp42-5001","TSA1085-37C","Vph1_TS1_37C_Plate01",11,23,1050,315,"S/G2 phase",0.402212917505668,0.54016666924144
282994667,"YDR235W","PRP42","prp42-5001","TSA1085-37C","Vph1_TS1_37C_Plate01",11,23,1051,312,"G1 phase",-0.267052449461948,-0.411032124257031
282994761,"YDR235W","PRP42","prp42-5001","TSA1085-37C","Vph1_TS1_37C_Plate01",11,23,1052,38,"S/G2 phase",0.674402181583406,0.621406846949916
282994974,"YDR235W","PRP42","prp42-5001","TSA1085-37C","Vph1_TS1_37C_Plate01",11,23,1052,273,"S/G2 phase",0.687211088128241,1.02381277909415
283002068,"YOL038W","PRE6","pre6-5001","TSA1153-37C","Vph1_TS1_37C_Plate01",12,6,1077,148,"MA-single",-0.580870659810399,-0.513987885799347
283008290,"YGR172C","YIP1","yip1-4","TSA980-37C","Vph1_TS1_37C_Plate01",7,22,662,79,"S/G2 phase",0.117214746883095,0.74987314872422
283013107,"YBL105C","PKC1","pkc1-ts","TSA535-37C","Vph1_TS1_37C_Plate01",8,3,681,48,"G1 phase",-0.0749188512894267,0.071278723159297
283013250,"YBL105C","PKC1","pkc1-ts","TSA535-37C","Vph1_TS1_37C_Plate01",8,3,681,213,"T phase",1.49417220045283,1.53029890430608
283013347,"YBL105C","PKC1","pkc1-ts","TSA535-37C","Vph1_TS1_37C_Plate01",8,3,681,325,"S/G2 phase",-0.881879963614016,-0.825525695299067
283013487,"YBL105C","PKC1","pkc1-ts","TSA535-37C","Vph1_TS1_37C_Plate01",8,3,682,100,"S/G2 phase",-0.612892926172486,-0.19528182532535
283013942,"YBL105C","PKC1","pkc1-ts","TSA535-37C","Vph1_TS1_37C_Plate01",8,3,683,202,"T phase",1.56462118644942,1.29395745306593
283014047,"YBL105C","PKC1","pkc1-ts","TSA535-37C","Vph1_TS1_37C_Plate01",8,3,683,322,"MA-single",-1.72086334230069,-1.9996430387035
283014060,"YBL105C","PKC1","pkc1-ts","TSA535-37C","Vph1_TS1_37C_Plate01",8,3,684,4,"S/G2 phase",-0.632106285989738,-0.406112736333507
283014085,"YBL105C","PKC1","pkc1-ts","TSA535-37C","Vph1_TS1_37C_Plate01",8,3,684,32,"G1 phase",-1.66642548948514,-1.75121394856555
283014225,"YBL105C","PKC1","pkc1-ts","TSA535-37C","Vph1_TS1_37C_Plate01",8,3,684,189,"S/G2 phase",-0.2126145966464,-0.142011881810622
283014229,"YBL105C","PKC1","pkc1-ts","TSA535-37C","Vph1_TS1_37C_Plate01",8,3,684,193,"MA-single",-1.63760544975927,-1.78635243373358
283014324,"YBL105C","PKC1","pkc1-ts","TSA535-37C","Vph1_TS1_37C_Plate01",8,3,684,295,"S/G2 phase",0.447044090412589,1.7738086065205
283016255,"YML031W","NDC1","ndc1-4","TSA176-37C","Vph1_TS1_37C_Plate01",8,6,693,21,"S/G2 phase",2.24669545996187,1.60416000012927
283016331,"YML031W","NDC1","ndc1-4","TSA176-37C","Vph1_TS1_37C_Plate01",8,6,696,19,"S/G2 phase",1.5934412261753,0.822609813022034
283016356,"YML031W","NDC1","ndc1-4","TSA176-37C","Vph1_TS1_37C_Plate01",8,6,696,45,"S/G2 phase",2.48686245767752,1.99314303093932
283024866,"YER013W","PRP22","prp22-1","TSA237-37C","Vph1_TS1_37C_Plate01",15,4,1357,94,"MA phase",-0.244636863008487,0.0809066680953363
283024956,"YER013W","PRP22","prp22-1","TSA237-37C","Vph1_TS1_37C_Plate01",15,4,1358,56,"S/G2 phase",1.04265824474741,1.07103890315998
283024985,"YER013W","PRP22","prp22-1","TSA237-37C","Vph1_TS1_37C_Plate01",15,4,1359,36,"S/G2 phase",1.17394953683196,1.49270072517629
283025044,"YER013W","PRP22","prp22-1","TSA237-37C","Vph1_TS1_37C_Plate01",15,4,1359,101,"S/G2 phase",2.87753410729498,2.04282884896691
283030500,"YOR004W","UTP23","utp23-5001","TSA1057-37C","Vph1_TS1_37C_Plate01",15,8,1373,2,"T phase",1.06827605783707,1.3145486053744
283030673,"YOR004W","UTP23","utp23-5001","TSA1057-37C","Vph1_TS1_37C_Plate01",15,8,1374,57,"MA phase",-0.0877277578342614,0.489356419688474
283030756,"YOR004W","UTP23","utp23-5001","TSA1057-37C","Vph1_TS1_37C_Plate01",15,8,1375,15,"MA phase",0.434235183867755,1.06120012731293
283030764,"YOR004W","UTP23","utp23-5001","TSA1057-37C","Vph1_TS1_37C_Plate01",15,8,1375,23,"S/G2 phase",0.619964328767859,1.38974496363397
283030799,"YOR004W","UTP23","utp23-5001","TSA1057-37C","Vph1_TS1_37C_Plate01",15,8,1375,61,"T phase",2.6982094156673,3.07772751413561
283030814,"YOR004W","UTP23","utp23-5001","TSA1057-37C","Vph1_TS1_37C_Plate01",15,8,1375,76,"S/G2 phase",2.62135597639829,3.04012933500582
283030906,"YOR004W","UTP23","utp23-5001","TSA1057-37C","Vph1_TS1_37C_Plate01",15,8,1376,51,"T phase",2.56691812358274,2.05850061335184
283030944,"YOR004W","UTP23","utp23-5001","TSA1057-37C","Vph1_TS1_37C_Plate01",15,8,1376,90,"T phase",0.667997728310989,0.9716672671048
283030974,"YOR004W","UTP23","utp23-5001","TSA1057-37C","Vph1_TS1_37C_Plate01",15,8,1376,120,"G1 phase",-1.6504143563041,-1.8214909189016
283031019,"YNL102W","POL1","pol1-2","TSA344-37C","Vph1_TS1_37C_Plate01",15,9,1377,46,"S/G2 phase",0.748053394216206,1.01643369720886
283032592,"YNL102W","POL1","pol1-2","TSA344-37C","Vph1_TS1_37C_Plate01",15,9,1380,15,"S/G2 phase",0.59114428904198,0.904974422255886
283033871,"YMR197C","VTI1","vti1-11-supp1","TSA635-37C","Vph1_TS1_37C_Plate01",15,11,1386,179,"T phase",-0.33429920882233,0.334255146156806
283033897,"YMR197C","VTI1","vti1-11-supp1","TSA635-37C","Vph1_TS1_37C_Plate01",15,11,1386,205,"S/G2 phase",-0.55525284672073,-0.311660488201852
283034441,"YMR197C","VTI1","vti1-11-supp1","TSA635-37C","Vph1_TS1_37C_Plate01",15,11,1388,227,"MA phase",-0.548848393448312,-0.36493043171658
283034569,"YDL126C","CDC48","cdc48-1","TSA826-37C","Vph1_TS1_37C_Plate01",15,13,1393,109,"S/G2 phase",-0.769802031346712,-0.526075524697148
283034594,"YDL126C","CDC48","cdc48-1","TSA826-37C","Vph1_TS1_37C_Plate01",15,13,1393,134,"S/G2 phase",0.943389219024936,1.5835688478208
283034989,"YDL126C","CDC48","cdc48-1","TSA826-37C","Vph1_TS1_37C_Plate01",15,13,1395,75,"S/G2 phase",-0.235030183099861,0.36693393736307
283035331,"YDL126C","CDC48","cdc48-1","TSA826-37C","Vph1_TS1_37C_Plate01",15,13,1396,200,"G1 phase",-0.468792727543095,-0.513987885799347
283035401,"YGR277C","CAB4","cab4-5001","TSA1205-37C","Vph1_TS1_37C_Plate01",15,15,1401,29,"G1 phase",-0.712161951894955,-0.543082551518473
283035798,"YGR277C","CAB4","cab4-5001","TSA1205-37C","Vph1_TS1_37C_Plate01",15,15,1401,439,"MA-single",-0.894688870158851,-0.792636073181795
283036227,"YGR277C","CAB4","cab4-5001","TSA1205-37C","Vph1_TS1_37C_Plate01",15,15,1402,44,"MA-single",-1.43266294504191,-1.4906972195298
283036764,"YGR277C","CAB4","cab4-5001","TSA1205-37C","Vph1_TS1_37C_Plate01",15,15,1402,593,"MA phase",-0.504017220541391,-0.449754734912196
283036915,"YGR277C","CAB4","cab4-5001","TSA1205-37C","Vph1_TS1_37C_Plate01",15,15,1402,746,"T phase",1.2604096560096,1.7617209676227
283037776,"YGR277C","CAB4","cab4-5001","TSA1205-37C","Vph1_TS1_37C_Plate01",15,15,1404,23,"MA-single",-1.6856388493024,-1.84700145913359
283037802,"YGR277C","CAB4","cab4-5001","TSA1205-37C","Vph1_TS1_37C_Plate01",15,15,1404,49,"MA-single",-1.60878541003339,-1.73912630966775
283037941,"YGR277C","CAB4","cab4-5001","TSA1205-37C","Vph1_TS1_37C_Plate01",15,15,1404,191,"S/G2 phase",-0.821037657526051,-0.484893220080222
283038855,"YDR062W","LCB2","lcb2-1","TSA586-37C","Vph1_TS1_37C_Plate01",15,16,1408,6,"S/G2 phase",-0.00767209192904421,0.501444058586275
283040653,"YDR141C","DOP1","dop1-1","TSA854-37C","Vph1_TS1_37C_Plate01",13,18,1221,37,"T phase",1.6318679458098,1.59565648671861
283040657,"YDR141C","DOP1","dop1-1","TSA854-37C","Vph1_TS1_37C_Plate01",13,18,1221,41,"S/G2 phase",2.17304424732907,1.82707855003523
283040779,"YDR141C","DOP1","dop1-1","TSA854-37C","Vph1_TS1_37C_Plate01",13,18,1223,50,"T phase",0.607155422223024,1.00434605831106
283053229,"YPL020C","ULP1","ulp1-333","TSA566-37C","Vph1_TS1_37C_Plate01",14,6,1271,13,"T phase",2.05135963515314,2.08401115358383
283062203,"YBR102C","EXO84","exo84-102","TSA24-37C","Vph1_TS1_37C_Plate01",5,21,465,343,"T phase",-0.814633204253634,-0.335835765997455
283062522,"YBR102C","EXO84","exo84-102","TSA24-37C","Vph1_TS1_37C_Plate01",5,21,466,248,"MA-single",-0.471994954179304,-0.413491818218792
283069938,"YLR347C","KAP95","kap95-e126k","TSA228-37C","Vph1_TS1_37C_Plate01",6,3,491,501,"T phase",0.117214746883095,0.822609813022032
283075549,"YPL055C","LGE1","","DMA4805-37C","Vph1_TS1_37C_Plate01",14,14,1302,18,"MA-single",-1.72726779557311,-1.9996430387035
283075555,"YPL055C","LGE1","","DMA4805-37C","Vph1_TS1_37C_Plate01",14,14,1302,24,"MA-single",-1.67282994275756,-1.87117673692919
283077938,"YNR035C","ARC35","arc35-6","TSA471-37C","Vph1_TS1_37C_Plate01",14,17,1314,70,"S/G2 phase",3.90865108415418,4.06160509884034
283078709,"YOR196C","LIP5","","DMA4586-37C","Vph1_TS1_37C_Plate01",14,21,1331,34,"S/G2 phase",0.0947991604296338,0.665048845528604
283078750,"YOR196C","LIP5","","DMA4586-37C","Vph1_TS1_37C_Plate01",14,21,1331,75,"S/G2 phase",0.472661903502259,0.425123268801322
283078871,"YOR341W","RPA190","rpa190-1","TSA530-37C","Vph1_TS1_37C_Plate01",14,22,1333,57,"T phase",1.6670924388081,2.80020375827854
283078881,"YOR341W","RPA190","rpa190-1","TSA530-37C","Vph1_TS1_37C_Plate01",14,22,1334,5,"T phase",2.57972703012758,2.14578461050922
283078989,"YOR341W","RPA190","rpa190-1","TSA530-37C","Vph1_TS1_37C_Plate01",14,22,1336,9,"T phase",0.767266754033458,0.633494485847716
283079017,"YOR341W","RPA190","rpa190-1","TSA530-37C","Vph1_TS1_37C_Plate01",14,22,1336,40,"S/G2 phase",0.748053394216206,0.822609813022034
283079019,"YOR341W","RPA190","rpa190-1","TSA530-37C","Vph1_TS1_37C_Plate01",14,22,1336,42,"T phase",1.23799406955614,1.56902151496124
283083388,"YNL041C","COG6","","DMA3970-37C","Vph1_TS1_37C_Plate01",3,2,200,3,"T phase",-0.327894755549913,-0.212288852146674
283083398,"YNL041C","COG6","","DMA3970-37C","Vph1_TS1_37C_Plate01",3,2,200,14,"G1 phase",-0.699353045350121,-0.478849400631321
283083407,"YNL041C","COG6","","DMA3970-37C","Vph1_TS1_37C_Plate01",3,2,200,24,"T phase",1.31484750882514,1.28299424569351
283084355,"YDR044W","HEM13","hem13-5001","TSA1076-37C","Vph1_TS1_37C_Plate01",3,3,202,440,"S/G2 phase",-0.468792727543095,-0.28144139095735
283084599,"YDR044W","HEM13","hem13-5001","TSA1076-37C","Vph1_TS1_37C_Plate01",3,3,203,91,"T phase",-0.308681395732661,0.234883510101628
283086515,"YMR079W","SEC14","sec14-3","TSA53-37C","Vph1_TS1_37C_Plate01",3,5,210,224,"S/G2 phase",-0.459186047634469,-0.0753190369617082
283086922,"YMR079W","SEC14","sec14-3","TSA53-37C","Vph1_TS1_37C_Plate01",3,5,211,61,"S/G2 phase",0.264517172148694,0.541501931677825
283087346,"YMR079W","SEC14","sec14-3","TSA53-37C","Vph1_TS1_37C_Plate01",3,5,211,490,"S/G2 phase",-0.65131964580699,-0.402528610846368
283087501,"YMR079W","SEC14","sec14-3","TSA53-37C","Vph1_TS1_37C_Plate01",3,5,212,150,"T phase",1.02664711156636,1.56297769551234
283087735,"YMR079W","SEC14","sec14-3","TSA53-37C","Vph1_TS1_37C_Plate01",3,5,212,388,"S/G2 phase",0.415021824050502,0.99942667038754
283095866,"YLR022C","SDO1","sdo1-vma1-ts","TSA1026-37C","Vph1_TS1_37C_Plate01",3,13,242,44,"S/G2 phase",0.142832559972764,0.778967814443345
283101270,"YBL093C","ROX3","rox3-182","TSA1015-37C","Vph1_TS1_37C_Plate01",13,2,1158,17,"MA phase",-0.0396943582911311,0.36693393736307
283101698,"YLR378C","SEC61","sec61-2","TSA213-37C","Vph1_TS1_37C_Plate01",13,4,1165,28,"T phase",0.0851924805210077,0.726822302453994
283102950,"YBR079C","RPG1","rpg1-5001","TSA1060-37C","Vph1_TS1_37C_Plate01",13,7,1177,119,"G1 phase",-1.63760544975927,-1.89176788923766
283102998,"YBR079C","RPG1","rpg1-5001","TSA1060-37C","Vph1_TS1_37C_Plate01",13,7,1177,169,"S/G2 phase",0.594346515678189,1.25277514844901
283103075,"YBR079C","RPG1","rpg1-5001","TSA1060-37C","Vph1_TS1_37C_Plate01",13,7,1177,250,"MA-single",-1.67282994275756,-1.93295019385458
283103246,"YBR079C","RPG1","rpg1-5001","TSA1060-37C","Vph1_TS1_37C_Plate01",13,7,1177,430,"S/G2 phase",-0.449579367725843,-0.154099520708423
283103805,"YBR079C","RPG1","rpg1-5001","TSA1060-37C","Vph1_TS1_37C_Plate01",13,7,1179,199,"S/G2 phase",0.146034786608973,0.486896725726711
283103833,"YBR079C","RPG1","rpg1-5001","TSA1060-37C","Vph1_TS1_37C_Plate01",13,7,1179,228,"G1 phase",-0.612892926172486,-0.648498007022552
283103857,"YBR079C","RPG1","rpg1-5001","TSA1060-37C","Vph1_TS1_37C_Plate01",13,7,1179,253,"MA-single",-0.936317816429564,-0.963619942009411
283112055,"YDL102W","POL3","cdc2-1","TSA406-37C","Vph1_TS1_37C_Plate01",13,14,1207,16,"T phase",1.21878070973888,1.53746715528035
283114431,"YNL061W","NOP2","nop2-9","TSA630-37C","Vph1_TS1_37C_Plate01",13,16,1215,5,"T phase",2.28191995296017,2.25365975997506
283130720,"YDR196C","CAB5","cab5-5001","TSA1204-37C","Vph1_TS1_37C_Plate02",5,3,393,270,"S/G2 phase",0.0192674041411195,-0.0544092020370612
283130987,"YDR196C","CAB5","cab5-5001","TSA1204-37C","Vph1_TS1_37C_Plate02",5,3,394,137,"S/G2 phase",-0.627135484324969,0.160493979091907
283131590,"YDR196C","CAB5","cab5-5001","TSA1204-37C","Vph1_TS1_37C_Plate02",5,3,396,19,"S/G2 phase",1.8045706199046,1.24360892691145
283132039,"YDL017W","CDC7","cdc7-4","TSA131-37C","Vph1_TS1_37C_Plate02",5,4,400,11,"MA phase",1.5925231115189,1.58035616326173
283132051,"YDL017W","CDC7","cdc7-4","TSA131-37C","Vph1_TS1_37C_Plate02",5,4,400,23,"G1 phase",1.15474761033552,0.494690652085277
283132560,"YAL011W","SWC3","","DMA17-37C","Vph1_TS1_37C_Plate02",5,5,402,44,"S/G2 phase",2.46123387167968,2.18097739719355
283132563,"YAL011W","SWC3","","DMA17-37C","Vph1_TS1_37C_Plate02",5,5,402,47,"S/G2 phase",-0.2509221629955,0.260986175353977
283132579,"YAL011W","SWC3","","DMA17-37C","Vph1_TS1_37C_Plate02",5,5,402,63,"T phase",0.265516123556772,0.64925479151374
283133468,"YAL011W","SWC3","","DMA17-37C","Vph1_TS1_37C_Plate02",5,5,404,190,"T phase",2.11238151917417,2.04149801819021
283134142,"YFL034C-B","MOB2","mob2-22","TSA610-37C","Vph1_TS1_37C_Plate02",5,7,410,119,"T phase",1.16158785254151,1.1556509277176
283134245,"YFL034C-B","MOB2","mob2-22","TSA610-37C","Vph1_TS1_37C_Plate02",5,7,411,96,"S/G2 phase",0.368119756646628,0.194380035119363
283134298,"YFL034C-B","MOB2","mob2-22","TSA610-37C","Vph1_TS1_37C_Plate02",5,7,412,16,"MA phase",0.580167265032329,0.898044028670164
283139254,"YAR019C","CDC15","cdc15-1","TSA821-37C","Vph1_TS1_37C_Plate02",5,13,434,178,"MA-single",-1.68053278404748,-1.75067958085665
283139465,"YAR019C","CDC15","cdc15-1","TSA821-37C","Vph1_TS1_37C_Plate02",5,13,434,389,"MA-single",-0.391147128218302,-0.306914974370691
283139841,"YAR019C","CDC15","cdc15-1","TSA821-37C","Vph1_TS1_37C_Plate02",5,13,435,207,"S/G2 phase",0.569906901723343,0.995985661575327
283147992,"YGL130W","CEG1","ceg1-3","TSA94-37C","Vph1_TS1_37C_Plate02",7,5,594,75,"MA phase",-0.0457148968157889,0.100154937391402
283148550,"YDR083W","RRP8","","DMA882-37C","Vph1_TS1_37C_Plate02",7,6,597,40,"T phase",1.55490177938596,1.58035616326172
283151453,"YKR099W","BAS1","","DMA3018-37C","Vph1_TS1_37C_Plate02",7,10,615,16,"T phase",1.74984868225668,1.67458126098968
283155814,"YOR035C","SHE4","","DMA4457-37C","Vph1_TS1_37C_Plate02",11,3,969,36,"T phase",2.16710345682209,2.52654229543483
283155918,"YOR035C","SHE4","","DMA4457-37C","Vph1_TS1_37C_Plate02",11,3,969,144,"S/G2 phase",0.344178908925662,0.58009808792222
283156075,"YOR035C","SHE4","","DMA4457-37C","Vph1_TS1_37C_Plate02",11,3,970,156,"MA phase",0.289456971277739,0.443169272275787
283157631,"YPL204W","HRR25","hrr25-5001","TSA1196-37C","Vph1_TS1_37C_Plate02",11,5,980,172,"T phase",-0.688697664178883,-0.29438077730247
283158748,"YLR314C","CDC3","cdc3-3","TSA130-37C","Vph1_TS1_37C_Plate02",11,7,985,338,"S/G2 phase",0.0466283729650809,0.125223331527844
283158878,"YLR314C","CDC3","cdc3-3","TSA130-37C","Vph1_TS1_37C_Plate02",11,7,986,43,"MA-single",-1.64975169412053,-1.81356918591406
283159102,"YLR314C","CDC3","cdc3-3","TSA130-37C","Vph1_TS1_37C_Plate02",11,7,986,276,"MA-single",-1.72499435838642,-1.91151081881923
283159274,"YLR314C","CDC3","cdc3-3","TSA130-37C","Vph1_TS1_37C_Plate02",11,7,987,124,"S/G2 phase",2.235505878882,2.14199021445228
283159430,"YLR314C","CDC3","cdc3-3","TSA130-37C","Vph1_TS1_37C_Plate02",11,7,987,289,"G1 phase",-1.23933716176111,-1.35869442951969
283159792,"YLR314C","CDC3","cdc3-3","TSA130-37C","Vph1_TS1_37C_Plate02",11,7,988,366,"S/G2 phase",0.556226417311363,0.759730621487124
283159866,"YGR013W","SNU71","snu71-5001","TSA1121-37C","Vph1_TS1_37C_Plate02",11,8,989,9,"T phase",2.36889060189881,2.46503728191403
283159868,"YGR013W","SNU71","snu71-5001","TSA1121-37C","Vph1_TS1_37C_Plate02",11,8,989,11,"T phase",1.86613279975852,2.30165548059456
283159995,"YGR013W","SNU71","snu71-5001","TSA1121-37C","Vph1_TS1_37C_Plate02",11,8,992,1,"MA-single",-0.750259844032796,-0.937705729152766
283160012,"YGR013W","SNU71","snu71-5001","TSA1121-37C","Vph1_TS1_37C_Plate02",11,8,992,18,"T phase",0.788794652315035,0.74974698777581
283178192,"YFL039C","ACT1","act1-101","TSA136-37C","Vph1_TS1_37C_Plate02",6,16,541,74,"T phase",-0.579253788883037,0.0423664590478042
283178477,"YFL039C","ACT1","act1-101","TSA136-37C","Vph1_TS1_37C_Plate02",6,16,542,1,"T phase",0.176592974878898,0.439452737098583
283178979,"YFL039C","ACT1","act1-101","TSA136-37C","Vph1_TS1_37C_Plate02",6,16,543,159,"T phase",-0.247502041892504,0.288605132847323
283179126,"YFL039C","ACT1","act1-101","TSA136-37C","Vph1_TS1_37C_Plate02",6,16,543,307,"T phase",1.83193158872856,1.21088884270429
283190421,"YNL006W","LST8","lst8-15","TSA467-37C","Vph1_TS1_37C_Plate02",6,22,565,11,"MA-single",-1.50952672889773,-1.67153924355382
283190467,"YNL006W","LST8","lst8-15","TSA467-37C","Vph1_TS1_37C_Plate02",6,22,565,62,"T phase",1.23341039570441,0.865323944463006
283190712,"YNL006W","LST8","lst8-15","TSA467-37C","Vph1_TS1_37C_Plate02",6,22,566,119,"S/G2 phase",0.186853338187883,0.793835297230889
283190892,"YNL006W","LST8","lst8-15","TSA467-37C","Vph1_TS1_37C_Plate02",6,22,568,69,"S/G2 phase",0.176592974878898,0.468237666412228
283190919,"YNL006W","LST8","lst8-15","TSA467-37C","Vph1_TS1_37C_Plate02",6,22,568,98,"T phase",-0.223561194171538,-0.078311624353203
283190925,"YNL006W","LST8","lst8-15","TSA467-37C","Vph1_TS1_37C_Plate02",6,22,568,106,"S/G2 phase",0.610948354959286,0.931930084697618
283190926,"YNL006W","LST8","lst8-15","TSA467-37C","Vph1_TS1_37C_Plate02",6,22,568,107,"G1 phase",-1.30431946271801,-1.35614386616278
283190932,"YNL006W","LST8","lst8-15","TSA467-37C","Vph1_TS1_37C_Plate02",6,22,568,113,"G1 phase",-1.43086394352884,-1.38886395036994
283190945,"YNL006W","LST8","lst8-15","TSA467-37C","Vph1_TS1_37C_Plate02",6,22,568,126,"S/G2 phase",-0.439028823660235,-0.255393594561203
283190948,"YNL006W","LST8","lst8-15","TSA467-37C","Vph1_TS1_37C_Plate02",6,22,568,130,"S/G2 phase",0.853776953271943,0.928213549520416
283190969,"YNL006W","LST8","lst8-15","TSA467-37C","Vph1_TS1_37C_Plate02",6,22,568,152,"S/G2 phase",0.87771780099291,0.958383070370666
283245597,"YDL105W","NSE4","nse4-ts3","TSA992-37C","Vph1_TS1_37C_Plate02",4,11,332,269,"T phase",2.0200382493933,1.97117534277839
283246551,"YJL085W","EXO70","exo70-38","TSA848-37C","Vph1_TS1_37C_Plate02",4,13,338,355,"T phase",-0.941786625800526,-0.719086012846594
283246601,"YJL085W","EXO70","exo70-38","TSA848-37C","Vph1_TS1_37C_Plate02",4,13,338,408,"T phase",1.30181281776431,2.10183705989071
283248153,"YJL085W","EXO70","exo70-38","TSA848-37C","Vph1_TS1_37C_Plate02",4,13,340,588,"T phase",-0.507431245720138,-0.148634299765022
283248694,"YDL008W","APC11","apc11-13","TSA783-37C","Vph1_TS1_37C_Plate02",4,14,342,36,"T phase",0.727232472461122,1.13429906875837
283252254,"YBR109C","CMD1","cmd1-8","TSA157-37C","Vph1_TS1_37C_Plate02",4,17,353,103,"S/G2 phase",0.0261076463471098,0.585199214636031
283252914,"YBR109C","CMD1","cmd1-8","TSA157-37C","Vph1_TS1_37C_Plate02",4,17,354,251,"S/G2 phase",-1.21197619293715,-0.933989193975562
283254384,"YDR189W","SLY1","sly1-ts","TSA251-37C","Vph1_TS1_37C_Plate02",4,18,357,422,"G1 phase",-0.73999948072381,-0.536902915924784
283259937,"YOR075W","UFE1","ufe1-1","TSA212-37C","Vph1_TS1_37C_Plate02",4,23,378,144,"S/G2 phase",-0.692117785281878,-0.438961283019619
283260269,"YOR075W","UFE1","ufe1-1","TSA212-37C","Vph1_TS1_37C_Plate02",4,23,378,489,"S/G2 phase",-0.64081596873695,-0.585873732377367
283271824,"YKL004W","AUR1","aur1-5003","TSA1263-37C","Vph1_TS1_37C_Plate02",12,19,1131,79,"S/G2 phase",-1.27695849389405,-1.17767730441818
283274601,"YHR188C","GPI16","gpi16-5001","TSA1166-37C","Vph1_TS1_37C_Plate02",12,22,1141,11,"T phase",1.64724504916682,1.50238179777919
283274610,"YHR188C","GPI16","gpi16-5001","TSA1166-37C","Vph1_TS1_37C_Plate02",12,22,1141,20,"S/G2 phase",1.49675972063504,1.25730909579997
283274633,"YHR188C","GPI16","gpi16-5001","TSA1166-37C","Vph1_TS1_37C_Plate02",12,22,1141,44,"T phase",6.39437314012413,3.68624701720031
283274670,"YHR188C","GPI16","gpi16-5001","TSA1166-37C","Vph1_TS1_37C_Plate02",12,22,1142,16,"MA-single",-1.66343217853251,-1.88134129796898
283274703,"YHR188C","GPI16","gpi16-5001","TSA1166-37C","Vph1_TS1_37C_Plate02",12,22,1143,18,"T phase",2.21498515226402,2.02014615923097
283283341,"YML077W","BET5","bet5-5001","TSA1131-37C","Vph1_TS1_37C_Plate02",15,22,1429,5,"T phase",1.41467681416315,1.22852416648633
283283383,"YML077W","BET5","bet5-5001","TSA1131-37C","Vph1_TS1_37C_Plate02",15,22,1429,47,"MA phase",1.30181281776431,1.18953698374506
283283499,"YML077W","BET5","bet5-5001","TSA1131-37C","Vph1_TS1_37C_Plate02",15,22,1431,13,"S/G2 phase",-0.175679498729606,-0.102214046669345
283283553,"YML077W","BET5","bet5-5001","TSA1131-37C","Vph1_TS1_37C_Plate02",15,22,1432,1,"MA phase",1.08292506717262,1.66204706392146
283313577,"YNL062C","GCD10","gcd10-506","TSA442-37C","Vph1_TS1_37C_Plate02",9,3,777,90,"T phase",-0.391147128218302,-0.21268987664273
283317984,"YPR161C","SGV1","sgv1-5001","TSA1251-37C","Vph1_TS1_37C_Plate02",9,9,803,16,"MA phase",2.5159558093276,1.70985190855375
283319770,"YIL118W","RHO3","rho3-ser228","TSA836-37C","Vph1_TS1_37C_Plate02",9,11,812,61,"S/G2 phase",-1.33852067374797,-0.959057588112003
283319863,"YIL118W","RHO3","rho3-ser228","TSA836-37C","Vph1_TS1_37C_Plate02",9,11,812,156,"S/G2 phase",0.78537453121204,1.05260816809863
283320461,"YNL021W","HDA1","","DMA3925-37C","Vph1_TS1_37C_Plate02",9,14,821,24,"S/G2 phase",1.10344579379059,1.08277768894888
283343161,"YDL220C","CDC13","cdc13-1","TSA881-37C","Vph1_TS1_37C_Plate02",2,5,115,649,"S/G2 phase",-1.07517134881734,-0.959057588112002
283350548,"YBR070C","ALG14","alg14-5001","TSA1061-37C","Vph1_TS1_37C_Plate02",2,8,125,119,"T phase",6.01815981879466,3.51288158216951
283350779,"YBR070C","ALG14","alg14-5001","TSA1061-37C","Vph1_TS1_37C_Plate02",2,8,127,9,"S/G2 phase",0.330498424513681,0.571280426031204
283351083,"YBR070C","ALG14","alg14-5001","TSA1061-37C","Vph1_TS1_37C_Plate02",2,8,128,152,"T phase",1.8763931630675,1.84167959748637
283360035,"YPL101W","ELP4","","DMA4843-37C","Vph1_TS1_37C_Plate02",2,12,142,143,"S/G2 phase",1.15474761033552,1.4471438827925
283361151,"YFL039C","ACT1","act1-108","TSA904-37C","Vph1_TS1_37C_Plate02",2,13,145,501,"S/G2 phase",-0.114117318875693,0.354045301261639
283361366,"YFL039C","ACT1","act1-108","TSA904-37C","Vph1_TS1_37C_Plate02",2,13,145,717,"S/G2 phase",-0.774200691753762,-0.436410719662714
283362059,"YFL039C","ACT1","act1-108","TSA904-37C","Vph1_TS1_37C_Plate02",2,13,146,454,"S/G2 phase",-0.497170882411153,0.516042511044511
283362811,"YFL039C","ACT1","act1-108","TSA904-37C","Vph1_TS1_37C_Plate02",2,13,147,353,"T phase",3.41544765941533,2.53652592914615
283367894,"YLR078C","BOS1","bos1-1","TSA199-37C","Vph1_TS1_37C_Plate02",2,16,158,36,"S/G2 phase",2.09528091365919,2.71754305424766
283423559,"YOL135C","MED7","med7-163","TSA739-37C","Vph1_TS1_37C_Plate02",8,17,739,206,"T phase",-0.16541913542062,0.0762525150752611
283425986,"YPL160W","CDC60","cdc60-ts","TSA922-37C","Vph1_TS1_37C_Plate02",8,19,747,113,"G1 phase",-1.61555048309058,-1.85627290383254
283439877,"YGL092W","NUP145","nup145-r4","TSA977-37C","Vph1_TS1_37C_Plate02",3,21,273,173,"T phase",0.190273459290878,0.816353128010423
283440144,"YGL092W","NUP145","nup145-r4","TSA977-37C","Vph1_TS1_37C_Plate02",3,21,274,29,"MA phase",0.973481191876775,1.05515873145553
283440357,"YGL092W","NUP145","nup145-r4","TSA977-37C","Vph1_TS1_37C_Plate02",3,21,274,247,"G1 phase",-1.69421326845947,-1.78966676359792
283440490,"YGL092W","NUP145","nup145-r4","TSA977-37C","Vph1_TS1_37C_Plate02",3,21,274,385,"S/G2 phase",-0.45612942917521,0.0600017828298362
283440756,"YGL092W","NUP145","nup145-r4","TSA977-37C","Vph1_TS1_37C_Plate02",3,21,275,219,"S/G2 phase",-1.13331340756826,-0.64621277407787
283445902,"YML001W","YPT7","","DMA3511-37C","Vph1_TS1_37C_Plate02",4,5,305,74,"S/G2 phase",1.524120689459,0.864157972642707
283445920,"YML001W","YPT7","","DMA3511-37C","Vph1_TS1_37C_Plate02",4,5,305,93,"G1 phase",-1.62581084639956,-1.61630132856713
283446285,"YML001W","YPT7","","DMA3511-37C","Vph1_TS1_37C_Plate02",4,5,306,47,"S/G2 phase",1.11028603599658,1.11294720979913
283446361,"YML001W","YPT7","","DMA3511-37C","Vph1_TS1_37C_Plate02",4,5,306,126,"T phase",1.00426228180373,0.83770498696966
283446400,"YML001W","YPT7","","DMA3511-37C","Vph1_TS1_37C_Plate02",4,5,306,166,"G1 phase",-0.722898875208834,-0.798226350149429
283446534,"YML001W","YPT7","","DMA3511-37C","Vph1_TS1_37C_Plate02",4,5,306,302,"S/G2 phase",-0.0593953812277696,0.179295274694237
283446608,"YML001W","YPT7","","DMA3511-37C","Vph1_TS1_37C_Plate02",4,5,307,1,"MA-single",-1.14357377087724,-1.23429981094147
283446846,"YML001W","YPT7","","DMA3511-37C","Vph1_TS1_37C_Plate02",4,5,307,243,"MA-single",-0.989668321242458,-1.10108753047225
283447107,"YML001W","YPT7","","DMA3511-37C","Vph1_TS1_37C_Plate02",4,5,308,115,"S/G2 phase",0.40232096767658,0.833988451792455
283447285,"YML001W","YPT7","","DMA3511-37C","Vph1_TS1_37C_Plate02",4,5,308,309,"G1 phase",-1.28037861499705,-1.21294795198224
283447324,"YML001W","YPT7","","DMA3511-37C","Vph1_TS1_37C_Plate02",4,5,308,349,"G1 phase",-0.92468602028555,-0.974142348537128
283455581,"YMR200W","ROT1","rot1-5001","TSA1103-37C","Vph1_TS1_37C_Plate02",10,12,909,26,"MA-single",-1.63607120970855,-1.79593386213203
283455668,"YMR200W","ROT1","rot1-5001","TSA1103-37C","Vph1_TS1_37C_Plate02",10,12,909,116,"S/G2 phase",3.42912814382731,2.64838635065614
283455683,"YMR200W","ROT1","rot1-5001","TSA1103-37C","Vph1_TS1_37C_Plate02",10,12,909,132,"T phase",9.1817718390652,4.87495528799573
283455698,"YMR200W","ROT1","rot1-5001","TSA1103-37C","Vph1_TS1_37C_Plate02",10,12,909,147,"S/G2 phase",-0.716058633002844,-0.178803820615273
283455702,"YMR200W","ROT1","rot1-5001","TSA1103-37C","Vph1_TS1_37C_Plate02",10,12,909,151,"T phase",2.59461859469649,2.50263987311869
283455704,"YMR200W","ROT1","rot1-5001","TSA1103-37C","Vph1_TS1_37C_Plate02",10,12,909,153,"MA-single",-1.4548047912498,-1.57476358246895
283455707,"YMR200W","ROT1","rot1-5001","TSA1103-37C","Vph1_TS1_37C_Plate02",10,12,909,156,"S/G2 phase",2.66644113785939,2.6797218433267
283455737,"YMR200W","ROT1","rot1-5001","TSA1103-37C","Vph1_TS1_37C_Plate02",10,12,910,21,"MA-single",-1.57108890875164,-1.57986470918277
283455804,"YMR200W","ROT1","rot1-5001","TSA1103-37C","Vph1_TS1_37C_Plate02",10,12,910,91,"S/G2 phase",-0.134638045493664,0.739763354064495
283455862,"YMR200W","ROT1","rot1-5001","TSA1103-37C","Vph1_TS1_37C_Plate02",10,12,911,9,"S/G2 phase",-0.0525551390217793,0.291155696204228
283455886,"YMR200W","ROT1","rot1-5001","TSA1103-37C","Vph1_TS1_37C_Plate02",10,12,911,33,"S/G2 phase",-0.209880709759558,0.136591556775764
283455897,"YMR200W","ROT1","rot1-5001","TSA1103-37C","Vph1_TS1_37C_Plate02",10,12,911,44,"S/G2 phase",3.99344812582152,2.87327316549642
283455902,"YMR200W","ROT1","rot1-5001","TSA1103-37C","Vph1_TS1_37C_Plate02",10,12,911,49,"S/G2 phase",2.47149423498866,2.67855587150639
283455929,"YMR200W","ROT1","rot1-5001","TSA1103-37C","Vph1_TS1_37C_Plate02",10,12,911,77,"T phase",0.108190552818994,0.167927049446316
283456092,"YMR200W","ROT1","rot1-5001","TSA1103-37C","Vph1_TS1_37C_Plate02",10,12,912,73,"G1 phase",-0.428768460351249,-0.445228381553729
283456123,"YMR200W","ROT1","rot1-5001","TSA1103-37C","Vph1_TS1_37C_Plate02",10,12,912,106,"S/G2 phase",1.05214397724566,0.977184365972998
283457558,"YHR027C","RPN1","rpn1-821","TSA255-37C","Vph1_TS1_37C_Plate02",10,15,921,179,"G1 phase",-0.760520207341781,-0.794509814972224
283457693,"YHR027C","RPN1","rpn1-821","TSA255-37C","Vph1_TS1_37C_Plate02",10,15,921,317,"MA phase",-0.675017179766902,-0.0242396811868098
283458056,"YHR027C","RPN1","rpn1-821","TSA255-37C","Vph1_TS1_37C_Plate02",10,15,922,295,"S/G2 phase",-0.466389792484196,-0.337084495220943
283458126,"YHR027C","RPN1","rpn1-821","TSA255-37C","Vph1_TS1_37C_Plate02",10,15,923,22,"S/G2 phase",2.39967169182576,2.14825731298639
283458127,"YHR027C","RPN1","rpn1-821","TSA255-37C","Vph1_TS1_37C_Plate02",10,15,923,23,"S/G2 phase",0.730652593564117,1.30511394043225
283458523,"YHR027C","RPN1","rpn1-821","TSA255-37C","Vph1_TS1_37C_Plate02",10,15,924,109,"MA-single",-0.846023234916661,-0.842314659604507
283458632,"YHR027C","RPN1","rpn1-821","TSA255-37C","Vph1_TS1_37C_Plate02",10,15,924,225,"MA phase",0.751173320182088,1.58407269843893
283460230,"YDR167W","TAF10","taf10-ts34","TSA957-37C","Vph1_TS1_37C_Plate02",10,17,932,72,"T phase",1.19920918467446,1.43089315054707
283463083,"YIL046W","MET30","met30-6","TSA948-37C","Vph1_TS1_37C_Plate02",10,19,937,27,"S/G2 phase",-0.572413546677047,-0.166269623547053
283463247,"YIL046W","MET30","met30-6","TSA948-37C","Vph1_TS1_37C_Plate02",10,19,937,193,"G1 phase",-1.58476939316362,-1.75323014421356
283463582,"YIL046W","MET30","met30-6","TSA948-37C","Vph1_TS1_37C_Plate02",10,19,939,47,"MA phase",0.436522178706531,0.670606650472976
283463842,"YIL046W","MET30","met30-6","TSA948-37C","Vph1_TS1_37C_Plate02",10,19,940,54,"T phase",0.68619101922518,0.798717804228393
283470972,"YDR373W","FRQ1","frq1-1","TSA399-37C","Vph1_TS1_37C_Plate02",11,17,1025,107,"S/G2 phase",-0.394567249321297,-0.367254016071195
283471308,"YDR373W","FRQ1","frq1-1","TSA399-37C","Vph1_TS1_37C_Plate02",11,17,1026,34,"T phase",-0.527951972338109,-0.0845787228873126
283481225,"YJR007W","SUI2","sui2-5001","TSA1252-37C","Vph1_TS1_37C_Plate02",12,2,1062,74,"G1 phase",-0.620295242118979,-0.712818914312484
283481419,"YJR007W","SUI2","sui2-5001","TSA1252-37C","Vph1_TS1_37C_Plate02",12,2,1063,71,"T phase",-0.377466643806321,0.0876207403231825
283481444,"YJR007W","SUI2","sui2-5001","TSA1252-37C","Vph1_TS1_37C_Plate02",12,2,1063,96,"T phase",0.13213140053996,0.521143637758323
283482933,"YLR314C","CDC3","cdc3-1","TSA885-37C","Vph1_TS1_37C_Plate02",12,3,1066,652,"MA phase",-0.493750761308157,-0.000337258870668103
283483837,"YLR314C","CDC3","cdc3-1","TSA885-37C","Vph1_TS1_37C_Plate02",12,3,1068,280,"G1 phase",-1.16409449749521,-1.12243938943148
283484503,"YCR002C","CDC10","cdc10-1","TSA78-37C","Vph1_TS1_37C_Plate02",12,5,1073,14,"S/G2 phase",-0.986248200139463,-0.0757610609962979
283484513,"YCR002C","CDC10","cdc10-1","TSA78-37C","Vph1_TS1_37C_Plate02",12,5,1073,27,"MA-single",-1.66343217853251,-1.69544166586996
283484539,"YCR002C","CDC10","cdc10-1","TSA78-37C","Vph1_TS1_37C_Plate02",12,5,1073,54,"S/G2 phase",0.963220828567789,0.836539015149361
283484710,"YCR002C","CDC10","cdc10-1","TSA78-37C","Vph1_TS1_37C_Plate02",12,5,1073,230,"S/G2 phase",-0.681857421972892,0.194380035119363
283485051,"YCR002C","CDC10","cdc10-1","TSA78-37C","Vph1_TS1_37C_Plate02",12,5,1074,100,"MA-single",-1.38982249029289,-1.31344014824431
283485059,"YCR002C","CDC10","cdc10-1","TSA78-37C","Vph1_TS1_37C_Plate02",12,5,1074,108,"MA phase",0.306557576792715,0.258435611997072
283485371,"YCR002C","CDC10","cdc10-1","TSA78-37C","Vph1_TS1_37C_Plate02",12,5,1074,436,"S/G2 phase",-1.63265108860555,-1.35614386616278
283485475,"YCR002C","CDC10","cdc10-1","TSA78-37C","Vph1_TS1_37C_Plate02",12,5,1075,69,"T phase",0.539125811796387,1.5111994596702
283485521,"YCR002C","CDC10","cdc10-1","TSA78-37C","Vph1_TS1_37C_Plate02",12,5,1075,116,"S/G2 phase",-0.374046522703326,0.0523500927591194
283485572,"YCR002C","CDC10","cdc10-1","TSA78-37C","Vph1_TS1_37C_Plate02",12,5,1075,172,"MA phase",-0.72631899631183,-0.491648634649406
283485689,"YCR002C","CDC10","cdc10-1","TSA78-37C","Vph1_TS1_37C_Plate02",12,5,1075,296,"T phase",-0.271442889613471,0.160493979091907
283485825,"YCR002C","CDC10","cdc10-1","TSA78-37C","Vph1_TS1_37C_Plate02",12,5,1075,435,"S/G2 phase",0.169752732672907,0.426918540030363
283485857,"YCR002C","CDC10","cdc10-1","TSA78-37C","Vph1_TS1_37C_Plate02",12,5,1076,5,"MA-single",-1.8104973859613,-1.94168033966948
283486049,"YCR002C","CDC10","cdc10-1","TSA78-37C","Vph1_TS1_37C_Plate02",12,5,1076,206,"S/G2 phase",0.463883147530493,0.778750536805762
283486801,"YDR180W","SCC2","scc2-4","TSA66-37C","Vph1_TS1_37C_Plate02",12,6,1077,524,"S/G2 phase",-0.736579359620815,-0.436410719662714
283486987,"YDR180W","SCC2","scc2-4","TSA66-37C","Vph1_TS1_37C_Plate02",12,6,1078,124,"MA-single",-1.68053278404748,-1.80220096066614
283487411,"YDR180W","SCC2","scc2-4","TSA66-37C","Vph1_TS1_37C_Plate02",12,6,1078,561,"MA-single",-1.49926636558874,-1.45547009060455
283487500,"YDR180W","SCC2","scc2-4","TSA66-37C","Vph1_TS1_37C_Plate02",12,6,1079,64,"MA-single",-1.75577544831338,-1.9504980015605
283487595,"YDR180W","SCC2","scc2-4","TSA66-37C","Vph1_TS1_37C_Plate02",12,6,1079,163,"S/G2 phase",-0.828922629401685,-0.530635817390674
283487766,"YDR180W","SCC2","scc2-4","TSA66-37C","Vph1_TS1_37C_Plate02",12,6,1079,338,"MA phase",-0.0696557445367552,0.717026903568652
283488255,"YDR180W","SCC2","scc2-4","TSA66-37C","Vph1_TS1_37C_Plate02",12,6,1080,216,"S/G2 phase",0.186853338187883,0.512325975867307
283488523,"YDR180W","SCC2","scc2-4","TSA66-37C","Vph1_TS1_37C_Plate02",12,6,1080,489,"S/G2 phase",-0.685277543075888,-0.215240439999635
283488524,"YDR180W","SCC2","scc2-4","TSA66-37C","Vph1_TS1_37C_Plate02",12,6,1080,490,"MA-single",-0.979407957933473,-0.994328235676065
283489581,"YOR260W","GCD1","gcd1-5001","TSA1200-37C","Vph1_TS1_37C_Plate02",7,17,642,37,"MA-single",-1.54030781882468,-1.76576434128178
283490600,"YFR036W","CDC26","cdc26-1","TSA88-37C","Vph1_TS1_37C_Plate02",7,21,658,65,"S/G2 phase",-1.0341298955814,-0.8975525745912
283491017,"YFR036W","CDC26","cdc26-1","TSA88-37C","Vph1_TS1_37C_Plate02",7,21,658,503,"S/G2 phase",-0.298803858437432,-0.13099897598299
283497517,"YML049C","RSE1","rse1-1","TSA982-37C","Vph1_TS1_37C_Plate02",8,2,677,25,"S/G2 phase",1.14448724702653,1.26241022251378
283497531,"YML049C","RSE1","rse1-1","TSA982-37C","Vph1_TS1_37C_Plate02",8,2,677,39,"S/G2 phase",-0.298803858437432,0.336409977479607
283497541,"YML049C","RSE1","rse1-1","TSA982-37C","Vph1_TS1_37C_Plate02",8,2,677,49,"S/G2 phase",0.149232006054936,-0.0293408079006206
283497691,"YML049C","RSE1","rse1-1","TSA982-37C","Vph1_TS1_37C_Plate02",8,2,677,201,"MA-single",-0.661336695354921,-0.196439144397305
283497740,"YML049C","RSE1","rse1-1","TSA982-37C","Vph1_TS1_37C_Plate02",8,2,677,250,"S/G2 phase",1.54806153717996,1.6267764163574
283497871,"YML049C","RSE1","rse1-1","TSA982-37C","Vph1_TS1_37C_Plate02",8,2,678,21,"T phase",2.0884406714532,2.57179657671021
283497902,"YML049C","RSE1","rse1-1","TSA982-37C","Vph1_TS1_37C_Plate02",8,2,678,53,"T phase",-0.16541913542062,-0.235426327138572
283497999,"YML049C","RSE1","rse1-1","TSA982-37C","Vph1_TS1_37C_Plate02",8,2,678,152,"MA-single",-1.30431946271801,-1.44038533017943
283498197,"YML049C","RSE1","rse1-1","TSA982-37C","Vph1_TS1_37C_Plate02",8,2,678,353,"T phase",1.60278347482789,1.88321734358454
283498230,"YML049C","RSE1","rse1-1","TSA982-37C","Vph1_TS1_37C_Plate02",8,2,679,29,"S/G2 phase",-0.0901764711547263,-0.208973341465525
283498259,"YML049C","RSE1","rse1-1","TSA982-37C","Vph1_TS1_37C_Plate02",8,2,679,59,"T phase",2.91610997837804,2.69364063193152
283498317,"YML049C","RSE1","rse1-1","TSA982-37C","Vph1_TS1_37C_Plate02",8,2,679,118,"T phase",4.94766191355717,3.35460090756384
283498447,"YML049C","RSE1","rse1-1","TSA982-37C","Vph1_TS1_37C_Plate02",8,2,679,250,"S/G2 phase",2.8716484040391,2.32045677619689
283498462,"YML049C","RSE1","rse1-1","TSA982-37C","Vph1_TS1_37C_Plate02",8,2,679,265,"S/G2 phase",1.47281887291407,1.81661120334993
283498468,"YML049C","RSE1","rse1-1","TSA982-37C","Vph1_TS1_37C_Plate02",8,2,679,271,"T phase",1.53438105276798,2.05403221525843
283498479,"YML049C","RSE1","rse1-1","TSA982-37C","Vph1_TS1_37C_Plate02",8,2,679,282,"T phase",2.80666610308219,2.20232925615278
283498487,"YML049C","RSE1","rse1-1","TSA982-37C","Vph1_TS1_37C_Plate02",8,2,679,290,"S/G2 phase",0.576747143929334,0.254719076819866
283498492,"YML049C","RSE1","rse1-1","TSA982-37C","Vph1_TS1_37C_Plate02",8,2,679,295,"S/G2 phase",1.73958831894769,1.4471438827925
283498509,"YML049C","RSE1","rse1-1","TSA982-37C","Vph1_TS1_37C_Plate02",8,2,679,312,"S/G2 phase",1.60278347482789,1.01362098535736
283498522,"YML049C","RSE1","rse1-1","TSA982-37C","Vph1_TS1_37C_Plate02",8,2,680,12,"MA-single",-1.03755001668439,-1.01939662981251
283498554,"YML049C","RSE1","rse1-1","TSA982-37C","Vph1_TS1_37C_Plate02",8,2,680,44,"S/G2 phase",1.47281887291407,1.25497715215937
283498702,"YML049C","RSE1","rse1-1","TSA982-37C","Vph1_TS1_37C_Plate02",8,2,680,194,"S/G2 phase",-0.100436834463712,0.0272816986226782
283498791,"YML049C","RSE1","rse1-1","TSA982-37C","Vph1_TS1_37C_Plate02",8,2,680,286,"S/G2 phase",0.809315378933006,1.24615949026836
283498806,"YML049C","RSE1","rse1-1","TSA982-37C","Vph1_TS1_37C_Plate02",8,2,680,303,"MA-single",-0.209880709759558,-0.454046043444745
283498808,"YML049C","RSE1","rse1-1","TSA982-37C","Vph1_TS1_37C_Plate02",8,2,680,305,"S/G2 phase",1.79773037769861,1.03125630913939
283498981,"YER116C","SLX8","slx8-supp1","DMA1413-37C","Vph1_TS1_37C_Plate02",8,3,682,16,"S/G2 phase",-0.360366038291346,0.0813536417890724
283509002,"YDR182W","CDC1","cdc1-1","TSA31-37C","Vph1_TS1_37C_Plate02",15,5,1364,2,"T phase",-0.278283131819461,0.866708535999613
283510977,"YJR072C","NPA3","npa3-5001","TSA1224-37C","Vph1_TS1_37C_Plate02",15,8,1373,16,"MA phase",0.197113701496869,0.795001269051188
283513543,"YDR478W","SNM1","snm1-5001","TSA1184-37C","Vph1_TS1_37C_Plate02",15,13,1393,14,"S/G2 phase",1.37705548203021,1.20717230752709
283513562,"YDR478W","SNM1","snm1-5001","TSA1184-37C","Vph1_TS1_37C_Plate02",15,13,1393,34,"MA-single",-0.148318529905644,-0.257944157918108
283513579,"YDR478W","SNM1","snm1-5001","TSA1184-37C","Vph1_TS1_37C_Plate02",15,13,1393,52,"S/G2 phase",0.864037316580929,0.448270398989599
283513587,"YDR478W","SNM1","snm1-5001","TSA1184-37C","Vph1_TS1_37C_Plate02",15,13,1393,60,"S/G2 phase",3.41202753831234,2.66347111108127
283513604,"YDR478W","SNM1","snm1-5001","TSA1184-37C","Vph1_TS1_37C_Plate02",15,13,1393,77,"G1 phase",-0.945206746903521,-0.933989193975562
283513611,"YDR478W","SNM1","snm1-5001","TSA1184-37C","Vph1_TS1_37C_Plate02",15,13,1393,85,"S/G2 phase",2.74510392322828,3.2691934717269
283513649,"YDR478W","SNM1","snm1-5001","TSA1184-37C","Vph1_TS1_37C_Plate02",15,13,1393,125,"S/G2 phase",1.98583703836335,1.53765244534325
283513685,"YDR478W","SNM1","snm1-5001","TSA1184-37C","Vph1_TS1_37C_Plate02",15,13,1393,161,"G1 phase",-0.141478287699654,-0.330817396686832
283513714,"YDR478W","SNM1","snm1-5001","TSA1184-37C","Vph1_TS1_37C_Plate02",15,13,1393,192,"S/G2 phase",2.35863023858982,2.37569469118358
283513720,"YDR478W","SNM1","snm1-5001","TSA1184-37C","Vph1_TS1_37C_Plate02",15,13,1393,198,"G1 phase",1.42151705636914,0.658072453404755
283513732,"YDR478W","SNM1","snm1-5001","TSA1184-37C","Vph1_TS1_37C_Plate02",15,13,1393,210,"S/G2 phase",2.7998258608762,1.89320097729586
283513757,"YDR478W","SNM1","snm1-5001","TSA1184-37C","Vph1_TS1_37C_Plate02",15,13,1393,235,"S/G2 phase",0.97690131297977,0.555029693785779
283513773,"YDR478W","SNM1","snm1-5001","TSA1184-37C","Vph1_TS1_37C_Plate02",15,13,1394,4,"G1 phase",-0.44928918696922,-0.403690635455557
283513780,"YDR478W","SNM1","snm1-5001","TSA1184-37C","Vph1_TS1_37C_Plate02",15,13,1394,11,"MA-single",-0.883644567049608,-0.846031194781712
283513793,"YDR478W","SNM1","snm1-5001","TSA1184-37C","Vph1_TS1_37C_Plate02",15,13,1394,25,"T phase",1.47965911512006,1.46594517839483
283513804,"YDR478W","SNM1","snm1-5001","TSA1184-37C","Vph1_TS1_37C_Plate02",15,13,1394,36,"G1 phase",1.54122129497397,0.93193008469762
283513814,"YDR478W","SNM1","snm1-5001","TSA1184-37C","Vph1_TS1_37C_Plate02",15,13,1394,46,"G1 phase",0.675930655916194,0.130324458241654
283513838,"YDR478W","SNM1","snm1-5001","TSA1184-37C","Vph1_TS1_37C_Plate02",15,13,1394,70,"S/G2 phase",0.532285569590396,0.365194906793252
283513887,"YDR478W","SNM1","snm1-5001","TSA1184-37C","Vph1_TS1_37C_Plate02",15,13,1394,122,"G1 phase",-0.06623562343376,-0.288113678768359
283513897,"YDR478W","SNM1","snm1-5001","TSA1184-37C","Vph1_TS1_37C_Plate02",15,13,1394,132,"S/G2 phase",0.576747143929334,0.518593074401417
283513902,"YDR478W","SNM1","snm1-5001","TSA1184-37C","Vph1_TS1_37C_Plate02",15,13,1394,138,"G1 phase",-0.579253788883037,-0.852298293315822
283513911,"YDR478W","SNM1","snm1-5001","TSA1184-37C","Vph1_TS1_37C_Plate02",15,13,1394,148,"G1 phase",0.108190552818994,-0.100829455132738
283513966,"YDR478W","SNM1","snm1-5001","TSA1184-37C","Vph1_TS1_37C_Plate02",15,13,1395,16,"T phase",4.16787430207427,3.18866854288746
283513988,"YDR478W","SNM1","snm1-5001","TSA1184-37C","Vph1_TS1_37C_Plate02",15,13,1395,41,"G1 phase",0.0158472830381243,0.107588007745812
283514050,"YDR478W","SNM1","snm1-5001","TSA1184-37C","Vph1_TS1_37C_Plate02",15,13,1395,105,"MA phase",2.53647653594557,2.5666954499964
283514085,"YDR478W","SNM1","snm1-5001","TSA1184-37C","Vph1_TS1_37C_Plate02",15,13,1395,140,"G1 phase",0.99058179739175,0.588915749813235
283514117,"YDR478W","SNM1","snm1-5001","TSA1184-37C","Vph1_TS1_37C_Plate02",15,13,1395,172,"MA-single",0.840096468859963,0.522309609578622
283514134,"YDR478W","SNM1","snm1-5001","TSA1184-37C","Vph1_TS1_37C_Plate02",15,13,1395,189,"T phase",5.20075087517882,3.46762730089413
283514146,"YDR478W","SNM1","snm1-5001","TSA1184-37C","Vph1_TS1_37C_Plate02",15,13,1395,201,"S/G2 phase",1.90375413189146,1.16818512478582
283514176,"YDR478W","SNM1","snm1-5001","TSA1184-37C","Vph1_TS1_37C_Plate02",15,13,1395,232,"G1 phase",0.604108112753295,0.160493979091907
283514187,"YDR478W","SNM1","snm1-5001","TSA1184-37C","Vph1_TS1_37C_Plate02",15,13,1395,243,"S/G2 phase",1.85245231534654,1.29257974336403
283514214,"YDR478W","SNM1","snm1-5001","TSA1184-37C","Vph1_TS1_37C_Plate02",15,13,1396,14,"G1 phase",-1.58818951426661,-1.81728572109127
283514233,"YDR478W","SNM1","snm1-5001","TSA1184-37C","Vph1_TS1_37C_Plate02",15,13,1396,34,"S/G2 phase",0.429681936500541,0.600283975061157
283514247,"YDR478W","SNM1","snm1-5001","TSA1184-37C","Vph1_TS1_37C_Plate02",15,13,1396,51,"S/G2 phase",0.241575275835806,0.0876207403231825
283514275,"YDR478W","SNM1","snm1-5001","TSA1184-37C","Vph1_TS1_37C_Plate02",15,13,1396,79,"G1 phase",0.457042905324502,-0.011705484118589
283514282,"YDR478W","SNM1","snm1-5001","TSA1184-37C","Vph1_TS1_37C_Plate02",15,13,1396,87,"G1 phase",-0.0628155023307648,-0.397423536921446
283514303,"YDR478W","SNM1","snm1-5001","TSA1184-37C","Vph1_TS1_37C_Plate02",15,13,1396,108,"S/G2 phase",0.99058179739175,0.997370253111934
283514405,"YDR478W","SNM1","snm1-5001","TSA1184-37C","Vph1_TS1_37C_Plate02",15,13,1396,217,"T phase",2.232085757779,2.07793463757457
283514417,"YDR478W","SNM1","snm1-5001","TSA1184-37C","Vph1_TS1_37C_Plate02",15,13,1396,230,"G1 phase",0.00558691972913876,-0.345902157111958
283515955,"YPR034W","ARP7","arp7-e411k","TSA930-37C","Vph1_TS1_37C_Plate02",15,15,1403,334,"G1 phase",-1.68395290515048,-1.84745524194152
283516463,"YPR034W","ARP7","arp7-e411k","TSA930-37C","Vph1_TS1_37C_Plate02",15,15,1404,346,"T phase",0.457042905324502,0.645538256336536
283516760,"YKL024C","URA6","ura6-6","TSA1034-37C","Vph1_TS1_37C_Plate02",15,16,1407,31,"T phase",0.0397881307590906,0.276070935779103
283516764,"YKL024C","URA6","ura6-6","TSA1034-37C","Vph1_TS1_37C_Plate02",15,16,1407,35,"T phase",-0.750259844032796,-0.534352352567879
283516884,"YLR212C","TUB4","tub4-d","TSA718-37C","Vph1_TS1_37C_Plate02",13,17,1217,15,"T phase",0.682770898122184,0.636720594445519
283516890,"YLR212C","TUB4","tub4-d","TSA718-37C","Vph1_TS1_37C_Plate02",13,17,1217,21,"S/G2 phase",-0.562153183368061,-0.154901398299132
283517186,"YLR212C","TUB4","tub4-d","TSA718-37C","Vph1_TS1_37C_Plate02",13,17,1218,115,"S/G2 phase",0.703291624740155,0.421817413316551
283517726,"YER093C","TSC11","tsc11-7","TSA659-37C","Vph1_TS1_37C_Plate02",13,18,1221,38,"T phase",0.761433683491073,0.718411495105258
283517894,"YER093C","TSC11","tsc11-7","TSA659-37C","Vph1_TS1_37C_Plate02",13,18,1224,34,"S/G2 phase",0.624628839371266,0.512325975867308
283518243,"YGR116W","SPT6","spt6-14","TSA834-37C","Vph1_TS1_37C_Plate02",13,19,1227,79,"S/G2 phase",-0.606614757706998,-0.264211256452218
283530434,"YDR311W","TFB1","tfb1-6","TSA715-37C","Vph1_TS1_37C_Plate02",14,4,1262,24,"T phase",0.78537453121204,0.979734929329903
283530555,"YDR311W","TFB1","tfb1-6","TSA715-37C","Vph1_TS1_37C_Plate02",14,4,1263,53,"S/G2 phase",0.156072248260927,0.0725359798980576
283530660,"YDR311W","TFB1","tfb1-6","TSA715-37C","Vph1_TS1_37C_Plate02",14,4,1264,38,"S/G2 phase",-0.729739117414825,-0.524368718856564
283531529,"YHR118C","ORC6","orc6-5001","TSA1136-37C","Vph1_TS1_37C_Plate02",14,6,1270,163,"S/G2 phase",-0.603194636604003,-0.306914974370691
283531705,"YHR118C","ORC6","orc6-5001","TSA1136-37C","Vph1_TS1_37C_Plate02",14,6,1271,7,"S/G2 phase",0.0945100684070134,0.111523162639324
283544581,"YDL143W","CCT4","cct4-1","TSA729-37C","Vph1_TS1_37C_Plate02",6,2,487,17,"S/G2 phase",4.52014677568278,4.76681140166295
283545038,"YKR092C","SRP40","","DMA3002-37C","Vph1_TS1_37C_Plate02",6,3,489,189,"S/G2 phase",-0.897325051461589,-0.813311110574555
283545198,"YKR092C","SRP40","","DMA3002-37C","Vph1_TS1_37C_Plate02",6,3,490,27,"S/G2 phase",0.802475136727016,1.23107472984323
283545426,"YKR092C","SRP40","","DMA3002-37C","Vph1_TS1_37C_Plate02",6,3,490,263,"S/G2 phase",0.87771780099291,1.18071932185404
283547023,"YKR002W","PAP1","pap1-1","TSA194-37C","Vph1_TS1_37C_Plate02",6,4,495,138,"T phase",0.645149565989237,0.537394370003747
283547379,"YKR002W","PAP1","pap1-1","TSA194-37C","Vph1_TS1_37C_Plate02",6,4,496,33,"S/G2 phase",-0.315904463952408,-0.167435595367352
283547907,"YEL034W","HYP2","hyp2-1159-supp1","TSA749-37C","Vph1_TS1_37C_Plate02",6,5,497,97,"S/G2 phase",-0.374046522703326,0.0133629100178522
283548119,"YEL034W","HYP2","hyp2-1159-supp1","TSA749-37C","Vph1_TS1_37C_Plate02",6,5,497,312,"MA-single",-1.52320721330971,-1.67780634208793
283548353,"YEL034W","HYP2","hyp2-1159-supp1","TSA749-37C","Vph1_TS1_37C_Plate02",6,5,498,168,"S/G2 phase",-0.0115136857858371,0.552479130428873
283550320,"YDR460W","TFB3","tfb3-ts","TSA951-37C","Vph1_TS1_37C_Plate02",6,7,505,5,"G1 phase",-0.0867563500517311,-0.333367960043738
283550348,"YDR460W","TFB3","tfb3-ts","TSA951-37C","Vph1_TS1_37C_Plate02",6,7,505,36,"G1 phase",-0.452709308072215,-0.603509056159398
283550353,"YDR460W","TFB3","tfb3-ts","TSA951-37C","Vph1_TS1_37C_Plate02",6,7,505,41,"G1 phase",-0.480070276896177,-0.672665759750917
283550368,"YDR460W","TFB3","tfb3-ts","TSA951-37C","Vph1_TS1_37C_Plate02",6,7,505,57,"S/G2 phase",4.32177975170906,4.00419295794825
283550386,"YDR460W","TFB3","tfb3-ts","TSA951-37C","Vph1_TS1_37C_Plate02",6,7,505,76,"G1 phase",-0.408247733733278,-0.560805338240926
283550422,"YDR460W","TFB3","tfb3-ts","TSA951-37C","Vph1_TS1_37C_Plate02",6,7,505,116,"S/G2 phase",1.99267728056934,1.57153850137071
283550771,"YDR460W","TFB3","tfb3-ts","TSA951-37C","Vph1_TS1_37C_Plate02",6,7,507,95,"S/G2 phase",1.43519754078112,1.25869368733658
283550826,"YDR460W","TFB3","tfb3-ts","TSA951-37C","Vph1_TS1_37C_Plate02",6,7,507,153,"G1 phase",-0.54847269895608,-0.676382294928122
283550892,"YDR460W","TFB3","tfb3-ts","TSA951-37C","Vph1_TS1_37C_Plate02",6,7,508,48,"T phase",2.71432283330132,2.42094897245895
283550953,"YDR460W","TFB3","tfb3-ts","TSA951-37C","Vph1_TS1_37C_Plate02",6,7,508,114,"S/G2 phase",0.761433683491073,0.94329830994554
283555568,"YPL124W","SPC29","spc29-3","TSA707-37C","Vph1_TS1_37C_Plate02",14,10,1285,194,"S/G2 phase",1.26761160673436,1.03125630913939
283555749,"YPL124W","SPC29","spc29-3","TSA707-37C","Vph1_TS1_37C_Plate02",14,10,1285,379,"T phase",2.18420406233707,1.94100582192814
283555752,"YPL124W","SPC29","spc29-3","TSA707-37C","Vph1_TS1_37C_Plate02",14,10,1285,382,"S/G2 phase",0.13213140053996,-0.230325200424761
283555819,"YPL124W","SPC29","spc29-3","TSA707-37C","Vph1_TS1_37C_Plate02",14,10,1286,55,"S/G2 phase",0.566486780620348,0.776199973448857
283556029,"YPL124W","SPC29","spc29-3","TSA707-37C","Vph1_TS1_37C_Plate02",14,10,1286,281,"S/G2 phase",0.477563631942473,0.903145155383974
283556033,"YPL124W","SPC29","spc29-3","TSA707-37C","Vph1_TS1_37C_Plate02",14,10,1286,285,"G1 phase",-0.45612942917521,-0.670115196394012
283556096,"YPL124W","SPC29","spc29-3","TSA707-37C","Vph1_TS1_37C_Plate02",14,10,1287,42,"S/G2 phase",1.71564747122673,1.75117103493561
283556419,"YPL124W","SPC29","spc29-3","TSA707-37C","Vph1_TS1_37C_Plate02",14,10,1287,385,"S/G2 phase",1.82851146762557,2.05148165190152
283556441,"YPL124W","SPC29","spc29-3","TSA707-37C","Vph1_TS1_37C_Plate02",14,10,1288,17,"MA phase",0.494664237457449,0.764831748200936
283556444,"YPL124W","SPC29","spc29-3","TSA707-37C","Vph1_TS1_37C_Plate02",14,10,1288,21,"S/G2 phase",3.32652451073746,2.60568263273767
283556447,"YPL124W","SPC29","spc29-3","TSA707-37C","Vph1_TS1_37C_Plate02",14,10,1288,24,"T phase",1.94137546402441,1.66576359909867
283556477,"YPL124W","SPC29","spc29-3","TSA707-37C","Vph1_TS1_37C_Plate02",14,10,1288,55,"S/G2 phase",0.60752823385629,0.533677834826543
283556707,"YPL124W","SPC29","spc29-3","TSA707-37C","Vph1_TS1_37C_Plate02",14,10,1288,295,"S/G2 phase",1.86613279975852,2.53280939396895
283556819,"YLR249W","YEF3","yef3-f650s","TSA584-37C","Vph1_TS1_37C_Plate02",14,11,1289,27,"S/G2 phase",2.15000285130712,1.82797942859784
283556824,"YLR249W","YEF3","yef3-f650s","TSA584-37C","Vph1_TS1_37C_Plate02",14,11,1289,32,"S/G2 phase",0.115030795024985,-0.0381584697916358
283556847,"YLR249W","YEF3","yef3-f650s","TSA584-37C","Vph1_TS1_37C_Plate02",14,11,1289,55,"S/G2 phase",2.16710345682209,1.52373365673842
283556859,"YLR249W","YEF3","yef3-f650s","TSA584-37C","Vph1_TS1_37C_Plate02",14,11,1289,71,"S/G2 phase",1.22657015349842,1.00618791500295
283556873,"YLR249W","YEF3","yef3-f650s","TSA584-37C","Vph1_TS1_37C_Plate02",14,11,1289,87,"S/G2 phase",3.60013419897707,3.41865648444155
283556893,"YLR249W","YEF3","yef3-f650s","TSA584-37C","Vph1_TS1_37C_Plate02",14,11,1289,107,"G1 phase",-1.69079314735647,-1.94168033966948
283556964,"YLR249W","YEF3","yef3-f650s","TSA584-37C","Vph1_TS1_37C_Plate02",14,11,1289,185,"S/G2 phase",1.15816773143851,1.37172008066687
283556973,"YLR249W","YEF3","yef3-f650s","TSA584-37C","Vph1_TS1_37C_Plate02",14,11,1289,195,"T phase",1.44545790409011,1.55900430430249
283556981,"YLR249W","YEF3","yef3-f650s","TSA584-37C","Vph1_TS1_37C_Plate02",14,11,1289,203,"S/G2 phase",1.25735124342537,1.17190165996303
283556993,"YLR249W","YEF3","yef3-f650s","TSA584-37C","Vph1_TS1_37C_Plate02",14,11,1289,216,"S/G2 phase",-0.131217924390668,-0.0481421035029511
283557079,"YLR249W","YEF3","yef3-f650s","TSA584-37C","Vph1_TS1_37C_Plate02",14,11,1289,308,"S/G2 phase",2.14316260910113,2.73889491320689
283557088,"YLR249W","YEF3","yef3-f650s","TSA584-37C","Vph1_TS1_37C_Plate02",14,11,1289,318,"T phase",2.8716484040391,2.33554153662201
283557107,"YLR249W","YEF3","yef3-f650s","TSA584-37C","Vph1_TS1_37C_Plate02",14,11,1289,339,"S/G2 phase",0.504924600766435,0.127773894884749
283557119,"YLR249W","YEF3","yef3-f650s","TSA584-37C","Vph1_TS1_37C_Plate02",14,11,1289,352,"S/G2 phase",0.563066659517353,0.355211273081937
283557126,"YLR249W","YEF3","yef3-f650s","TSA584-37C","Vph1_TS1_37C_Plate02",14,11,1289,360,"G1 phase",-1.39324261139589,-1.58984834289408
283557225,"YLR249W","YEF3","yef3-f650s","TSA584-37C","Vph1_TS1_37C_Plate02",14,11,1290,29,"G1 phase",-0.705798269693859,-0.73417077327172
283557400,"YLR249W","YEF3","yef3-f650s","TSA584-37C","Vph1_TS1_37C_Plate02",14,11,1290,240,"S/G2 phase",3.27180257308954,2.83056944757795
283557432,"YLR249W","YEF3","yef3-f650s","TSA584-37C","Vph1_TS1_37C_Plate02",14,11,1290,277,"S/G2 phase",0.40232096767658,1.00618791500295
283557447,"YLR249W","YEF3","yef3-f650s","TSA584-37C","Vph1_TS1_37C_Plate02",14,11,1290,292,"S/G2 phase",1.23341039570441,1.6808483595238
283557455,"YLR249W","YEF3","yef3-f650s","TSA584-37C","Vph1_TS1_37C_Plate02",14,11,1290,301,"S/G2 phase",0.244995396938801,0.645538256336536
283557460,"YLR249W","YEF3","yef3-f650s","TSA584-37C","Vph1_TS1_37C_Plate02",14,11,1290,306,"MA phase",2.96057155271697,2.40469824021352
283557519,"YLR249W","YEF3","yef3-f650s","TSA584-37C","Vph1_TS1_37C_Plate02",14,11,1290,371,"S/G2 phase",2.14316260910113,2.13827367927507
283557562,"YLR249W","YEF3","yef3-f650s","TSA584-37C","Vph1_TS1_37C_Plate02",14,11,1291,19,"T phase",3.39150681169437,2.72381015278177
283557584,"YLR249W","YEF3","yef3-f650s","TSA584-37C","Vph1_TS1_37C_Plate02",14,11,1291,43,"S/G2 phase",2.48175459829765,1.88809985058205
283557605,"YLR249W","YEF3","yef3-f650s","TSA584-37C","Vph1_TS1_37C_Plate02",14,11,1291,67,"S/G2 phase",1.8763931630675,2.43348316952718
283557657,"YLR249W","YEF3","yef3-f650s","TSA584-37C","Vph1_TS1_37C_Plate02",14,11,1291,122,"S/G2 phase",1.07608482496663,0.992269126398123
283557677,"YLR249W","YEF3","yef3-f650s","TSA584-37C","Vph1_TS1_37C_Plate02",14,11,1291,143,"S/G2 phase",1.98241691726035,1.86929855497971
283557680,"YLR249W","YEF3","yef3-f650s","TSA584-37C","Vph1_TS1_37C_Plate02",14,11,1291,146,"S/G2 phase",1.22657015349842,0.816353128010423
283557745,"YLR249W","YEF3","yef3-f650s","TSA584-37C","Vph1_TS1_37C_Plate02",14,11,1291,219,"S/G2 phase",1.47623899401707,1.49356413588817
283557791,"YLR249W","YEF3","yef3-f650s","TSA584-37C","Vph1_TS1_37C_Plate02",14,11,1291,270,"S/G2 phase",-0.0115136857858371,0.728395128816573
283557838,"YLR249W","YEF3","yef3-f650s","TSA584-37C","Vph1_TS1_37C_Plate02",14,11,1291,321,"MA phase",2.48175459829765,2.19096103090486
283557853,"YLR249W","YEF3","yef3-f650s","TSA584-37C","Vph1_TS1_37C_Plate02",14,11,1291,338,"T phase",4.04817006346944,3.69878121426853
283557882,"YLR249W","YEF3","yef3-f650s","TSA584-37C","Vph1_TS1_37C_Plate02",14,11,1291,375,"S/G2 phase",0.138971642745951,-0.169986158724258
283557907,"YLR249W","YEF3","yef3-f650s","TSA584-37C","Vph1_TS1_37C_Plate02",14,11,1291,402,"G1 phase",1.46597863070808,0.795001269051189
283557932,"YLR249W","YEF3","yef3-f650s","TSA584-37C","Vph1_TS1_37C_Plate02",14,11,1292,32,"G1 phase",1.34627439210325,0.597733411704252
283557955,"YLR249W","YEF3","yef3-f650s","TSA584-37C","Vph1_TS1_37C_Plate02",14,11,1292,57,"T phase",3.88400425052567,2.74771257509791
283558006,"YLR249W","YEF3","yef3-f650s","TSA584-37C","Vph1_TS1_37C_Plate02",14,11,1292,112,"S/G2 phase",3.18629954551466,3.11069417740493
283558049,"YLR249W","YEF3","yef3-f650s","TSA584-37C","Vph1_TS1_37C_Plate02",14,11,1292,161,"S/G2 phase",1.14448724702653,0.879242733067832
283558092,"YLR249W","YEF3","yef3-f650s","TSA584-37C","Vph1_TS1_37C_Plate02",14,11,1292,204,"S/G2 phase",-0.346685553879365,-0.13099897598299
283558131,"YLR249W","YEF3","yef3-f650s","TSA584-37C","Vph1_TS1_37C_Plate02",14,11,1292,248,"S/G2 phase",2.49543508270963,1.34410112317352
283558891,"YFL034C-B","MOB2","mob2-28","TSA936-37C","Vph1_TS1_37C_Plate02",14,13,1298,136,"MA phase",-0.551892820059075,-0.178803820615273
283559242,"YFL034C-B","MOB2","mob2-28","TSA936-37C","Vph1_TS1_37C_Plate02",14,13,1300,153,"T phase",1.3086530599703,1.22852416648632
283562148,"YHR129C","ARP1","","DMA2165-37C","Vph1_TS1_37C_Plate02",14,15,1308,156,"MA-single",-1.77629617493135,-1.94168033966948
283562262,"YJL174W","KRE9","kre9-5001","TSA1267-37C","Vph1_TS1_37C_Plate02",14,16,1309,65,"S/G2 phase",-0.411667854836273,-0.191338017683494
283562331,"YJL174W","KRE9","kre9-5001","TSA1267-37C","Vph1_TS1_37C_Plate02",14,16,1310,7,"S/G2 phase",-0.719478754105839,-0.496749761363217
283562334,"YJL174W","KRE9","kre9-5001","TSA1267-37C","Vph1_TS1_37C_Plate02",14,16,1310,10,"S/G2 phase",3.35388547956142,3.36086800609795
283562381,"YJL174W","KRE9","kre9-5001","TSA1267-37C","Vph1_TS1_37C_Plate02",14,16,1310,60,"S/G2 phase",-0.637395847633955,-0.337084495220943
283562399,"YJL174W","KRE9","kre9-5001","TSA1267-37C","Vph1_TS1_37C_Plate02",14,16,1310,80,"S/G2 phase",0.32365818230769,0.627902932554504
283562401,"YJL174W","KRE9","kre9-5001","TSA1267-37C","Vph1_TS1_37C_Plate02",14,16,1310,82,"MA-single",-1.50268648669174,-1.70170876440407
283562416,"YJL174W","KRE9","kre9-5001","TSA1267-37C","Vph1_TS1_37C_Plate02",14,16,1310,98,"S/G2 phase",0.713551988049141,0.761115213023732
283562419,"YJL174W","KRE9","kre9-5001","TSA1267-37C","Vph1_TS1_37C_Plate02",14,16,1310,101,"S/G2 phase",0.207374064805854,0.245901414928852
283562573,"YJL174W","KRE9","kre9-5001","TSA1267-37C","Vph1_TS1_37C_Plate02",14,16,1311,123,"T phase",5.05710578885302,3.41238938590744
283562607,"YJL174W","KRE9","kre9-5001","TSA1267-37C","Vph1_TS1_37C_Plate02",14,16,1312,1,"MA-single",-1.50610660779473,-1.72306062336331
283562691,"YJL174W","KRE9","kre9-5001","TSA1267-37C","Vph1_TS1_37C_Plate02",14,16,1312,91,"S/G2 phase",0.327078303410686,0.323875780411387
283577551,"YML065W","ORC1","orc1-5001","TSA1170-37C","Vph1_TS1_37C_Plate02",3,6,216,2,"T phase",2.61171920021147,2.2752024949215
283577557,"YML065W","ORC1","orc1-5001","TSA1170-37C","Vph1_TS1_37C_Plate02",3,6,216,9,"T phase",4.27389805626712,3.39985518883922
283581811,"YLR045C","STU2","stu2-11","TSA545-37C","Vph1_TS1_37C_Plate02",3,11,233,197,"S/G2 phase",2.35863023858982,2.57551311188742
283582436,"YLR045C","STU2","stu2-11","TSA545-37C","Vph1_TS1_37C_Plate02",3,11,234,399,"S/G2 phase",2.56041738366654,1.76880635871764
283583090,"YLR045C","STU2","stu2-11","TSA545-37C","Vph1_TS1_37C_Plate02",3,11,236,67,"S/G2 phase",-0.397987370424292,-0.0242396811868098
283591124,"YFL001W","DEG1","","DMA5289-37C","Vph1_TS1_37C_Plate02",13,6,1173,25,"S/G2 phase",0.289456971277739,0.722128030282463
283592047,"YDL064W","UBC9","ubc9-2","TSA370-37C","Vph1_TS1_37C_Plate02",13,7,1178,256,"S/G2 phase",-0.0354545335068034,0.391647892466299
283592372,"YDL064W","UBC9","ubc9-2","TSA370-37C","Vph1_TS1_37C_Plate02",13,7,1179,137,"S/G2 phase",-0.432188581454244,-0.105930581846549
283592732,"YDL064W","UBC9","ubc9-2","TSA370-37C","Vph1_TS1_37C_Plate02",13,7,1180,72,"T phase",0.771694046800059,0.955832507013761
283593095,"YDL064W","UBC9","ubc9-2","TSA370-37C","Vph1_TS1_37C_Plate02",13,7,1180,440,"MA phase",-0.206460588656562,0.0272816986226782
283595634,"YDL103C","QRI1","qri1-ts1","TSA859-37C","Vph1_TS1_37C_Plate02",13,11,1194,361,"S/G2 phase",-0.589514152192023,0.0788030784321662
283595671,"YDL103C","QRI1","qri1-ts1","TSA859-37C","Vph1_TS1_37C_Plate02",13,11,1194,399,"S/G2 phase",-1.07517134881734,-0.882467814166074
283595778,"YDL103C","QRI1","qri1-ts1","TSA859-37C","Vph1_TS1_37C_Plate02",13,11,1195,78,"MA-single",-1.37956212698391,-1.22548214905046
283596498,"YDL103C","QRI1","qri1-ts1","TSA859-37C","Vph1_TS1_37C_Plate02",13,11,1196,349,"T phase",0.720392230255131,0.83143788843555
283596699,"YHR186C","KOG1","kog1-1","TSA291-37C","Vph1_TS1_37C_Plate02",13,12,1198,75,"T phase",2.53989665704857,2.49382221122768
283596755,"YHR186C","KOG1","kog1-1","TSA291-37C","Vph1_TS1_37C_Plate02",13,12,1199,49,"T phase",1.04530373503967,1.1556509277176
283596797,"YHR186C","KOG1","kog1-1","TSA291-37C","Vph1_TS1_37C_Plate02",13,12,1200,25,"MA phase",1.85929255755253,2.30537201577176
283598694,"YDR212W","TCP1","tcp1-1","TSA782-37C","Vph1_TS1_37C_Plate02",13,14,1207,11,"S/G2 phase",0.13213140053996,0.102705500748308
283602843,"YMR277W","FCP1","fcp1-1-supp3","TSA426-37C","Vph1_TS1_37C_Plate02",9,17,836,111,"G1 phase",-1.48216576007376,-1.62001786374433
283603115,"YMR277W","FCP1","fcp1-1-supp3","TSA426-37C","Vph1_TS1_37C_Plate02",9,17,836,387,"S/G2 phase",-0.514271487926129,-0.157451961656037
283604850,"YDL195W","SEC31","sec31-1","TSA852-37C","Vph1_TS1_37C_Plate02",9,19,844,37,"G1 phase",-1.72841447948942,-1.79848442548894
283605527,"YLR459W","GAB1","gab1-2","TSA201-37C","Vph1_TS1_37C_Plate02",9,21,849,12,"S/G2 phase",1.01110252400972,1.05260816809863
283605541,"YLR459W","GAB1","gab1-2","TSA201-37C","Vph1_TS1_37C_Plate02",9,21,849,26,"S/G2 phase",1.97557667505436,2.27775305827841
283605544,"YLR459W","GAB1","gab1-2","TSA201-37C","Vph1_TS1_37C_Plate02",9,21,849,29,"S/G2 phase",-0.271442889613471,-0.0242396811868098
283605666,"YLR459W","GAB1","gab1-2","TSA201-37C","Vph1_TS1_37C_Plate02",9,21,850,73,"S/G2 phase",1.94479558512741,2.70479023746313
283605714,"YLR459W","GAB1","gab1-2","TSA201-37C","Vph1_TS1_37C_Plate02",9,21,851,50,"MA phase",1.86613279975852,1.507482924493
283605779,"YLR459W","GAB1","gab1-2","TSA201-37C","Vph1_TS1_37C_Plate02",9,21,852,38,"T phase",5.72060928283408,4.57209410767291
283613993,"YOR046C","DBP5","dbp5-1","TSA641-37C","Vph1_TS1_37C_Plate02",10,4,877,15,"G1 phase",-0.182519740935596,-0.409957733989667
283614012,"YOR046C","DBP5","dbp5-1","TSA641-37C","Vph1_TS1_37C_Plate02",10,4,877,35,"S/G2 phase",0.939279980846823,0.595182848347347
283614044,"YOR046C","DBP5","dbp5-1","TSA641-37C","Vph1_TS1_37C_Plate02",10,4,878,32,"S/G2 phase",0.111610673921989,0.455703469344008
283614264,"YLR298C","YHC1","yhc1-6","TSA842-37C","Vph1_TS1_37C_Plate02",10,5,884,34,"S/G2 phase",0.0432082518620857,0.036099360513694
283616488,"YLL036C","PRP19","prp19-1","TSA247-37C","Vph1_TS1_37C_Plate02",10,7,890,37,"S/G2 phase",0.197113701496869,0.108972599282418
283616715,"YLL036C","PRP19","prp19-1","TSA247-37C","Vph1_TS1_37C_Plate02",10,7,891,31,"T phase",2.73826368102229,2.70872539235664
283616869,"YLL036C","PRP19","prp19-1","TSA247-37C","Vph1_TS1_37C_Plate02",10,7,892,7,"T phase",1.69170662350576,1.77762402060866
283627591,"YGL022W","STT3","stt3-1","TSA790-37C","Vph1_TS1_37C_Plate03",5,8,413,18,"S/G2 phase",4.25101189495809,2.84809374066584
283627610,"YGL022W","STT3","stt3-1","TSA790-37C","Vph1_TS1_37C_Plate03",5,8,413,38,"MA-single",0.135338013371972,0.115237350744285
283635845,"YBL076C","ILS1","ils1-1","TSA275-37C","Vph1_TS1_37C_Plate03",5,12,429,408,"MA phase",0.295203031912921,0.843085356639045
283635979,"YBL076C","ILS1","ils1-1","TSA275-37C","Vph1_TS1_37C_Plate03",5,12,430,89,"S/G2 phase",0.567313701769854,1.21014412163104
283636037,"YBL076C","ILS1","ils1-1","TSA275-37C","Vph1_TS1_37C_Plate03",5,12,430,148,"S/G2 phase",-0.796641030888024,-0.486782764708333
283650677,"YJR065C","ARP3","arp3-g15c","TSA298-37C","Vph1_TS1_37C_Plate03",7,4,589,35,"G1 phase",-0.0313297719153992,-0.307080707964484
283650686,"YJR065C","ARP3","arp3-g15c","TSA298-37C","Vph1_TS1_37C_Plate03",7,4,589,46,"G1 phase",0.295203031912921,-0.131096624808439
283650728,"YJR065C","ARP3","arp3-g15c","TSA298-37C","Vph1_TS1_37C_Plate03",7,4,589,94,"S/G2 phase",2.35303997270598,3.3672249155433
283650777,"YJR065C","ARP3","arp3-g15c","TSA298-37C","Vph1_TS1_37C_Plate03",7,4,589,148,"S/G2 phase",1.68296744818328,1.23405579490162
283650793,"YJR065C","ARP3","arp3-g15c","TSA298-37C","Vph1_TS1_37C_Plate03",7,4,589,165,"S/G2 phase",3.46869371911941,2.77008919676486
283650820,"YJR065C","ARP3","arp3-g15c","TSA298-37C","Vph1_TS1_37C_Plate03",7,4,589,196,"S/G2 phase",0.424455600094964,0.688461396252148
283650833,"YJR065C","ARP3","arp3-g15c","TSA298-37C","Vph1_TS1_37C_Plate03",7,4,589,209,"G1 phase",-0.252419691174158,-0.491885865711201
283650834,"YJR065C","ARP3","arp3-g15c","TSA298-37C","Vph1_TS1_37C_Plate03",7,4,589,210,"S/G2 phase",0.0877186461470092,0.146584971190474
283651051,"YJR065C","ARP3","arp3-g15c","TSA298-37C","Vph1_TS1_37C_Plate03",7,4,591,8,"S/G2 phase",0.0469020456684692,0.210665339497914
283651065,"YJR065C","ARP3","arp3-g15c","TSA298-37C","Vph1_TS1_37C_Plate03",7,4,591,24,"S/G2 phase",2.19317495416503,2.02598416910382
283651125,"YJR065C","ARP3","arp3-g15c","TSA298-37C","Vph1_TS1_37C_Plate03",7,4,591,88,"S/G2 phase",0.999289390167736,0.69728247084282
283651151,"YJR065C","ARP3","arp3-g15c","TSA298-37C","Vph1_TS1_37C_Plate03",7,4,591,115,"S/G2 phase",1.05031014076591,0.625547451031076
283651200,"YJR065C","ARP3","arp3-g15c","TSA298-37C","Vph1_TS1_37C_Plate03",7,4,591,168,"G1 phase",1.64895361445116,0.855624404817521
283651252,"YJR065C","ARP3","arp3-g15c","TSA298-37C","Vph1_TS1_37C_Plate03",7,4,592,11,"S/G2 phase",0.781600854282189,0.341596330942927
283651305,"YJR065C","ARP3","arp3-g15c","TSA298-37C","Vph1_TS1_37C_Plate03",7,4,592,75,"S/G2 phase",1.85303661684386,1.55073966285103
283651348,"YJR065C","ARP3","arp3-g15c","TSA298-37C","Vph1_TS1_37C_Plate03",7,4,592,123,"S/G2 phase",2.3598427394524,1.86509068462769
283651353,"YJR065C","ARP3","arp3-g15c","TSA298-37C","Vph1_TS1_37C_Plate03",7,4,592,128,"S/G2 phase",2.28501230524175,1.66636135128743
283651392,"YJR065C","ARP3","arp3-g15c","TSA298-37C","Vph1_TS1_37C_Plate03",7,4,592,172,"S/G2 phase",1.485687212537,1.22129804239445
283651418,"YJR065C","ARP3","arp3-g15c","TSA298-37C","Vph1_TS1_37C_Plate03",7,4,592,202,"T phase",4.49931288120254,3.1471354594339
283656016,"YPR110C","RPC40","rpc40-v78r","TSA642-37C","Vph1_TS1_37C_Plate03",7,7,601,50,"G1 phase",0.485680500812774,0.323954181761583
283656023,"YPR110C","RPC40","rpc40-v78r","TSA642-37C","Vph1_TS1_37C_Plate03",7,7,601,57,"MA phase",1.40405401157992,1.78963769122814
283656025,"YPR110C","RPC40","rpc40-v78r","TSA642-37C","Vph1_TS1_37C_Plate03",7,7,601,59,"S/G2 phase",1.27480144339788,1.16742387609275
283656030,"YPR110C","RPC40","rpc40-v78r","TSA642-37C","Vph1_TS1_37C_Plate03",7,7,601,65,"G1 phase",-1.46671355541072,-1.67595110126235
283656056,"YPR110C","RPC40","rpc40-v78r","TSA642-37C","Vph1_TS1_37C_Plate03",7,7,601,94,"S/G2 phase",0.512891567798467,0.199511418734504
283656067,"YPR110C","RPC40","rpc40-v78r","TSA642-37C","Vph1_TS1_37C_Plate03",7,7,601,105,"T phase",1.51629966289591,1.44649059950673
283656158,"YPR110C","RPC40","rpc40-v78r","TSA642-37C","Vph1_TS1_37C_Plate03",7,7,601,203,"G1 phase",1.06391567425876,0.694730920341386
283656166,"YPR110C","RPC40","rpc40-v78r","TSA642-37C","Vph1_TS1_37C_Plate03",7,7,601,213,"S/G2 phase",1.81902278311175,1.53820061467255
283656167,"YPR110C","RPC40","rpc40-v78r","TSA642-37C","Vph1_TS1_37C_Plate03",7,7,601,214,"S/G2 phase",2.61154510907006,2.30249934201636
283656279,"YPR110C","RPC40","rpc40-v78r","TSA642-37C","Vph1_TS1_37C_Plate03",7,7,601,337,"G1 phase",0.244182281314746,-0.0670162565009975
283656292,"YPR110C","RPC40","rpc40-v78r","TSA642-37C","Vph1_TS1_37C_Plate03",7,7,601,350,"T phase",2.84964194519488,3.14596903634753
283656331,"YPR110C","RPC40","rpc40-v78r","TSA642-37C","Vph1_TS1_37C_Plate03",7,7,601,393,"T phase",2.34623720595956,2.24468849779816
283656345,"YPR110C","RPC40","rpc40-v78r","TSA642-37C","Vph1_TS1_37C_Plate03",7,7,602,4,"G1 phase",0.108126946386279,-0.19517699311588
283656428,"YPR110C","RPC40","rpc40-v78r","TSA642-37C","Vph1_TS1_37C_Plate03",7,7,602,96,"T phase",2.44487732378269,1.91663200475665
283656471,"YPR110C","RPC40","rpc40-v78r","TSA642-37C","Vph1_TS1_37C_Plate03",7,7,602,145,"G1 phase",-0.0313297719153992,-0.315901782555156
283656481,"YPR110C","RPC40","rpc40-v78r","TSA642-37C","Vph1_TS1_37C_Plate03",7,7,602,155,"S/G2 phase",1.13874610846941,0.727463668202639
283656512,"YPR110C","RPC40","rpc40-v78r","TSA642-37C","Vph1_TS1_37C_Plate03",7,7,602,188,"G1 phase",0.312209948778979,0.030963282754066
283656517,"YPR110C","RPC40","rpc40-v78r","TSA642-37C","Vph1_TS1_37C_Plate03",7,7,602,193,"S/G2 phase",1.76119926576715,1.62991062983837
283656524,"YPR110C","RPC40","rpc40-v78r","TSA642-37C","Vph1_TS1_37C_Plate03",7,7,602,200,"G1 phase",-0.245616924427734,-0.300811183875246
283656576,"YPR110C","RPC40","rpc40-v78r","TSA642-37C","Vph1_TS1_37C_Plate03",7,7,602,256,"S/G2 phase",0.509490184425256,0.433306346108753
283656592,"YPR110C","RPC40","rpc40-v78r","TSA642-37C","Vph1_TS1_37C_Plate03",7,7,602,272,"S/G2 phase",3.02311249722868,2.11886060735602
283656619,"YPR110C","RPC40","rpc40-v78r","TSA642-37C","Vph1_TS1_37C_Plate03",7,7,602,302,"MA phase",1.87004353370992,1.68655505097021
283656652,"YPR110C","RPC40","rpc40-v78r","TSA642-37C","Vph1_TS1_37C_Plate03",7,7,602,337,"T phase",3.44828541888014,2.6331073855593
283656681,"YPR110C","RPC40","rpc40-v78r","TSA642-37C","Vph1_TS1_37C_Plate03",7,7,603,6,"S/G2 phase",0.652348286100146,1.34085640874736
283656682,"YPR110C","RPC40","rpc40-v78r","TSA642-37C","Vph1_TS1_37C_Plate03",7,7,603,7,"G1 phase",0.424455600094964,0.0574265065260815
283656772,"YPR110C","RPC40","rpc40-v78r","TSA642-37C","Vph1_TS1_37C_Plate03",7,7,603,102,"S/G2 phase",0.832621604880364,0.87071500349743
283656951,"YPR110C","RPC40","rpc40-v78r","TSA642-37C","Vph1_TS1_37C_Plate03",7,7,603,294,"G1 phase",-0.500720677418609,-0.519515512569585
283657005,"YPR110C","RPC40","rpc40-v78r","TSA642-37C","Vph1_TS1_37C_Plate03",7,7,603,350,"S/G2 phase",-0.00411870492970583,-0.0607467324117599
283657020,"YPR110C","RPC40","rpc40-v78r","TSA642-37C","Vph1_TS1_37C_Plate03",7,7,603,366,"T phase",3.18978028251605,3.01525674923121
283657067,"YPR110C","RPC40","rpc40-v78r","TSA642-37C","Vph1_TS1_37C_Plate03",7,7,604,31,"S/G2 phase",0.832621604880364,0.502489815419063
283657084,"YPR110C","RPC40","rpc40-v78r","TSA642-37C","Vph1_TS1_37C_Plate03",7,7,604,50,"S/G2 phase",2.55372159172547,2.07358881131629
283657197,"YPR110C","RPC40","rpc40-v78r","TSA642-37C","Vph1_TS1_37C_Plate03",7,7,604,174,"S/G2 phase",2.3292302890935,2.01089357042391
283657211,"YPR110C","RPC40","rpc40-v78r","TSA642-37C","Vph1_TS1_37C_Plate03",7,7,604,190,"S/G2 phase",0.863234055239269,1.08314980810253
283657242,"YPR110C","RPC40","rpc40-v78r","TSA642-37C","Vph1_TS1_37C_Plate03",7,7,604,222,"S/G2 phase",1.02650045715343,0.770183913740932
283657288,"YPR110C","RPC40","rpc40-v78r","TSA642-37C","Vph1_TS1_37C_Plate03",7,7,604,272,"MA phase",2.64555894280218,2.21195574993691
283657291,"YPR110C","RPC40","rpc40-v78r","TSA642-37C","Vph1_TS1_37C_Plate03",7,7,604,275,"T phase",2.59453819220401,2.6758276310976
283657314,"YPR110C","RPC40","rpc40-v78r","TSA642-37C","Vph1_TS1_37C_Plate03",7,7,604,303,"S/G2 phase",1.16935855882832,0.885805602177341
283657317,"YPR110C","RPC40","rpc40-v78r","TSA642-37C","Vph1_TS1_37C_Plate03",7,7,604,306,"T phase",1.01629630703379,1.76200804436976
283657331,"YPR110C","RPC40","rpc40-v78r","TSA642-37C","Vph1_TS1_37C_Plate03",7,7,604,321,"S/G2 phase",0.220372597702264,1.04925063715491
283657334,"YPR110C","RPC40","rpc40-v78r","TSA642-37C","Vph1_TS1_37C_Plate03",7,7,604,324,"G1 phase",0.427856983468176,0.151688072193342
283657339,"YPR110C","RPC40","rpc40-v78r","TSA642-37C","Vph1_TS1_37C_Plate03",7,7,604,329,"MA phase",3.19998443263568,3.23651262842698
283659807,"YLR086W","SMC4","smc4-1","TSA264-37C","Vph1_TS1_37C_Plate03",7,9,611,23,"S/G2 phase",3.11494984830539,3.04915592017883
283660014,"YBL105C","PKC1","pkc1-4","TSA539-37C","Vph1_TS1_37C_Plate03",7,10,613,21,"S/G2 phase",0.563912318396642,0.703551994932058
283660260,"YBL105C","PKC1","pkc1-4","TSA539-37C","Vph1_TS1_37C_Plate03",7,10,614,120,"S/G2 phase",0.393843149736059,0.988888242435271
283660263,"YBL105C","PKC1","pkc1-4","TSA539-37C","Vph1_TS1_37C_Plate03",7,10,614,124,"T phase",0.580919235262701,0.937346922306306
283660276,"YBL105C","PKC1","pkc1-4","TSA539-37C","Vph1_TS1_37C_Plate03",7,10,614,138,"T phase",1.17275994220153,1.17369340018199
283660367,"YBL105C","PKC1","pkc1-4","TSA539-37C","Vph1_TS1_37C_Plate03",7,10,615,73,"MA-single",-1.62317719057846,-1.77903374152029
283660455,"YBL105C","PKC1","pkc1-4","TSA539-37C","Vph1_TS1_37C_Plate03",7,10,616,23,"S/G2 phase",-1.03133648363963,-0.989656917819517
283660527,"YBL105C","PKC1","pkc1-4","TSA539-37C","Vph1_TS1_37C_Plate03",7,10,616,100,"S/G2 phase",-0.810246564380871,-0.868932128380241
283672021,"YIR008C","PRI1","pri1-m4","TSA340-37C","Vph1_TS1_37C_Plate03",11,3,970,5,"S/G2 phase",-0.442897160074011,0.390586100570459
283673201,"YIR008C","PRI1","pri1-m4","TSA340-37C","Vph1_TS1_37C_Plate03",11,3,972,222,"T phase",0.628538602487664,1.25913389125858
283676687,"YPR168W","NUT2","nut2-ts","TSA818-37C","Vph1_TS1_37C_Plate03",11,7,985,210,"S/G2 phase",-0.779634114021966,-0.323556434059458
283677020,"YPR168W","NUT2","nut2-ts","TSA818-37C","Vph1_TS1_37C_Plate03",11,7,986,247,"T phase",-0.177589256963501,0.354135379121402
283677621,"YPR168W","NUT2","nut2-ts","TSA818-37C","Vph1_TS1_37C_Plate03",11,7,988,133,"T phase",0.0775144960273742,0.366674427299877
283677786,"YNL038W","GPI15","gpi15-5001","TSA1157-37C","Vph1_TS1_37C_Plate03",11,8,989,1,"G1 phase",-1.67419794117663,-1.93365770190718
283677881,"YNL038W","GPI15","gpi15-5001","TSA1157-37C","Vph1_TS1_37C_Plate03",11,8,989,103,"T phase",4.56734054866677,3.80324844551691
283677882,"YNL038W","GPI15","gpi15-5001","TSA1157-37C","Vph1_TS1_37C_Plate03",11,8,989,104,"S/G2 phase",1.4550747621781,1.89643830507387
283677893,"YNL038W","GPI15","gpi15-5001","TSA1157-37C","Vph1_TS1_37C_Plate03",11,8,989,116,"T phase",6.58436088898129,3.7807218996614
283677905,"YNL038W","GPI15","gpi15-5001","TSA1157-37C","Vph1_TS1_37C_Plate03",11,8,989,128,"S/G2 phase",3.33263838419094,2.37656720800084
283677910,"YNL038W","GPI15","gpi15-5001","TSA1157-37C","Vph1_TS1_37C_Plate03",11,8,989,133,"MA-single",-1.52793845612853,-1.72377444780352
283677942,"YNL038W","GPI15","gpi15-5001","TSA1157-37C","Vph1_TS1_37C_Plate03",11,8,990,26,"S/G2 phase",3.14896368203751,2.0849614364084
283678071,"YNL038W","GPI15","gpi15-5001","TSA1157-37C","Vph1_TS1_37C_Plate03",11,8,990,173,"S/G2 phase",-0.395277792849047,0.220871541503651
283678082,"YNL038W","GPI15","gpi15-5001","TSA1157-37C","Vph1_TS1_37C_Plate03",11,8,990,184,"T phase",0.182957380596936,0.108967826655047
283678098,"YNL038W","GPI15","gpi15-5001","TSA1157-37C","Vph1_TS1_37C_Plate03",11,8,991,12,"S/G2 phase",-0.150378189977807,0.163060697285448
283678251,"YNL038W","GPI15","gpi15-5001","TSA1157-37C","Vph1_TS1_37C_Plate03",11,8,992,1,"S/G2 phase",-0.830654864620141,-0.41388132181022
283678310,"YNL038W","GPI15","gpi15-5001","TSA1157-37C","Vph1_TS1_37C_Plate03",11,8,992,67,"G1 phase",-1.47351632215715,-1.70613229862217
283683602,"YGL093W","SPC105","spc105-15","TSA446-37C","Vph1_TS1_37C_Plate03",11,12,1005,361,"S/G2 phase",-0.551741428016784,-0.255539387835518
283683940,"YGL093W","SPC105","spc105-15","TSA446-37C","Vph1_TS1_37C_Plate03",11,12,1006,282,"S/G2 phase",-0.0517380721546692,0.736284742793309
283684368,"YGL093W","SPC105","spc105-15","TSA446-37C","Vph1_TS1_37C_Plate03",11,12,1007,346,"MA-single",-1.60957165708561,-1.76277671975401
283684506,"YGL093W","SPC105","spc105-15","TSA446-37C","Vph1_TS1_37C_Plate03",11,12,1008,139,"S/G2 phase",-0.327250125384814,0.384316576481221
283686344,"YOR168W","GLN4","gln4-5001","TSA1198-37C","Vph1_TS1_37C_Plate03",11,14,1013,59,"S/G2 phase",-0.786436880768389,-0.783491637303653
283686360,"YOR168W","GLN4","gln4-5001","TSA1198-37C","Vph1_TS1_37C_Plate03",11,14,1013,75,"T phase",-0.640177395720287,-0.489334315209766
283686830,"YOR168W","GLN4","gln4-5001","TSA1198-37C","Vph1_TS1_37C_Plate03",11,14,1014,144,"T phase",0.138739396745184,0.594199830584888
283687075,"YOR168W","GLN4","gln4-5001","TSA1198-37C","Vph1_TS1_37C_Plate03",11,14,1015,4,"S/G2 phase",1.60813701397262,1.66264337769963
283687573,"YOR168W","GLN4","gln4-5001","TSA1198-37C","Vph1_TS1_37C_Plate03",11,14,1016,130,"S/G2 phase",1.52990519638876,1.15094814999778
283687578,"YOR168W","GLN4","gln4-5001","TSA1198-37C","Vph1_TS1_37C_Plate03",11,14,1016,135,"T phase",1.78500894937963,1.89016878098464
283687824,"YDR437W","GPI19","gpi19-2xh","TSA1012-37C","Vph1_TS1_37C_Plate03",11,15,1017,33,"S/G2 phase",-0.129969889738537,0.224589515091455
283687825,"YDR437W","GPI19","gpi19-2xh","TSA1012-37C","Vph1_TS1_37C_Plate03",11,15,1017,34,"T phase",0.965275556435619,0.812904159279227
283687870,"YDR437W","GPI19","gpi19-2xh","TSA1012-37C","Vph1_TS1_37C_Plate03",11,15,1017,81,"T phase",-0.276229374786639,-0.188907469026643
283687945,"YDR437W","GPI19","gpi19-2xh","TSA1012-37C","Vph1_TS1_37C_Plate03",11,15,1017,159,"S/G2 phase",-0.228610007561676,0.464653966554941
283688161,"YDR437W","GPI19","gpi19-2xh","TSA1012-37C","Vph1_TS1_37C_Plate03",11,15,1018,43,"S/G2 phase",1.52310242964233,1.65010432952115
283688287,"YDR437W","GPI19","gpi19-2xh","TSA1012-37C","Vph1_TS1_37C_Plate03",11,15,1018,173,"G1 phase",-1.25242640289839,-1.22090029469233
283688305,"YDR437W","GPI19","gpi19-2xh","TSA1012-37C","Vph1_TS1_37C_Plate03",11,15,1018,192,"S/G2 phase",-0.861267314979046,-0.261808911924756
283689006,"YDR437W","GPI19","gpi19-2xh","TSA1012-37C","Vph1_TS1_37C_Plate03",11,15,1020,261,"MA-single",-0.221807240815252,-0.0946459033593827
283690281,"YKR083C","DAD2","dad2-9","TSA425-37C","Vph1_TS1_37C_Plate03",6,10,517,76,"T phase",1.32242081062284,1.52937954008188
283690947,"YKR083C","DAD2","dad2-9","TSA425-37C","Vph1_TS1_37C_Plate03",6,10,518,318,"MA phase",-0.208201707322406,0.169330221374685
283691462,"YKR083C","DAD2","dad2-9","TSA425-37C","Vph1_TS1_37C_Plate03",6,10,520,28,"S/G2 phase",-0.320447358638391,0.203229392322308
283691506,"YKR083C","DAD2","dad2-9","TSA425-37C","Vph1_TS1_37C_Plate03",6,10,520,79,"S/G2 phase",0.203365680836206,0.312581556669477
283691516,"YKR083C","DAD2","dad2-9","TSA425-37C","Vph1_TS1_37C_Plate03",6,10,520,89,"T phase",2.17616803729897,1.725338618592
283691574,"YKR083C","DAD2","dad2-9","TSA425-37C","Vph1_TS1_37C_Plate03",6,10,520,150,"MA-single",0.142140780118396,0.0235273355784587
283691743,"YKR083C","DAD2","dad2-9","TSA425-37C","Vph1_TS1_37C_Plate03",6,10,520,326,"S/G2 phase",0.291801648539709,0.703551994932058
283692259,"YGR274C","TAF1","taf1-1","TSA524-37C","Vph1_TS1_37C_Plate03",6,12,525,279,"S/G2 phase",-0.578952495002477,-0.45288359376071
283693591,"YBL023C","MCM2","mcm2-1","TSA111-37C","Vph1_TS1_37C_Plate03",6,13,531,21,"MA phase",0.336019632391461,0.843085356639045
283695444,"YLR045C","STU2","stu2-12","TSA550-37C","Vph1_TS1_37C_Plate03",6,15,538,31,"S/G2 phase",1.02650045715343,0.924807874127831
283697574,"YDR052C","DBF4","dbf4-4","TSA164-37C","Vph1_TS1_37C_Plate03",6,17,546,33,"S/G2 phase",1.93466981780094,1.89898985557531
283697696,"YDR052C","DBF4","dbf4-4","TSA164-37C","Vph1_TS1_37C_Plate03",6,17,548,19,"T phase",1.50609551277627,1.51428894140197
283697720,"YDR052C","DBF4","dbf4-4","TSA164-37C","Vph1_TS1_37C_Plate03",6,17,548,45,"S/G2 phase",0.812213304641094,1.00769681470298
283701733,"YJR065C","ARP3","arp3-31","TSA894-37C","Vph1_TS1_37C_Plate03",6,23,569,11,"MA-single",-1.07555446749138,-0.900498453155124
283742450,"YDL103C","QRI1","qri1-5001","TSA1093-37C","Vph1_TS1_37C_Plate03",4,23,378,37,"MA phase",-0.167385106843866,0.909717275447921
283746739,"YDR392W","SPT3","","DMA1125-37C","Vph1_TS1_37C_Plate03",12,13,1106,31,"T phase",2.24419570476321,2.16041442980795
283749147,"YKL196C","YKT6","ykt6-5001","TSA1089-37C","Vph1_TS1_37C_Plate03",12,19,1131,3,"MA phase",-0.847661781486199,-0.719411268996212
283757034,"YDR228C","PCF11","pcf11-1","TSA808-37C","Vph1_TS1_37C_Plate03",15,20,1423,177,"T phase",1.15575302533547,1.55073966285103
283757715,"YKR062W","TFA2","tfa2-45","TSA692-37C","Vph1_TS1_37C_Plate03",15,21,1426,42,"S/G2 phase",-0.844260398112987,-0.523233486157389
283757921,"YKR062W","TFA2","tfa2-45","TSA692-37C","Vph1_TS1_37C_Plate03",15,21,1426,250,"T phase",-0.398679176222259,0.199511418734504
283758071,"YKR062W","TFA2","tfa2-45","TSA692-37C","Vph1_TS1_37C_Plate03",15,21,1427,152,"S/G2 phase",0.114929713132702,0.860727505820389
283758076,"YKR062W","TFA2","tfa2-45","TSA692-37C","Vph1_TS1_37C_Plate03",15,21,1427,157,"S/G2 phase",-0.364665342490142,-0.0883763792701446
283758226,"YKR062W","TFA2","tfa2-45","TSA692-37C","Vph1_TS1_37C_Plate03",15,21,1428,18,"S/G2 phase",-0.136772656484961,0.178151295965357
283758270,"YKR062W","TFA2","tfa2-45","TSA692-37C","Vph1_TS1_37C_Plate03",15,21,1428,63,"T phase",1.34963187760854,1.39239772887632
283758272,"YKR062W","TFA2","tfa2-45","TSA692-37C","Vph1_TS1_37C_Plate03",15,21,1428,65,"S/G2 phase",0.128535246625549,0.685909845750714
283758696,"YFL034C-B","MOB2","mob2-40","TSA612-37C","Vph1_TS1_37C_Plate03",15,22,1431,3,"T phase",2.88025439555379,2.24213694729673
283758707,"YFL034C-B","MOB2","mob2-40","TSA612-37C","Vph1_TS1_37C_Plate03",15,22,1431,14,"T phase",1.88705045057598,1.43001487341176
283758759,"YFL034C-B","MOB2","mob2-40","TSA612-37C","Vph1_TS1_37C_Plate03",15,22,1431,70,"G1 phase",-1.56535367323386,-1.76649469334181
283758911,"YFL034C-B","MOB2","mob2-40","TSA612-37C","Vph1_TS1_37C_Plate03",15,22,1432,104,"S/G2 phase",-0.762627197155907,-0.252987837334084
283779402,"YHR058C","MED6","med6-ts","TSA1017-37C","Vph1_TS1_37C_Plate03",9,2,773,8,"T phase",1.33262496074248,1.33203533415669
283779602,"YHR058C","MED6","med6-ts","TSA1017-37C","Vph1_TS1_37C_Plate03",9,2,775,45,"MA-single",-0.0381325386618225,0.0121547104863531
283786932,"YPR183W","DPM1","dpm1-6","TSA330-37C","Vph1_TS1_37C_Plate03",9,8,800,192,"S/G2 phase",-0.500720677418609,-0.0644647059995638
283793999,"YMR281W","GPI12","gpi12-5001","TSA1162-37C","Vph1_TS1_37C_Plate03",9,12,816,51,"S/G2 phase",-1.12997660146277,-0.631419227418189
283794032,"YMR281W","GPI12","gpi12-5001","TSA1162-37C","Vph1_TS1_37C_Plate03",9,12,816,85,"S/G2 phase",-0.109561589499267,0.203229392322308
283794053,"YMR281W","GPI12","gpi12-5001","TSA1162-37C","Vph1_TS1_37C_Plate03",9,12,816,106,"S/G2 phase",-0.459904076940069,-0.123660677632831
283820395,"YBL040C","ERD2","erd2-5001","TSA1072-37C","Vph1_TS1_37C_Plate03",2,2,102,88,"T phase",-0.820450714500506,-0.689230071636393
283820450,"YBL040C","ERD2","erd2-5001","TSA1072-37C","Vph1_TS1_37C_Plate03",2,2,103,21,"T phase",1.59453148047978,2.03597166678086
283820924,"YDR310C","SUM1","","DMA1063-37C","Vph1_TS1_37C_Plate03",2,5,113,71,"T phase",2.41426487342379,2.28740874333645
283820953,"YDR310C","SUM1","","DMA1063-37C","Vph1_TS1_37C_Plate03",2,5,114,30,"MA phase",4.23060359471882,2.94097017891803
283820979,"YDR310C","SUM1","","DMA1063-37C","Vph1_TS1_37C_Plate03",2,5,114,57,"S/G2 phase",1.07411982437839,1.26912138893562
283821047,"YDR310C","SUM1","","DMA1063-37C","Vph1_TS1_37C_Plate03",2,5,115,39,"S/G2 phase",2.34623720595956,1.78198303972384
283821076,"YDR310C","SUM1","","DMA1063-37C","Vph1_TS1_37C_Plate03",2,5,116,3,"T phase",1.82582554985817,2.41812103045277
283821219,"YER168C","CCA1","cca1-5001","TSA1114-37C","Vph1_TS1_37C_Plate03",2,6,117,84,"S/G2 phase",-0.330651508758026,-0.212819142297224
283821279,"YER168C","CCA1","cca1-5001","TSA1114-37C","Vph1_TS1_37C_Plate03",2,6,117,147,"MA phase",0.730580103684014,0.727463668202639
283821288,"YER168C","CCA1","cca1-5001","TSA1114-37C","Vph1_TS1_37C_Plate03",2,6,117,156,"MA-single",-1.78984497586583,-1.99402009662682
283821335,"YER168C","CCA1","cca1-5001","TSA1114-37C","Vph1_TS1_37C_Plate03",2,6,117,206,"S/G2 phase",0.417652833348541,0.354135379121402
283821497,"YER168C","CCA1","cca1-5001","TSA1114-37C","Vph1_TS1_37C_Plate03",2,6,117,372,"MA-single",-1.70140900816233,-1.92111865372871
283822241,"YER168C","CCA1","cca1-5001","TSA1114-37C","Vph1_TS1_37C_Plate03",2,6,120,126,"S/G2 phase",0.608130302248394,0.634368525621748
283835345,"YPL255W","BBP1","bbp1-2","TSA864-37C","Vph1_TS1_37C_Plate03",2,17,162,3,"S/G2 phase",0.798607771148247,1.24404329257867
283835358,"YPL255W","BBP1","bbp1-2","TSA864-37C","Vph1_TS1_37C_Plate03",2,17,162,16,"S/G2 phase",0.785002237655401,0.564018633225069
283835385,"YPL255W","BBP1","bbp1-2","TSA864-37C","Vph1_TS1_37C_Plate03",2,17,163,10,"T phase",3.79182513957451,3.15223856043676
283835386,"YPL255W","BBP1","bbp1-2","TSA864-37C","Vph1_TS1_37C_Plate03",2,17,163,11,"G1 phase",0.468673583946716,0.263591787041946
283835391,"YPL255W","BBP1","bbp1-2","TSA864-37C","Vph1_TS1_37C_Plate03",2,17,163,16,"T phase",4.07413995955108,3.47402552938903
283835400,"YPL255W","BBP1","bbp1-2","TSA864-37C","Vph1_TS1_37C_Plate03",2,17,163,25,"S/G2 phase",1.46868029567095,1.06178968533338
283835401,"YPL255W","BBP1","bbp1-2","TSA864-37C","Vph1_TS1_37C_Plate03",2,17,163,26,"G1 phase",1.14554887521584,0.457218019379334
283836496,"YNL163C","RIA1","ria1-ts","TSA1055-37C","Vph1_TS1_37C_Plate03",2,19,171,14,"T phase",1.57412318024051,1.66264337769963
283837413,"YIL008W","URM1","","DMA2255-37C","Vph1_TS1_37C_Plate03",2,21,178,7,"T phase",3.31223008395167,2.53374271888918
283837475,"YIL008W","URM1","","DMA2255-37C","Vph1_TS1_37C_Plate03",2,21,179,18,"MA phase",0.0707117292809508,0.49483516391476
283838955,"YMR134W","ERG29","erg29-5001","TSA1209-37C","Vph1_TS1_37C_Plate03",2,23,187,35,"S/G2 phase",0.733981487057226,1.34967748333803
283838980,"YMR134W","ERG29","erg29-5001","TSA1209-37C","Vph1_TS1_37C_Plate03",2,23,187,60,"S/G2 phase",2.71698799363963,2.43066007863125
283838986,"YMR134W","ERG29","erg29-5001","TSA1209-37C","Vph1_TS1_37C_Plate03",2,23,187,66,"MA-single",-1.7796408257462,-2.01538021939597
283839110,"YMR134W","ERG29","erg29-5001","TSA1209-37C","Vph1_TS1_37C_Plate03",2,23,188,55,"S/G2 phase",3.14216091529109,2.49474044693869
283839129,"YMR134W","ERG29","erg29-5001","TSA1209-37C","Vph1_TS1_37C_Plate03",2,23,188,74,"MA phase",-0.476910993806127,-0.0493741073196544
283839149,"YMR134W","ERG29","erg29-5001","TSA1209-37C","Vph1_TS1_37C_Plate03",2,23,188,94,"S/G2 phase",0.0843172627737975,0.594199830584888
283887684,"YLR103C","CDC45","cdc45-27","TSA694-37C","Vph1_TS1_37C_Plate03",8,23,761,40,"T phase",1.29520974363715,1.15976922458845
283887758,"YLR103C","CDC45","cdc45-27","TSA694-37C","Vph1_TS1_37C_Plate03",8,23,762,35,"S/G2 phase",1.22718207617292,1.04042956256424
283887789,"YLR103C","CDC45","cdc45-27","TSA694-37C","Vph1_TS1_37C_Plate03",8,23,762,67,"MA-single",-1.09596276773065,-1.08391848348678
283887819,"YLR103C","CDC45","cdc45-27","TSA694-37C","Vph1_TS1_37C_Plate03",8,23,763,11,"S/G2 phase",2.31562475560065,1.83490948726787
283887872,"YLR103C","CDC45","cdc45-27","TSA694-37C","Vph1_TS1_37C_Plate03",8,23,763,67,"S/G2 phase",0.767995320789342,0.853072854316088
283887954,"YLR103C","CDC45","cdc45-27","TSA694-37C","Vph1_TS1_37C_Plate03",8,23,764,61,"MA-single",-1.56195228986065,-1.77903374152029
283892657,"YER136W","GDI1","gdi1-1","TSA64-37C","Vph1_TS1_37C_Plate03",3,20,269,218,"S/G2 phase",1.64895361445116,1.38984617837489
283893957,"YER136W","GDI1","gdi1-1","TSA64-37C","Vph1_TS1_37C_Plate03",3,20,272,306,"S/G2 phase",-0.340855658877661,-0.200280094118748
283901757,"YHR036W","BRL1","brl1-2221","TSA1038-37C","Vph1_TS1_37C_Plate03",4,4,301,1,"G1 phase",-1.58916335684634,-1.74513457057266
283902459,"YHR036W","BRL1","brl1-2221","TSA1038-37C","Vph1_TS1_37C_Plate03",4,4,302,236,"S/G2 phase",-0.351059808997296,0.0460538814339754
283902575,"YHR036W","BRL1","brl1-2221","TSA1038-37C","Vph1_TS1_37C_Plate03",4,4,302,355,"T phase",0.281597498420074,0.536388986366685
283903043,"YHR036W","BRL1","brl1-2221","TSA1038-37C","Vph1_TS1_37C_Plate03",4,4,304,47,"S/G2 phase",-0.874872848471892,-0.54714515942797
283903066,"YHR036W","BRL1","brl1-2221","TSA1038-37C","Vph1_TS1_37C_Plate03",4,4,304,71,"S/G2 phase",1.40405401157992,1.38357665428565
283911151,"YOR326W","MYO2","myo2-14","TSA269-37C","Vph1_TS1_37C_Plate03",10,13,915,1,"T phase",0.856431288492846,1.13724267873293
283911204,"YOR326W","MYO2","myo2-14","TSA269-37C","Vph1_TS1_37C_Plate03",10,13,916,7,"S/G2 phase",-0.800042414261236,-0.684126970633525
283911210,"YOR326W","MYO2","myo2-14","TSA269-37C","Vph1_TS1_37C_Plate03",10,13,916,13,"MA-single",-1.31024992024299,-1.2800962663256
283913337,"YOR048C","RAT1","rat1-1","TSA914-37C","Vph1_TS1_37C_Plate03",10,18,935,157,"MA phase",2.36664550619883,1.84606340803128
283913363,"YOR048C","RAT1","rat1-1","TSA914-37C","Vph1_TS1_37C_Plate03",10,18,935,183,"G1 phase",-0.453101310193646,-0.457986694763578
283916785,"YNL064C","YDJ1","","DMA3979-37C","Vph1_TS1_37C_Plate03",10,23,954,1,"T phase",2.76460736086459,2.92471315715175
283916787,"YNL064C","YDJ1","","DMA3979-37C","Vph1_TS1_37C_Plate03",10,23,954,3,"T phase",3.76461407258882,3.26530869837174
283933475,"YBL105C","PKC1","pkc1-2","TSA538-37C","Vph1_TS1_37C_Plate03",7,17,642,133,"S/G2 phase",-1.35786928746795,-1.37180628149143
283933732,"YLR045C","STU2","stu2-10","TSA549-37C","Vph1_TS1_37C_Plate03",7,18,645,9,"G1 phase",-0.323848742011603,-0.348634530416408
283933790,"YLR045C","STU2","stu2-10","TSA549-37C","Vph1_TS1_37C_Plate03",7,18,645,69,"G1 phase",1.20337239256044,0.521298387686775
283933808,"YLR045C","STU2","stu2-10","TSA549-37C","Vph1_TS1_37C_Plate03",7,18,645,89,"S/G2 phase",0.910853422464232,1.49548036913426
283933821,"YLR045C","STU2","stu2-10","TSA549-37C","Vph1_TS1_37C_Plate03",7,18,646,12,"MA-single",-0.412284709715106,-0.620046602326083
283933840,"YLR045C","STU2","stu2-10","TSA549-37C","Vph1_TS1_37C_Plate03",7,18,646,32,"T phase",3.74420577234955,2.95489435451157
283933852,"YLR045C","STU2","stu2-10","TSA549-37C","Vph1_TS1_37C_Plate03",7,18,646,46,"S/G2 phase",0.567313701769854,0.36040490321064
283933879,"YLR045C","STU2","stu2-10","TSA549-37C","Vph1_TS1_37C_Plate03",7,18,647,20,"S/G2 phase",2.25439985488284,1.43883594800242
283933883,"YLR045C","STU2","stu2-10","TSA549-37C","Vph1_TS1_37C_Plate03",7,18,647,24,"S/G2 phase",1.40405401157992,0.997709317025944
283933906,"YLR045C","STU2","stu2-10","TSA549-37C","Vph1_TS1_37C_Plate03",7,18,647,47,"S/G2 phase",3.99590814196721,3.82854524620255
283935945,"YER009W","NTF2","ntf2-5001","TSA1115-37C","Vph1_TS1_37C_Plate03",7,21,657,219,"S/G2 phase",0.393843149736059,0.362956453712074
283944206,"YBR131W","CCZ1","","DMA294-37C","Vph1_TS1_37C_Plate03",8,5,691,35,"S/G2 phase",1.00269077354095,2.1390543070388
283944515,"YLR298C","YHC1","yhc1-1","TSA632-37C","Vph1_TS1_37C_Plate03",8,7,699,87,"S/G2 phase",1.0775212077516,1.401218803467
283944578,"YLR298C","YHC1","yhc1-1","TSA632-37C","Vph1_TS1_37C_Plate03",8,7,700,38,"S/G2 phase",3.02651388060189,2.50866462253222
283944628,"YLR298C","YHC1","yhc1-1","TSA632-37C","Vph1_TS1_37C_Plate03",8,7,700,89,"S/G2 phase",0.795206387775036,0.929910975130698
283968079,"YDL084W","SUB2","sub2-1","TSA976-37C","Vph1_TS1_37C_Plate03",15,10,1383,297,"S/G2 phase",0.339421015764672,0.76252926223663
283968617,"YDL084W","SUB2","sub2-1","TSA976-37C","Vph1_TS1_37C_Plate03",15,10,1383,848,"S/G2 phase",-0.385073642729413,-0.474243716529857
283968805,"YDL084W","SUB2","sub2-1","TSA976-37C","Vph1_TS1_37C_Plate03",15,10,1384,106,"T phase",0.485680500812774,0.970079670167559
283976106,"YML130C","ERO1","ero1-1","TSA203-37C","Vph1_TS1_37C_Plate03",15,14,1397,3,"S/G2 phase",-0.541537277897149,-0.182637944937405
283976208,"YML130C","ERO1","ero1-1","TSA203-37C","Vph1_TS1_37C_Plate03",15,14,1397,107,"MA-single",-1.68100070792306,-1.71123539962504
283976321,"YML130C","ERO1","ero1-1","TSA203-37C","Vph1_TS1_37C_Plate03",15,14,1397,226,"S/G2 phase",-0.262623841293793,-0.127378651220635
283976475,"YML130C","ERO1","ero1-1","TSA203-37C","Vph1_TS1_37C_Plate03",15,14,1397,386,"G1 phase",-1.06875170074496,-1.02865918977001
283988811,"YDR164C","SEC1","sec1-1","TSA36-37C","Vph1_TS1_37C_Plate03",13,22,1237,189,"S/G2 phase",0.431258366841387,0.630650552033945
283988903,"YDR164C","SEC1","sec1-1","TSA36-37C","Vph1_TS1_37C_Plate03",13,22,1237,284,"MA phase",-0.823852097873717,-0.440344545582235
283997366,"YGL098W","USE1","use1-ts","TSA592-37C","Vph1_TS1_37C_Plate03",14,6,1269,115,"MA-single",-1.01092818340036,-0.870317255795306
283998739,"YGL098W","USE1","use1-ts","TSA592-37C","Vph1_TS1_37C_Plate03",14,6,1272,182,"T phase",-0.283032141533062,0.0964287784765717
283998811,"YGL098W","USE1","use1-ts","TSA592-37C","Vph1_TS1_37C_Plate03",14,6,1272,258,"S/G2 phase",-0.235412774308099,0.0386179342583697
283998934,"YGL098W","USE1","use1-ts","TSA592-37C","Vph1_TS1_37C_Plate03",14,6,1272,383,"T phase",0.696566269951897,0.731181641790443
284001090,"YOR244W","ESA1","esa1-1851","TSA565-37C","Vph1_TS1_37C_Plate03",5,17,449,18,"G1 phase",-0.272827991413427,-0.504424913889675
284001100,"YOR244W","ESA1","esa1-1851","TSA565-37C","Vph1_TS1_37C_Plate03",5,17,449,28,"G1 phase",0.475476350693139,0.0448874583476073
284001114,"YOR244W","ESA1","esa1-1851","TSA565-37C","Vph1_TS1_37C_Plate03",5,17,450,7,"MA-single",-0.973512966295031,-1.05373728612696
284001165,"YOR244W","ESA1","esa1-1851","TSA565-37C","Vph1_TS1_37C_Plate03",5,17,451,26,"S/G2 phase",1.50609551277627,2.60409261128586
284016529,"YDR228C","PCF11","pcf11-ts9","TSA680-37C","Vph1_TS1_37C_Plate03",14,10,1286,54,"T phase",2.15235835368649,2.29878136842856
284016675,"YDR228C","PCF11","pcf11-ts9","TSA680-37C","Vph1_TS1_37C_Plate03",14,10,1286,201,"S/G2 phase",-0.347658425624084,-0.200280094118748
284016936,"YDR228C","PCF11","pcf11-ts9","TSA680-37C","Vph1_TS1_37C_Plate03",14,10,1287,191,"S/G2 phase",1.11493642485693,1.65382230310896
284017337,"YLR305C","STT4","stt4-4","TSA123-37C","Vph1_TS1_37C_Plate03",14,11,1290,28,"G1 phase",-0.932696365816491,-0.916755474921404
284019081,"YBR058C-A","TSC3","tsc3-2","TSA571-37C","Vph1_TS1_37C_Plate03",14,14,1302,165,"S/G2 phase",-0.429291626581164,0.365508004213508
284019416,"YBR058C-A","TSC3","tsc3-2","TSA571-37C","Vph1_TS1_37C_Plate03",14,14,1303,51,"G1 phase",-0.732014746797002,-0.747040915854596
284033488,"YMR235C","RNA1","rna1-s116f","TSA172-37C","Vph1_TS1_37C_Plate03",3,3,204,382,"MA phase",0.349625165884307,0.83054630846057
284035053,"YER003C","PMI40","pmi40-5001","TSA1081-37C","Vph1_TS1_37C_Plate03",3,6,214,45,"S/G2 phase",-0.453101310193646,-0.21026759179579
284035365,"YER003C","PMI40","pmi40-5001","TSA1081-37C","Vph1_TS1_37C_Plate03",3,6,215,11,"S/G2 phase",1.18636547569438,1.30557211038468
284040750,"YPR088C","SRP54","srp54-5001","TSA1233-37C","Vph1_TS1_37C_Plate03",3,10,229,128,"S/G2 phase",0.206767064209417,0.615559953354035
284040892,"YPR088C","SRP54","srp54-5001","TSA1233-37C","Vph1_TS1_37C_Plate03",3,10,229,274,"S/G2 phase",1.1353447250962,1.07432873351186
284040974,"YPR088C","SRP54","srp54-5001","TSA1233-37C","Vph1_TS1_37C_Plate03",3,10,229,362,"S/G2 phase",3.16597059890357,2.43576317963411
284041420,"YPR088C","SRP54","srp54-5001","TSA1233-37C","Vph1_TS1_37C_Plate03",3,10,230,447,"T phase",1.47208167904416,2.24213694729672
284041564,"YPR088C","SRP54","srp54-5001","TSA1233-37C","Vph1_TS1_37C_Plate03",3,10,231,91,"T phase",0.0400992789220458,-0.000384337692122605
284042092,"YPR088C","SRP54","srp54-5001","TSA1233-37C","Vph1_TS1_37C_Plate03",3,10,232,140,"G1 phase",-1.40548865469291,-1.39571795476201
284042449,"YLR298C","YHC1","yhc1-7","TSA647-37C","Vph1_TS1_37C_Plate03",3,11,233,18,"MA-single",-0.102758822752844,-0.246718313244846
284042460,"YLR298C","YHC1","yhc1-7","TSA647-37C","Vph1_TS1_37C_Plate03",3,11,233,29,"S/G2 phase",1.67616468143686,1.57465133612161
284042473,"YLR298C","YHC1","yhc1-7","TSA647-37C","Vph1_TS1_37C_Plate03",3,11,233,42,"G1 phase",-0.106160206126056,-0.236730815567805
284042482,"YLR298C","YHC1","yhc1-7","TSA647-37C","Vph1_TS1_37C_Plate03",3,11,233,53,"S/G2 phase",0.771396704162554,0.379213475478353
284042489,"YLR298C","YHC1","yhc1-7","TSA647-37C","Vph1_TS1_37C_Plate03",3,11,233,60,"S/G2 phase",0.322414098898614,0.136597473513432
284042499,"YLR298C","YHC1","yhc1-7","TSA647-37C","Vph1_TS1_37C_Plate03",3,11,233,70,"S/G2 phase",-0.163983723470654,-0.109736502039292
284042543,"YLR298C","YHC1","yhc1-7","TSA647-37C","Vph1_TS1_37C_Plate03",3,11,233,117,"S/G2 phase",-0.405481942968683,-0.428971920490129
284042592,"YLR298C","YHC1","yhc1-7","TSA647-37C","Vph1_TS1_37C_Plate03",3,11,233,167,"S/G2 phase",0.441462516961023,0.032348410169131
284042594,"YLR298C","YHC1","yhc1-7","TSA647-37C","Vph1_TS1_37C_Plate03",3,11,233,169,"S/G2 phase",0.244182281314746,0.748823790971786
284042617,"YLR298C","YHC1","yhc1-7","TSA647-37C","Vph1_TS1_37C_Plate03",3,11,233,195,"S/G2 phase",0.849628521746422,1.18995042194827
284042661,"YLR298C","YHC1","yhc1-7","TSA647-37C","Vph1_TS1_37C_Plate03",3,11,233,241,"S/G2 phase",0.733981487057226,0.749990214058155
284042681,"YLR298C","YHC1","yhc1-7","TSA647-37C","Vph1_TS1_37C_Plate03",3,11,233,263,"G1 phase",-0.320447358638391,-0.397624300043941
284042685,"YLR298C","YHC1","yhc1-7","TSA647-37C","Vph1_TS1_37C_Plate03",3,11,233,267,"G1 phase",0.441462516961023,0.169330221374686
284042743,"YLR298C","YHC1","yhc1-7","TSA647-37C","Vph1_TS1_37C_Plate03",3,11,233,325,"G1 phase",0.0298951288024108,-0.0971974538608164
284042756,"YLR298C","YHC1","yhc1-7","TSA647-37C","Vph1_TS1_37C_Plate03",3,11,233,338,"S/G2 phase",1.63874946433153,1.47528666945148
284042757,"YLR298C","YHC1","yhc1-7","TSA647-37C","Vph1_TS1_37C_Plate03",3,11,233,339,"G1 phase",0.0945214128934325,-0.0393866096426128
284042762,"YLR298C","YHC1","yhc1-7","TSA647-37C","Vph1_TS1_37C_Plate03",3,11,233,344,"S/G2 phase",1.84623385009744,1.91408045425522
284042765,"YLR298C","YHC1","yhc1-7","TSA647-37C","Vph1_TS1_37C_Plate03",3,11,233,347,"S/G2 phase",1.42786369519241,2.36657971032381
284042809,"YLR298C","YHC1","yhc1-7","TSA647-37C","Vph1_TS1_37C_Plate03",3,11,233,392,"T phase",2.86664886206094,3.01897472281901
284042814,"YLR298C","YHC1","yhc1-7","TSA647-37C","Vph1_TS1_37C_Plate03",3,11,233,397,"T phase",4.11835794340283,2.89081398620413
284042823,"YLR298C","YHC1","yhc1-7","TSA647-37C","Vph1_TS1_37C_Plate03",3,11,233,406,"T phase",2.3870538064381,1.57209978562017
284042827,"YLR298C","YHC1","yhc1-7","TSA647-37C","Vph1_TS1_37C_Plate03",3,11,233,410,"S/G2 phase",1.31561804387642,0.946167996896978
284042830,"YLR298C","YHC1","yhc1-7","TSA647-37C","Vph1_TS1_37C_Plate03",3,11,233,413,"G1 phase",0.587722002009124,0.503656238505431
284042878,"YLR298C","YHC1","yhc1-7","TSA647-37C","Vph1_TS1_37C_Plate03",3,11,233,464,"S/G2 phase",4.64217098287743,3.45383182970626
284042881,"YLR298C","YHC1","yhc1-7","TSA647-37C","Vph1_TS1_37C_Plate03",3,11,233,467,"G1 phase",-0.300039058399121,-0.446614069671472
284042943,"YLR298C","YHC1","yhc1-7","TSA647-37C","Vph1_TS1_37C_Plate03",3,11,234,12,"S/G2 phase",1.30201251038357,1.07943183451473
284042961,"YLR298C","YHC1","yhc1-7","TSA647-37C","Vph1_TS1_37C_Plate03",3,11,234,34,"G1 phase",-0.167385106843866,-0.337261905324303
284042987,"YLR298C","YHC1","yhc1-7","TSA647-37C","Vph1_TS1_37C_Plate03",3,11,234,62,"S/G2 phase",1.55031349662803,1.46901714536224
284042999,"YLR298C","YHC1","yhc1-7","TSA647-37C","Vph1_TS1_37C_Plate03",3,11,234,78,"S/G2 phase",2.60474234232364,2.47709829775734
284043023,"YLR298C","YHC1","yhc1-7","TSA647-37C","Vph1_TS1_37C_Plate03",3,11,234,103,"G1 phase",0.363230699377154,0.0813381797966638
284043130,"YLR298C","YHC1","yhc1-7","TSA647-37C","Vph1_TS1_37C_Plate03",3,11,234,216,"G1 phase",-0.715007829930944,-0.591250532381329
284043138,"YLR298C","YHC1","yhc1-7","TSA647-37C","Vph1_TS1_37C_Plate03",3,11,234,224,"G1 phase",0.0366978955488342,-0.103466977950054
284043163,"YLR298C","YHC1","yhc1-7","TSA647-37C","Vph1_TS1_37C_Plate03",3,11,234,253,"S/G2 phase",2.37004688957204,2.22566122120175
284043196,"YLR298C","YHC1","yhc1-7","TSA647-37C","Vph1_TS1_37C_Plate03",3,11,234,286,"S/G2 phase",2.18637218741861,1.84234543444348
284043231,"YLR298C","YHC1","yhc1-7","TSA647-37C","Vph1_TS1_37C_Plate03",3,11,234,321,"S/G2 phase",2.19317495416503,2.37401565749941
284043246,"YLR298C","YHC1","yhc1-7","TSA647-37C","Vph1_TS1_37C_Plate03",3,11,234,338,"G1 phase",0.543504018157372,0.0662475811167528
284043271,"YLR298C","YHC1","yhc1-7","TSA647-37C","Vph1_TS1_37C_Plate03",3,11,234,364,"G1 phase",0.298604415286133,0.218319991002216
284043397,"YLR298C","YHC1","yhc1-7","TSA647-37C","Vph1_TS1_37C_Plate03",3,11,234,497,"S/G2 phase",1.8938532173224,2.10143716250337
284043443,"YLR298C","YHC1","yhc1-7","TSA647-37C","Vph1_TS1_37C_Plate03",3,11,234,544,"S/G2 phase",0.366632082750366,0.366674427299877
284043462,"YLR298C","YHC1","yhc1-7","TSA647-37C","Vph1_TS1_37C_Plate03",3,11,234,563,"T phase",1.93807120117416,1.37730713019641
284043464,"YLR298C","YHC1","yhc1-7","TSA647-37C","Vph1_TS1_37C_Plate03",3,11,234,566,"G1 phase",-0.524530361031091,-0.446614069671472
284043470,"YLR298C","YHC1","yhc1-7","TSA647-37C","Vph1_TS1_37C_Plate03",3,11,234,572,"G1 phase",-0.0619422222743042,-0.337261905324302
284043477,"YLR298C","YHC1","yhc1-7","TSA647-37C","Vph1_TS1_37C_Plate03",3,11,235,6,"S/G2 phase",1.23398484291934,1.96562177438418
284043495,"YLR298C","YHC1","yhc1-7","TSA647-37C","Vph1_TS1_37C_Plate03",3,11,235,26,"G1 phase",-0.269426608040216,-0.483064791120529
284043502,"YLR298C","YHC1","yhc1-7","TSA647-37C","Vph1_TS1_37C_Plate03",3,11,235,33,"S/G2 phase",1.06051429088555,1.53564906417112
284043509,"YLR298C","YHC1","yhc1-7","TSA647-37C","Vph1_TS1_37C_Plate03",3,11,235,40,"G1 phase",0.771396704162554,0.208332493325176
284043514,"YLR298C","YHC1","yhc1-7","TSA647-37C","Vph1_TS1_37C_Plate03",3,11,235,45,"S/G2 phase",1.60473563059941,1.14351220282217
284043569,"YLR298C","YHC1","yhc1-7","TSA647-37C","Vph1_TS1_37C_Plate03",3,11,235,104,"G1 phase",-1.3714748209608,-1.4848764194264
284043570,"YLR298C","YHC1","yhc1-7","TSA647-37C","Vph1_TS1_37C_Plate03",3,11,235,105,"G1 phase",0.863234055239269,0.411946223339606
284043575,"YLR298C","YHC1","yhc1-7","TSA647-37C","Vph1_TS1_37C_Plate03",3,11,235,110,"G1 phase",0.427856983468176,0.124058425334956
284043637,"YLR298C","YHC1","yhc1-7","TSA647-37C","Vph1_TS1_37C_Plate03",3,11,235,175,"T phase",2.41426487342379,2.11514263376822
284043644,"YLR298C","YHC1","yhc1-7","TSA647-37C","Vph1_TS1_37C_Plate03",3,11,235,183,"S/G2 phase",2.37004688957204,1.95424914929208
284043696,"YLR298C","YHC1","yhc1-7","TSA647-37C","Vph1_TS1_37C_Plate03",3,11,235,239,"G1 phase",0.0673103459077392,-0.13991769939911
284043711,"YLR298C","YHC1","yhc1-7","TSA647-37C","Vph1_TS1_37C_Plate03",3,11,235,255,"S/G2 phase",1.94487396792058,1.64755277901972
284043721,"YLR298C","YHC1","yhc1-7","TSA647-37C","Vph1_TS1_37C_Plate03",3,11,235,265,"S/G2 phase",2.0979362197151,2.08751298690983
284043754,"YLR298C","YHC1","yhc1-7","TSA647-37C","Vph1_TS1_37C_Plate03",3,11,235,301,"S/G2 phase",0.744185637176861,0.564018633225069
284043767,"YLR298C","YHC1","yhc1-7","TSA647-37C","Vph1_TS1_37C_Plate03",3,11,235,314,"S/G2 phase",1.96868365153306,1.47783821995291
284043865,"YLR298C","YHC1","yhc1-7","TSA647-37C","Vph1_TS1_37C_Plate03",3,11,236,11,"MA-single",-0.334052892131237,-0.393906326456137
284043879,"YLR298C","YHC1","yhc1-7","TSA647-37C","Vph1_TS1_37C_Plate03",3,11,236,25,"S/G2 phase",0.699967653325109,0.379213475478352
284043941,"YLR298C","YHC1","yhc1-7","TSA647-37C","Vph1_TS1_37C_Plate03",3,11,236,89,"S/G2 phase",2.34623720595956,2.03597166678086
284044042,"YLR298C","YHC1","yhc1-7","TSA647-37C","Vph1_TS1_37C_Plate03",3,11,236,197,"S/G2 phase",1.12173919160336,1.45764452027014
284044052,"YLR298C","YHC1","yhc1-7","TSA647-37C","Vph1_TS1_37C_Plate03",3,11,236,207,"S/G2 phase",2.11154175320795,1.57465133612161
284044062,"YLR298C","YHC1","yhc1-7","TSA647-37C","Vph1_TS1_37C_Plate03",3,11,236,217,"S/G2 phase",3.12515399842503,2.96998495319148
284044087,"YLR298C","YHC1","yhc1-7","TSA647-37C","Vph1_TS1_37C_Plate03",3,11,236,242,"G1 phase",0.594524768755547,0.114070927657916
284044104,"YLR298C","YHC1","yhc1-7","TSA647-37C","Vph1_TS1_37C_Plate03",3,11,236,259,"S/G2 phase",1.91766290093489,2.00950844300885
284044184,"YLR298C","YHC1","yhc1-7","TSA647-37C","Vph1_TS1_37C_Plate03",3,11,236,343,"T phase",1.76119926576715,1.76572601795756
284044192,"YLR298C","YHC1","yhc1-7","TSA647-37C","Vph1_TS1_37C_Plate03",3,11,236,352,"S/G2 phase",1.8632407669635,1.36221653151651
284044251,"YLR298C","YHC1","yhc1-7","TSA647-37C","Vph1_TS1_37C_Plate03",3,11,236,415,"S/G2 phase",1.34963187760854,1.99696939483037
284044256,"YLR298C","YHC1","yhc1-7","TSA647-37C","Vph1_TS1_37C_Plate03",3,11,236,421,"S/G2 phase",0.747587020550072,0.297490957989568
284044289,"YLR298C","YHC1","yhc1-7","TSA647-37C","Vph1_TS1_37C_Plate03",3,11,236,455,"G1 phase",-0.330651508758026,-0.459153117849948
284044312,"YLR298C","YHC1","yhc1-7","TSA647-37C","Vph1_TS1_37C_Plate03",3,11,236,478,"S/G2 phase",1.73398819878146,1.68516992355515
284044331,"YLR298C","YHC1","yhc1-7","TSA647-37C","Vph1_TS1_37C_Plate03",3,11,236,497,"T phase",1.47888444579058,1.56466383844456
284044370,"YLR298C","YHC1","yhc1-7","TSA647-37C","Vph1_TS1_37C_Plate03",3,11,236,537,"S/G2 phase",2.10133760308832,2.02343261860238
284044374,"YLR298C","YHC1","yhc1-7","TSA647-37C","Vph1_TS1_37C_Plate03",3,11,236,541,"S/G2 phase",1.50949689614949,1.34085640874736
284062299,"YIR006C","PAN1","pan1-4","TSA353-37C","Vph1_TS1_37C_Plate03",13,6,1173,49,"S/G2 phase",0.213569830955841,0.946167996896976
284062556,"YIR006C","PAN1","pan1-4","TSA353-37C","Vph1_TS1_37C_Plate03",13,6,1175,94,"S/G2 phase",1.46527891229773,1.67401600279173
284062647,"YIR006C","PAN1","pan1-4","TSA353-37C","Vph1_TS1_37C_Plate03",13,6,1176,85,"S/G2 phase",1.5128982795227,1.59090835788788
284063890,"YGL130W","CEG1","ceg1-ts","TSA355-37C","Vph1_TS1_37C_Plate03",13,7,1179,151,"S/G2 phase",-0.908886682204009,-0.367443102684122
284080305,"YPL101W","ELP4","","DMA4843-37C","Vph1_TS1_37C_Plate03",9,18,837,92,"S/G2 phase",-0.422488859834741,-0.278284638019729
284080306,"YPL101W","ELP4","","DMA4843-37C","Vph1_TS1_37C_Plate03",9,18,837,93,"S/G2 phase",0.733981487057226,0.606738878763363
284081459,"YLR119W","SRN2","","DMA3215-37C","Vph1_TS1_37C_Plate03",9,19,842,12,"T phase",1.27140006002467,1.45392654668233
284095361,"YIL115C","NUP159","nup159-1","TSA553-37C","Vph1_TS1_37C_Plate04",5,5,401,313,"S/G2 phase",0.233086509466055,0.267487491362339
284095421,"YIL115C","NUP159","nup159-1","TSA553-37C","Vph1_TS1_37C_Plate04",5,5,401,376,"G1 phase",-1.37605147813737,-1.069536147142
284096835,"YIL115C","NUP159","nup159-1","TSA553-37C","Vph1_TS1_37C_Plate04",5,5,404,225,"T phase",0.914924639806491,1.16375589088032
284104990,"YJL019W","MPS3","mps3-1","TSA437-37C","Vph1_TS1_37C_Plate04",5,14,437,62,"G1 phase",0.301270322500099,-0.141475807180725
284105022,"YJL019W","MPS3","mps3-1","TSA437-37C","Vph1_TS1_37C_Plate04",5,14,437,94,"S/G2 phase",2.91952874300737,2.13858636031591
284105059,"YJL019W","MPS3","mps3-1","TSA437-37C","Vph1_TS1_37C_Plate04",5,14,438,34,"MA phase",4.32070610085697,4.00594068201172
284105173,"YJL019W","MPS3","mps3-1","TSA437-37C","Vph1_TS1_37C_Plate04",5,14,439,50,"S/G2 phase",1.5592616729782,1.31574045604803
284105206,"YJL019W","MPS3","mps3-1","TSA437-37C","Vph1_TS1_37C_Plate04",5,14,440,28,"T phase",3.89114807874249,3.2602618202517
284105211,"YJL019W","MPS3","mps3-1","TSA437-37C","Vph1_TS1_37C_Plate04",5,14,440,33,"G1 phase",0.949016546323513,0.423216603787804
284105219,"YJL019W","MPS3","mps3-1","TSA437-37C","Vph1_TS1_37C_Plate04",5,14,440,42,"S/G2 phase",1.50130543189927,1.12961443058902
284105231,"YJL019W","MPS3","mps3-1","TSA437-37C","Vph1_TS1_37C_Plate04",5,14,440,54,"S/G2 phase",3.04225960646865,2.45635891975834
284105247,"YJL019W","MPS3","mps3-1","TSA437-37C","Vph1_TS1_37C_Plate04",5,14,440,71,"G1 phase",1.2353885610665,0.784014745446799
284105778,"YKR020W","VPS51","","DMA2932-37C","Vph1_TS1_37C_Plate04",5,15,444,84,"S/G2 phase",0.536504477467549,0.66874142790414
284105793,"YKR020W","VPS51","","DMA2932-37C","Vph1_TS1_37C_Plate04",5,15,444,99,"S/G2 phase",0.144447552521798,0.597888719987794
284110104,"YBR160W","CDC28","cdc28-4","TSA150-37C","Vph1_TS1_37C_Plate04",7,3,586,39,"S/G2 phase",4.10592708979973,2.23609143400804
284110162,"YBR160W","CDC28","cdc28-4","TSA150-37C","Vph1_TS1_37C_Plate04",7,3,586,104,"MA phase",1.59335357949522,1.74739130562337
284117522,"YJR042W","NUP85","nup85-5001","TSA1266-37C","Vph1_TS1_37C_Plate04",7,8,605,11,"S/G2 phase",0.792193776345212,1.42330441158943
284117741,"YJR042W","NUP85","nup85-5001","TSA1266-37C","Vph1_TS1_37C_Plate04",7,8,605,248,"T phase",1.99904726704778,1.49672690683953
284117842,"YJR042W","NUP85","nup85-5001","TSA1266-37C","Vph1_TS1_37C_Plate04",7,8,606,69,"G1 phase",0.0114891171054135,-0.184501389397284
284118056,"YJR042W","NUP85","nup85-5001","TSA1266-37C","Vph1_TS1_37C_Plate04",7,8,607,87,"T phase",-0.302156422851187,0.411762694528787
284118112,"YJR042W","NUP85","nup85-5001","TSA1266-37C","Vph1_TS1_37C_Plate04",7,8,607,149,"MA-single",-1.76129002177972,-1.94429175555171
284122794,"YBR160W","CDC28","cdc28-1","TSA174-37C","Vph1_TS1_37C_Plate04",7,13,625,20,"S/G2 phase",2.24109980331864,1.28020396834698
284122928,"YBR160W","CDC28","cdc28-1","TSA174-37C","Vph1_TS1_37C_Plate04",7,13,625,161,"MA phase",1.47062271603395,1.20303692583912
284130306,"YML125C","PGA3","pga3-5001","TSA1210-37C","Vph1_TS1_37C_Plate04",11,3,969,25,"T phase",1.20129665454947,1.02065544763787
284130499,"YML125C","PGA3","pga3-5001","TSA1210-37C","Vph1_TS1_37C_Plate04",11,3,969,221,"S/G2 phase",0.454683901826697,0.39913402534577
284131104,"YML125C","PGA3","pga3-5001","TSA1210-37C","Vph1_TS1_37C_Plate04",11,3,971,7,"S/G2 phase",0.516049333557336,0.234520790995042
284131501,"YML125C","PGA3","pga3-5001","TSA1210-37C","Vph1_TS1_37C_Plate04",11,3,972,44,"T phase",0.996745215447343,1.62205910623145
284132021,"YKR082W","NUP133","","DMA3009-37C","Vph1_TS1_37C_Plate04",11,4,973,173,"S/G2 phase",2.12859651181247,1.77286891147516
284134857,"YHR036W","BRL1","brl1-k405i","TSA1043-37C","Vph1_TS1_37C_Plate04",11,7,985,148,"S/G2 phase",-1.00104050645013,-0.679515852373465
284137945,"YOR259C","RPT4","rpt4-150","TSA260-37C","Vph1_TS1_37C_Plate04",11,10,999,52,"T phase",0.362635754230738,0.762501954338521
284138108,"YOR259C","RPT4","rpt4-150","TSA260-37C","Vph1_TS1_37C_Plate04",11,10,1000,15,"S/G2 phase",1.77404068403544,1.80818513169045
284138218,"YOR259C","RPT4","rpt4-150","TSA260-37C","Vph1_TS1_37C_Plate04",11,10,1000,129,"S/G2 phase",-0.544208959122042,-0.1237075633302
284138333,"YNL102W","POL1","pol1-17","TSA345-37C","Vph1_TS1_37C_Plate04",11,11,1001,50,"T phase",3.20930994840206,3.0058528742101
284138338,"YNL102W","POL1","pol1-17","TSA345-37C","Vph1_TS1_37C_Plate04",11,11,1001,55,"T phase",2.32973876026289,1.92720299649087
284138341,"YNL102W","POL1","pol1-17","TSA345-37C","Vph1_TS1_37C_Plate04",11,11,1001,58,"S/G2 phase",1.97859212313757,2.3918205464335
284138484,"YNL102W","POL1","pol1-17","TSA345-37C","Vph1_TS1_37C_Plate04",11,11,1002,69,"S/G2 phase",0.502412570950527,0.852297666029393
284138860,"YDL020C","RPN4","","DMA613-37C","Vph1_TS1_37C_Plate04",11,12,1005,82,"S/G2 phase",-0.741942016920768,-0.585755325939086
284138966,"YDL020C","RPN4","","DMA613-37C","Vph1_TS1_37C_Plate04",11,12,1006,38,"T phase",-0.503298671301616,-0.322462257972224
284139216,"YDL020C","RPN4","","DMA613-37C","Vph1_TS1_37C_Plate04",11,12,1007,188,"T phase",0.597869909198188,0.614261936428566
284139339,"YDL020C","RPN4","","DMA613-37C","Vph1_TS1_37C_Plate04",11,12,1008,127,"S/G2 phase",-0.595346818897574,-0.417397544330605
284139348,"YDL020C","RPN4","","DMA613-37C","Vph1_TS1_37C_Plate04",11,12,1008,136,"S/G2 phase",2.03313917356481,1.3713947074476
284143431,"YDL015C","TSC13","tsc13-5001","TSA1113-37C","Vph1_TS1_37C_Plate04",11,16,1024,7,"S/G2 phase",1.47744109733735,1.92206342182336
284145881,"YMR298W","LIP1","lip1-5001","TSA1059-37C","Vph1_TS1_37C_Plate04",6,10,517,111,"S/G2 phase",-0.874900452337153,-0.471877035806179
284146065,"YMR298W","LIP1","lip1-5001","TSA1059-37C","Vph1_TS1_37C_Plate04",6,10,517,298,"T phase",0.137629171218394,0.012858277834987
284146153,"YMR298W","LIP1","lip1-5001","TSA1059-37C","Vph1_TS1_37C_Plate04",6,10,517,386,"S/G2 phase",-1.18513680164205,-1.07959502899127
284146193,"YMR298W","LIP1","lip1-5001","TSA1059-37C","Vph1_TS1_37C_Plate04",6,10,517,427,"S/G2 phase",-0.0191935987599061,0.310513073578898
284146412,"YMR298W","LIP1","lip1-5001","TSA1059-37C","Vph1_TS1_37C_Plate04",6,10,517,647,"MA-single",-1.54310182007078,-1.68848778210035
284146879,"YMR298W","LIP1","lip1-5001","TSA1059-37C","Vph1_TS1_37C_Plate04",6,10,518,463,"MA-single",-1.66924187418376,-1.80750564690077
284146929,"YMR298W","LIP1","lip1-5001","TSA1059-37C","Vph1_TS1_37C_Plate04",6,10,518,515,"MA-single",-1.47150881638503,-1.65809086906681
284147146,"YMR298W","LIP1","lip1-5001","TSA1059-37C","Vph1_TS1_37C_Plate04",6,10,519,101,"S/G2 phase",-1.44764448182312,-1.3910532538422
284147339,"YMR298W","LIP1","lip1-5001","TSA1059-37C","Vph1_TS1_37C_Plate04",6,10,519,297,"S/G2 phase",-0.82376259256162,-0.266808006572647
284147654,"YMR298W","LIP1","lip1-5001","TSA1059-37C","Vph1_TS1_37C_Plate04",6,10,519,617,"G1 phase",-0.77603392343779,-0.798533717173879
284147996,"YMR298W","LIP1","lip1-5001","TSA1059-37C","Vph1_TS1_37C_Plate04",6,10,520,316,"S/G2 phase",-0.506707861953318,0.229381216327535
284156625,"YLR272C","YCS4","ycs4-1","TSA432-37C","Vph1_TS1_37C_Plate04",6,18,550,3,"S/G2 phase",2.88884602714205,3.00445784680035
284156725,"YLR272C","YCS4","ycs4-1","TSA432-37C","Vph1_TS1_37C_Plate04",6,18,550,126,"G1 phase",0.273996797286481,0.0483947655360366
284156743,"YLR272C","YCS4","ycs4-1","TSA432-37C","Vph1_TS1_37C_Plate04",6,18,550,145,"MA-single",-0.874900452337153,-0.838989512056685
284157122,"YLR272C","YCS4","ycs4-1","TSA432-37C","Vph1_TS1_37C_Plate04",6,18,551,231,"G1 phase",-0.128287699614376,-0.340230501822748
284158780,"YGR120C","COG2","cog2-1","TSA187-37C","Vph1_TS1_37C_Plate04",6,20,557,377,"T phase",-0.0191935987599061,0.325711530095669
284159254,"YGR120C","COG2","cog2-1","TSA187-37C","Vph1_TS1_37C_Plate04",6,20,559,62,"G1 phase",-1.67946944613887,-1.84421689452582
284202811,"YGR274C","TAF1","taf1-2","TSA525-37C","Vph1_TS1_37C_Plate04",4,11,331,24,"MA-single",-1.69992459004908,-1.78856264312624
284206515,"YNL147W","LSM7","","DMA5339-37C","Vph1_TS1_37C_Plate04",4,13,337,29,"T phase",1.37175618713458,1.22454971694741
284206545,"YNL147W","LSM7","","DMA5339-37C","Vph1_TS1_37C_Plate04",4,13,337,60,"T phase",2.93998388691758,3.02362111806062
284206736,"YNL147W","LSM7","","DMA5339-37C","Vph1_TS1_37C_Plate04",4,13,337,259,"S/G2 phase",4.75026412297144,3.06407691294342
284206791,"YNL147W","LSM7","","DMA5339-37C","Vph1_TS1_37C_Plate04",4,13,337,316,"G1 phase",-1.23968385206929,-1.31763075859209
284206911,"YNL147W","LSM7","","DMA5339-37C","Vph1_TS1_37C_Plate04",4,13,338,89,"S/G2 phase",-0.54079976847034,0.0825362258273333
284206916,"YNL147W","LSM7","","DMA5339-37C","Vph1_TS1_37C_Plate04",4,13,338,94,"S/G2 phase",-0.360112663930124,0.211833239962763
284206928,"YNL147W","LSM7","","DMA5339-37C","Vph1_TS1_37C_Plate04",4,13,338,107,"T phase",0.659235340928828,1.47521411573125
284206936,"YNL147W","LSM7","","DMA5339-37C","Vph1_TS1_37C_Plate04",4,13,338,116,"S/G2 phase",1.30357237410054,1.42447917151343
284207044,"YNL147W","LSM7","","DMA5339-37C","Vph1_TS1_37C_Plate04",4,13,338,226,"T phase",1.45357676277544,1.63094322815671
284207114,"YNL147W","LSM7","","DMA5339-37C","Vph1_TS1_37C_Plate04",4,13,338,298,"S/G2 phase",3.17521804188504,1.97257809855543
284207227,"YNL147W","LSM7","","DMA5339-37C","Vph1_TS1_37C_Plate04",4,13,339,57,"T phase",3.50590953510015,2.94131450088526
284207246,"YNL147W","LSM7","","DMA5339-37C","Vph1_TS1_37C_Plate04",4,13,339,77,"S/G2 phase",-0.101014174400758,0.195239756036239
284207276,"YNL147W","LSM7","","DMA5339-37C","Vph1_TS1_37C_Plate04",4,13,339,110,"G1 phase",-1.24991142402439,-1.34031830962437
284207337,"YNL147W","LSM7","","DMA5339-37C","Vph1_TS1_37C_Plate04",4,13,339,174,"S/G2 phase",0.751283488524786,0.243404912920306
284207388,"YNL147W","LSM7","","DMA5339-37C","Vph1_TS1_37C_Plate04",4,13,339,227,"S/G2 phase",0.597869909198188,0.637169754946598
284207477,"YNL147W","LSM7","","DMA5339-37C","Vph1_TS1_37C_Plate04",4,13,339,321,"T phase",1.83540611576608,2.03359219210827
284207549,"YNL147W","LSM7","","DMA5339-37C","Vph1_TS1_37C_Plate04",4,13,340,69,"G1 phase",-1.44423529117142,-1.60875095225874
284207644,"YNL147W","LSM7","","DMA5339-37C","Vph1_TS1_37C_Plate04",4,13,340,169,"S/G2 phase",0.734237535266275,1.31060088138052
284207744,"YNL147W","LSM7","","DMA5339-37C","Vph1_TS1_37C_Plate04",4,13,340,271,"S/G2 phase",2.37064904808332,2.12970223839065
284208170,"YOR070C","GYP1","","DMA4499-37C","Vph1_TS1_37C_Plate04",4,14,342,15,"S/G2 phase",-0.735123635617364,-0.725111221923778
284208266,"YOR070C","GYP1","","DMA4499-37C","Vph1_TS1_37C_Plate04",4,14,342,112,"T phase",-0.360112663930124,0.0179978525024946
284208311,"YOR070C","GYP1","","DMA4499-37C","Vph1_TS1_37C_Plate04",4,14,342,157,"S/G2 phase",-0.663530631931618,-0.146615381848232
284208397,"YOR070C","GYP1","","DMA4499-37C","Vph1_TS1_37C_Plate04",4,14,342,245,"S/G2 phase",-0.366931045233528,0.106618804269367
284208740,"YOR070C","GYP1","","DMA4499-37C","Vph1_TS1_37C_Plate04",4,14,344,65,"T phase",2.34678471352141,1.7333676090306
284208824,"YOR070C","GYP1","","DMA4499-37C","Vph1_TS1_37C_Plate04",4,14,344,152,"S/G2 phase",-0.458979192829487,-0.184501389397284
284208866,"YOR070C","GYP1","","DMA4499-37C","Vph1_TS1_37C_Plate04",4,14,344,195,"S/G2 phase",2.44565124242077,2.09556077809935
284219223,"YDR062W","LCB2","lcb2-19","TSA587-37C","Vph1_TS1_37C_Plate04",4,22,373,150,"S/G2 phase",0.00467073580200912,0.297884404395881
284219604,"YDR062W","LCB2","lcb2-19","TSA587-37C","Vph1_TS1_37C_Plate04",4,22,373,540,"S/G2 phase",-0.131696890266078,0.528210771995447
284219834,"YDR062W","LCB2","lcb2-19","TSA587-37C","Vph1_TS1_37C_Plate04",4,22,374,70,"S/G2 phase",-0.622620344111192,-0.188245936655039
284220417,"YDR062W","LCB2","lcb2-19","TSA587-37C","Vph1_TS1_37C_Plate04",4,22,374,671,"S/G2 phase",-0.513526243256722,0.0320215490952646
284220677,"YDR062W","LCB2","lcb2-19","TSA587-37C","Vph1_TS1_37C_Plate04",4,22,375,259,"G1 phase",-1.31127685575503,-0.964321711448607
284220743,"YDR062W","LCB2","lcb2-19","TSA587-37C","Vph1_TS1_37C_Plate04",4,22,375,329,"MA-single",-1.61810401440823,-1.84421689452582
284221358,"YDR062W","LCB2","lcb2-19","TSA587-37C","Vph1_TS1_37C_Plate04",4,22,376,316,"MA-single",-1.67265106483546,-1.86829947296785
284241495,"YDL145C","COP1","cop1-1","TSA704-37C","Vph1_TS1_37C_Plate04",12,21,1138,152,"G1 phase",-0.660121441279916,-0.521216952614248
284249776,"YDR168W","CDC37","cdc37-ts","TSA315-37C","Vph1_TS1_37C_Plate04",15,22,1429,3,"T phase",3.95251351047313,2.56531790270949
284250562,"YDR168W","CDC37","cdc37-ts","TSA315-37C","Vph1_TS1_37C_Plate04",15,22,1430,365,"S/G2 phase",-0.455570002177785,-0.168128172956511
284250617,"YDR168W","CDC37","cdc37-ts","TSA315-37C","Vph1_TS1_37C_Plate04",15,22,1431,30,"MA phase",0.0319442610156266,0.297884404395881
284250710,"YDR168W","CDC37","cdc37-ts","TSA315-37C","Vph1_TS1_37C_Plate04",15,22,1431,125,"S/G2 phase",0.904697067851384,1.31317066871427
284270356,"YDR228C","PCF11","pcf11-ts2","TSA686-37C","Vph1_TS1_37C_Plate04",9,2,776,33,"T phase",-0.124878508962674,0.664996880646386
284272449,"YMR013C","SEC59","sec59-ts","TSA422-37C","Vph1_TS1_37C_Plate04",9,4,781,1,"S/G2 phase",-0.268064516334165,0.0395106436107742
284272947,"YMR013C","SEC59","sec59-ts","TSA422-37C","Vph1_TS1_37C_Plate04",9,4,782,205,"T phase",1.10924850695352,1.26757529916397
284273517,"YMR013C","SEC59","sec59-ts","TSA422-37C","Vph1_TS1_37C_Plate04",9,4,784,206,"T phase",-0.223745037862037,0.372481659569983
284278577,"YDR062W","LCB2","lcb2-16","TSA585-37C","Vph1_TS1_37C_Plate04",9,8,799,204,"T phase",0.669462912883934,1.20303692583912
284286738,"YMR227C","TAF7","taf7-ts1","TSA638-37C","Vph1_TS1_37C_Plate04",9,15,828,18,"T phase",1.87972559423821,1.94989054752315
284286965,"YOL135C","MED7","med7-141","TSA740-37C","Vph1_TS1_37C_Plate04",9,16,830,73,"T phase",-0.527163005863531,-0.331346379897486
284286972,"YOL135C","MED7","med7-141","TSA740-37C","Vph1_TS1_37C_Plate04",9,16,830,80,"T phase",-0.424887286312465,-0.0287722769718198
284287209,"YOL135C","MED7","med7-141","TSA740-37C","Vph1_TS1_37C_Plate04",9,16,832,64,"T phase",-0.377158617188635,0.178866539595467
284308349,"YIR022W","SEC11","sec11-2","TSA318-37C","Vph1_TS1_37C_Plate04",2,4,109,77,"G1 phase",-1.46809962573333,-1.54795712619166
284308461,"YIR022W","SEC11","sec11-2","TSA318-37C","Vph1_TS1_37C_Plate04",2,4,110,60,"S/G2 phase",6.4003123983953,4.0997012084461
284308520,"YIR022W","SEC11","sec11-2","TSA318-37C","Vph1_TS1_37C_Plate04",2,4,110,121,"S/G2 phase",0.39672766074776,0.968745743496053
284308726,"YIR022W","SEC11","sec11-2","TSA318-37C","Vph1_TS1_37C_Plate04",2,4,112,59,"S/G2 phase",-0.295338041547783,0.0661630093865609
284320076,"YPL101W","ELP4","","DMA4843-37C","Vph1_TS1_37C_Plate04",2,11,137,87,"S/G2 phase",-0.0498763146252257,0.0750471313118233
284320745,"YPL101W","ELP4","","DMA4843-37C","Vph1_TS1_37C_Plate04",2,11,139,15,"T phase",0.437637948568186,0.359852990386965
284321160,"YPL101W","ELP4","","DMA4843-37C","Vph1_TS1_37C_Plate04",2,11,140,92,"T phase",2.23087223136353,2.70445353120844
284321281,"YPL101W","ELP4","","DMA4843-37C","Vph1_TS1_37C_Plate04",2,11,140,215,"MA phase",0.591051527894784,0.827040327663359
284321866,"YDR334W","SWR1","","DMA1071-37C","Vph1_TS1_37C_Plate04",2,12,142,92,"S/G2 phase",-0.673758203886724,-0.318717710714469
284321990,"YDR334W","SWR1","","DMA1071-37C","Vph1_TS1_37C_Plate04",2,12,142,220,"S/G2 phase",0.478548236388612,0.589004598062531
284322446,"YDR334W","SWR1","","DMA1071-37C","Vph1_TS1_37C_Plate04",2,12,143,291,"S/G2 phase",0.0183074984088178,0.423216603787803
284322448,"YDR334W","SWR1","","DMA1071-37C","Vph1_TS1_37C_Plate04",2,12,143,293,"S/G2 phase",0.0796729301394571,0.213007999886763
284322728,"YDR334W","SWR1","","DMA1071-37C","Vph1_TS1_37C_Plate04",2,12,144,247,"G1 phase",-0.806716639303109,-0.954262829599344
284322753,"YDR334W","SWR1","","DMA1071-37C","Vph1_TS1_37C_Plate04",2,12,144,272,"T phase",-0.493071099346509,-0.236411093539105
284327398,"YDL077C","VAM6","","DMA649-37C","Vph1_TS1_37C_Plate04",2,17,161,35,"G1 phase",-0.554436531077148,-0.575696444089822
284327447,"YDL077C","VAM6","","DMA649-37C","Vph1_TS1_37C_Plate04",2,17,161,89,"T phase",5.59233421394188,4.02488368578625
284327467,"YDL077C","VAM6","","DMA649-37C","Vph1_TS1_37C_Plate04",2,17,161,109,"S/G2 phase",1.00015440609905,0.952372527055281
284327468,"YDL077C","VAM6","","DMA649-37C","Vph1_TS1_37C_Plate04",2,17,161,110,"S/G2 phase",-0.605574390852681,-0.357998745673273
284327473,"YDL077C","VAM6","","DMA649-37C","Vph1_TS1_37C_Plate04",2,17,161,115,"T phase",1.2387977517182,1.17264001280558
284327533,"YDL077C","VAM6","","DMA649-37C","Vph1_TS1_37C_Plate04",2,17,161,178,"S/G2 phase",-0.977176171888218,-0.820046508282159
284327564,"YDL077C","VAM6","","DMA649-37C","Vph1_TS1_37C_Plate04",2,17,161,210,"S/G2 phase",-1.47832719768844,-1.04545356869997
284327656,"YDL077C","VAM6","","DMA649-37C","Vph1_TS1_37C_Plate04",2,17,161,307,"G1 phase",-0.711259301055448,-0.728855769181533
284327660,"YDL077C","VAM6","","DMA649-37C","Vph1_TS1_37C_Plate04",2,17,161,311,"MA-single",-1.30445847445163,-1.17453031534965
284327752,"YDL077C","VAM6","","DMA649-37C","Vph1_TS1_37C_Plate04",2,17,161,404,"G1 phase",-1.34536876227205,-1.40625171035897
284327792,"YDL077C","VAM6","","DMA649-37C","Vph1_TS1_37C_Plate04",2,17,161,445,"S/G2 phase",-0.370340235885231,0.0521393127937919
284327873,"YDL077C","VAM6","","DMA649-37C","Vph1_TS1_37C_Plate04",2,17,162,28,"MA-single",-0.772624732786088,-0.688399974298728
284327877,"YDL077C","VAM6","","DMA649-37C","Vph1_TS1_37C_Plate04",2,17,162,32,"MA-single",-1.61128563310482,-1.61763507418401
284327908,"YDL077C","VAM6","","DMA649-37C","Vph1_TS1_37C_Plate04",2,17,162,64,"MA-single",-1.24309304272099,-1.31763075859209
284327915,"YDL077C","VAM6","","DMA649-37C","Vph1_TS1_37C_Plate04",2,17,162,71,"S/G2 phase",0.219449746859246,0.219322334478272
284327969,"YDL077C","VAM6","","DMA649-37C","Vph1_TS1_37C_Plate04",2,17,162,127,"G1 phase",-1.13058975121482,-1.13524928039084
284328143,"YDL077C","VAM6","","DMA649-37C","Vph1_TS1_37C_Plate04",2,17,162,309,"G1 phase",-0.970357790584814,-1.00360274640741
284328268,"YDL077C","VAM6","","DMA649-37C","Vph1_TS1_37C_Plate04",2,17,163,22,"S/G2 phase",-0.0430579333218214,0.130701382711401
284328285,"YDL077C","VAM6","","DMA649-37C","Vph1_TS1_37C_Plate04",2,17,163,40,"G1 phase",-1.21241032685567,-1.30243230207532
284328461,"YDL077C","VAM6","","DMA649-37C","Vph1_TS1_37C_Plate04",2,17,163,222,"S/G2 phase",-1.05558755687737,-0.984659742632886
284328483,"YDL077C","VAM6","","DMA649-37C","Vph1_TS1_37C_Plate04",2,17,163,244,"MA-single",-1.54651101072248,-1.61763507418401
284328500,"YDL077C","VAM6","","DMA649-37C","Vph1_TS1_37C_Plate04",2,17,163,261,"MA-single",-1.52946505746397,-1.6454621998838
284328541,"YDL077C","VAM6","","DMA649-37C","Vph1_TS1_37C_Plate04",2,17,163,304,"G1 phase",-1.16809084838354,-1.20867177564094
284328568,"YDL077C","VAM6","","DMA649-37C","Vph1_TS1_37C_Plate04",2,17,163,332,"S/G2 phase",0.13081078991499,0.177471512185714
284328593,"YDL077C","VAM6","","DMA649-37C","Vph1_TS1_37C_Plate04",2,17,163,357,"S/G2 phase",-0.496480289998211,-0.0806819811136413
284328614,"YDL077C","VAM6","","DMA649-37C","Vph1_TS1_37C_Plate04",2,17,164,19,"S/G2 phase",-0.915810740157579,-0.31240337612296
284328747,"YDL077C","VAM6","","DMA649-37C","Vph1_TS1_37C_Plate04",2,17,164,156,"S/G2 phase",-1.40332500335099,-1.33282921510886
284328786,"YDL077C","VAM6","","DMA649-37C","Vph1_TS1_37C_Plate04",2,17,164,195,"S/G2 phase",-0.673758203886724,-0.373197202190044
284328831,"YDL077C","VAM6","","DMA649-37C","Vph1_TS1_37C_Plate04",2,17,164,241,"S/G2 phase",2.8036162608495,2.32471238577492
284328840,"YDL077C","VAM6","","DMA649-37C","Vph1_TS1_37C_Plate04",2,17,164,250,"G1 phase",-1.29082171184482,-1.32137530584985
284328882,"YDL077C","VAM6","","DMA649-37C","Vph1_TS1_37C_Plate04",2,17,164,294,"G1 phase",-1.12036217925971,-1.20235744104944
284330743,"YDR454C","GUK1","guk1-5001","TSA1183-37C","Vph1_TS1_37C_Plate04",2,20,173,161,"T phase",0.106946455353074,0.585260050804776
284331815,"YDR454C","GUK1","guk1-5001","TSA1183-37C","Vph1_TS1_37C_Plate04",2,20,175,380,"T phase",2.37746742938673,1.72213396725734
284332049,"YDR454C","GUK1","guk1-5001","TSA1183-37C","Vph1_TS1_37C_Plate04",2,20,176,206,"G1 phase",-1.45105367247482,-1.6454621998838
284332396,"YIL147C","SLN1","sln1-ts4","TSA1001-37C","Vph1_TS1_37C_Plate04",2,21,177,180,"S/G2 phase",0.168311887083714,0.585260050804776
284332490,"YIL147C","SLN1","sln1-ts4","TSA1001-37C","Vph1_TS1_37C_Plate04",2,21,177,279,"S/G2 phase",0.816058110907128,1.1459876470298
284332702,"YIL147C","SLN1","sln1-ts4","TSA1001-37C","Vph1_TS1_37C_Plate04",2,21,178,211,"S/G2 phase",1.13993122281883,1.35876603826459
284332708,"YIL147C","SLN1","sln1-ts4","TSA1001-37C","Vph1_TS1_37C_Plate04",2,21,178,217,"S/G2 phase",0.304679513151801,0.658682546054878
284333116,"YIL147C","SLN1","sln1-ts4","TSA1001-37C","Vph1_TS1_37C_Plate04",2,21,180,143,"G1 phase",2.57179129653375,1.45744587188072
284381051,"YDR088C","SLU7","slu7-ts1","TSA656-37C","Vph1_TS1_37C_Plate04",8,11,713,58,"MA phase",1.59335357949522,1.02579502230538
284381123,"YDR088C","SLU7","slu7-ts1","TSA656-37C","Vph1_TS1_37C_Plate04",8,11,713,137,"S/G2 phase",0.0864913114428614,0.445904154820084
284381359,"YDR088C","SLU7","slu7-ts1","TSA656-37C","Vph1_TS1_37C_Plate04",8,11,714,20,"S/G2 phase",1.06833821913309,1.17264001280558
284381685,"YDR088C","SLU7","slu7-ts1","TSA656-37C","Vph1_TS1_37C_Plate04",8,11,715,120,"S/G2 phase",2.23087223136353,2.12456266372314
284381735,"YDR088C","SLU7","slu7-ts1","TSA656-37C","Vph1_TS1_37C_Plate04",8,11,715,173,"S/G2 phase",0.856968398727554,1.22829426420516
284381740,"YDR088C","SLU7","slu7-ts1","TSA656-37C","Vph1_TS1_37C_Plate04",8,11,715,178,"S/G2 phase",1.69562929904629,1.78924212791593
284381774,"YDR088C","SLU7","slu7-ts1","TSA656-37C","Vph1_TS1_37C_Plate04",8,11,715,214,"S/G2 phase",0.161493505780309,1.0372489315644
284385665,"YAL001C","TFC3","tfc3-g349e","TSA508-37C","Vph1_TS1_37C_Plate04",8,14,725,649,"S/G2 phase",2.16609760898119,2.85012376178463
284385672,"YAL001C","TFC3","tfc3-g349e","TSA508-37C","Vph1_TS1_37C_Plate04",8,14,725,657,"S/G2 phase",0.447865520523292,0.28268594787911
284385759,"YAL001C","TFC3","tfc3-g349e","TSA508-37C","Vph1_TS1_37C_Plate04",8,14,725,747,"S/G2 phase",1.29334480214543,2.55129420611672
284386066,"YAL001C","TFC3","tfc3-g349e","TSA508-37C","Vph1_TS1_37C_Plate04",8,14,726,182,"S/G2 phase",0.454683901826697,0.757362379671013
284386243,"YAL001C","TFC3","tfc3-g349e","TSA508-37C","Vph1_TS1_37C_Plate04",8,14,726,361,"S/G2 phase",0.0558085955775418,0.307943286245144
284386398,"YAL001C","TFC3","tfc3-g349e","TSA508-37C","Vph1_TS1_37C_Plate04",8,14,726,520,"S/G2 phase",-0.711259301055448,-0.673201517781957
284386401,"YAL001C","TFC3","tfc3-g349e","TSA508-37C","Vph1_TS1_37C_Plate04",8,14,726,523,"S/G2 phase",0.0387626423190309,1.37139470744761
284386549,"YAL001C","TFC3","tfc3-g349e","TSA508-37C","Vph1_TS1_37C_Plate04",8,14,726,671,"S/G2 phase",-0.172607178086504,0.256033582103322
284386626,"YAL001C","TFC3","tfc3-g349e","TSA508-37C","Vph1_TS1_37C_Plate04",8,14,726,748,"S/G2 phase",1.27970803953862,1.63094322815671
284387309,"YAL001C","TFC3","tfc3-g349e","TSA508-37C","Vph1_TS1_37C_Plate04",8,14,727,516,"S/G2 phase",0.724009963311169,0.856042213287148
284387382,"YAL001C","TFC3","tfc3-g349e","TSA508-37C","Vph1_TS1_37C_Plate04",8,14,727,590,"S/G2 phase",0.291042750544992,0.547153775769973
284387551,"YAL001C","TFC3","tfc3-g349e","TSA508-37C","Vph1_TS1_37C_Plate04",8,14,727,760,"S/G2 phase",0.81946730155883,1.23460859879667
284387628,"YAL001C","TFC3","tfc3-g349e","TSA508-37C","Vph1_TS1_37C_Plate04",8,14,727,839,"S/G2 phase",0.263769225331375,0.304198738987389
284387894,"YAL001C","TFC3","tfc3-g349e","TSA508-37C","Vph1_TS1_37C_Plate04",8,14,728,221,"S/G2 phase",0.853559208075852,0.965001196238297
284387932,"YAL001C","TFC3","tfc3-g349e","TSA508-37C","Vph1_TS1_37C_Plate04",8,14,728,261,"S/G2 phase",1.5490341010231,1.53600794179833
284388000,"YAL001C","TFC3","tfc3-g349e","TSA508-37C","Vph1_TS1_37C_Plate04",8,14,728,331,"S/G2 phase",2.26837332853226,2.29806001999913
284388001,"YAL001C","TFC3","tfc3-g349e","TSA508-37C","Vph1_TS1_37C_Plate04",8,14,728,332,"MA-single",-0.445342430222678,-0.39214020596457
284388149,"YAL001C","TFC3","tfc3-g349e","TSA508-37C","Vph1_TS1_37C_Plate04",8,14,728,483,"S/G2 phase",0.0353534516673287,0.702882888195438
284388298,"YAL001C","TFC3","tfc3-g349e","TSA508-37C","Vph1_TS1_37C_Plate04",8,14,728,639,"S/G2 phase",0.543322858770953,0.833354662254866
284388457,"YAL001C","TFC3","tfc3-g349e","TSA508-37C","Vph1_TS1_37C_Plate04",8,14,728,802,"S/G2 phase",0.369454135534142,0.802957749221325
284388750,"YMR296C","LCB1","lcb1-2","TSA603-37C","Vph1_TS1_37C_Plate04",8,16,734,112,"S/G2 phase",-0.261246135030761,-0.288320797680926
284389039,"YMR296C","LCB1","lcb1-2","TSA603-37C","Vph1_TS1_37C_Plate04",8,16,736,76,"S/G2 phase",1.83199692511438,1.63094322815671
284393474,"YMR168C","CEP3","cep3-2","TSA845-37C","Vph1_TS1_37C_Plate04",8,20,750,3,"G1 phase",-0.493071099346509,-0.707342978073254
284393663,"YMR168C","CEP3","cep3-2","TSA845-37C","Vph1_TS1_37C_Plate04",8,20,751,64,"T phase",0.417182804657973,0.476301067853625
284393780,"YMR168C","CEP3","cep3-2","TSA845-37C","Vph1_TS1_37C_Plate04",8,20,752,74,"S/G2 phase",1.75699473077693,2.3918205464335
284393781,"YMR168C","CEP3","cep3-2","TSA845-37C","Vph1_TS1_37C_Plate04",8,20,752,75,"S/G2 phase",2.6536118721746,2.54497987152521
284393870,"YGR006W","PRP18","prp18-ts","TSA434-37C","Vph1_TS1_37C_Plate04",8,22,757,67,"S/G2 phase",-0.036239552018417,0.429530938379312
284394004,"YGR006W","PRP18","prp18-ts","TSA434-37C","Vph1_TS1_37C_Plate04",8,22,758,92,"S/G2 phase",2.53088100871332,2.26766310696558
284394011,"YGR006W","PRP18","prp18-ts","TSA434-37C","Vph1_TS1_37C_Plate04",8,22,758,100,"S/G2 phase",-0.152152034176291,0.213007999886763
284419858,"YAL002W","VPS8","","DMA23-37C","Vph1_TS1_37C_Plate04",10,10,901,88,"T phase",0.117174027308181,0.429530938379312
284419885,"YAL002W","VPS8","","DMA23-37C","Vph1_TS1_37C_Plate04",10,10,901,115,"MA-single",0.0148983077571157,-0.214898302430826
284420202,"YAL002W","VPS8","","DMA23-37C","Vph1_TS1_37C_Plate04",10,10,903,110,"G1 phase",-1.09308865404609,-0.846698874057946
284420236,"YAL002W","VPS8","","DMA23-37C","Vph1_TS1_37C_Plate04",10,10,903,144,"MA-single",-1.39650662204759,-1.52526957515938
284420257,"YAL002W","VPS8","","DMA23-37C","Vph1_TS1_37C_Plate04",10,10,903,165,"S/G2 phase",0.645598578322019,1.38659316396438
284420406,"YAL002W","VPS8","","DMA23-37C","Vph1_TS1_37C_Plate04",10,10,904,122,"S/G2 phase",-0.295338041547783,-0.0376563988970822
284420472,"YAL002W","VPS8","","DMA23-37C","Vph1_TS1_37C_Plate04",10,10,904,191,"G1 phase",-1.30104928379993,-1.34288809695813
284420523,"YDR315C","IPK1","","DMA1059-37C","Vph1_TS1_37C_Plate04",10,11,905,43,"T phase",1.62744548601225,1.90312041804884
284426589,"YCR077C","PAT1","","DMA599-37C","Vph1_TS1_37C_Plate04",10,18,933,1,"T phase",0.628552625063508,0.726965466637471
284426601,"YCR077C","PAT1","","DMA599-37C","Vph1_TS1_37C_Plate04",10,18,933,14,"S/G2 phase",0.689918056794147,0.778875170779292
284426823,"YCR077C","PAT1","","DMA599-37C","Vph1_TS1_37C_Plate04",10,18,935,72,"MA phase",0.458093092478399,0.811841871146587
284426915,"YCR077C","PAT1","","DMA599-37C","Vph1_TS1_37C_Plate04",10,18,936,79,"T phase",1.67517415513608,1.01691090038012
284438373,"YKL024C","URA6","ura6-5","TSA1032-37C","Vph1_TS1_37C_Plate04",11,23,1050,79,"S/G2 phase",-0.476025146087998,-0.327601832639731
284439156,"YKL024C","URA6","ura6-5","TSA1032-37C","Vph1_TS1_37C_Plate04",11,23,1052,221,"MA-single",-1.62833158636333,-1.89612659866764
284460715,"YLR200W","YKE2","","DMA3275-37C","Vph1_TS1_37C_Plate04",7,22,661,8,"G1 phase",-1.43059852856461,-1.61506528685025
284460721,"YLR200W","YKE2","","DMA3275-37C","Vph1_TS1_37C_Plate04",7,22,661,15,"S/G2 phase",0.246723272072864,0.561177472362743
284460734,"YLR200W","YKE2","","DMA3275-37C","Vph1_TS1_37C_Plate04",7,22,661,29,"MA phase",2.54110858066843,1.8044405844327
284460784,"YLR200W","YKE2","","DMA3275-37C","Vph1_TS1_37C_Plate04",7,22,661,81,"S/G2 phase",2.85134492997333,2.47787171086662
284460814,"YLR200W","YKE2","","DMA3275-37C","Vph1_TS1_37C_Plate04",7,22,661,112,"S/G2 phase",1.17061393868415,0.991653562014086
284460817,"YLR200W","YKE2","","DMA3275-37C","Vph1_TS1_37C_Plate04",7,22,661,117,"S/G2 phase",-0.793079876696301,-0.820046508282159
284460835,"YLR200W","YKE2","","DMA3275-37C","Vph1_TS1_37C_Plate04",7,22,662,10,"T phase",3.13430775406461,2.36399342073372
284460868,"YLR200W","YKE2","","DMA3275-37C","Vph1_TS1_37C_Plate04",7,22,662,46,"S/G2 phase",2.44906043307247,2.64879927980885
284461114,"YLR200W","YKE2","","DMA3275-37C","Vph1_TS1_37C_Plate04",7,22,664,34,"S/G2 phase",-0.271473706985867,0.396564238012016
284461138,"YLR200W","YKE2","","DMA3275-37C","Vph1_TS1_37C_Plate04",7,22,664,59,"S/G2 phase",1.7058568710014,1.58791764594015
284461191,"YLR200W","YKE2","","DMA3275-37C","Vph1_TS1_37C_Plate04",7,22,664,116,"MA phase",0.826285682862234,0.618226751172072
284468477,"YER022W","SRB4","srb4-2","TSA519-37C","Vph1_TS1_37C_Plate04",8,2,680,162,"G1 phase",-1.16468165773184,-1.01623141559043
284484452,"YMR205C","PFK2","pfk2-supp1","DMA3795-37C","Vph1_TS1_37C_Plate04",15,4,1357,19,"MA phase",-0.227154228513739,-0.0680533119306236
284484533,"YMR205C","PFK2","pfk2-supp1","DMA3795-37C","Vph1_TS1_37C_Plate04",15,4,1357,102,"MA phase",0.597869909198188,1.03210935689689
284484658,"YMR205C","PFK2","pfk2-supp1","DMA3795-37C","Vph1_TS1_37C_Plate04",15,4,1357,231,"T phase",-0.564664103032255,-0.270552553830402
284484767,"YMR205C","PFK2","pfk2-supp1","DMA3795-37C","Vph1_TS1_37C_Plate04",15,4,1357,341,"T phase",-0.758987970179279,0.323141742761914
284485338,"YMR205C","PFK2","pfk2-supp1","DMA3795-37C","Vph1_TS1_37C_Plate04",15,4,1359,87,"T phase",1.70244768034969,1.55752073290661
284490938,"YPR161C","SGV1","sgv1-35","TSA1029-37C","Vph1_TS1_37C_Plate04",15,7,1370,232,"S/G2 phase",-1.36923309683397,-1.17078576809189
284493046,"YKL018W","SWD2","swd2-1","TSA893-37C","Vph1_TS1_37C_Plate04",15,9,1377,322,"S/G2 phase",-1.34195957162035,-1.3188055185161
284493371,"YKL018W","SWD2","swd2-1","TSA893-37C","Vph1_TS1_37C_Plate04",15,9,1378,142,"MA phase",0.17853945903882,0.640914302204353
284494620,"YKL018W","SWD2","swd2-1","TSA893-37C","Vph1_TS1_37C_Plate04",15,9,1380,331,"S/G2 phase",0.563778002681167,0.606772841913056
284495013,"YJL097W","PHS1","phs1-5001","TSA1207-37C","Vph1_TS1_37C_Plate04",15,10,1381,164,"S/G2 phase",0.0762637394877549,0.61051738917081
284495251,"YJL097W","PHS1","phs1-5001","TSA1207-37C","Vph1_TS1_37C_Plate04",15,10,1382,52,"S/G2 phase",-0.0805590304905453,0.157353748487187
284506478,"YBR135W","CKS1","cks1-38","TSA332-37C","Vph1_TS1_37C_Plate04",13,19,1225,5,"S/G2 phase",-0.268064516334165,-0.242725428130614
284506482,"YBR135W","CKS1","cks1-38","TSA332-37C","Vph1_TS1_37C_Plate04",13,19,1225,10,"T phase",4.07524437393441,3.46158630222747
284506544,"YBR135W","CKS1","cks1-38","TSA332-37C","Vph1_TS1_37C_Plate04",13,19,1225,73,"S/G2 phase",3.9047848413493,4.05785038615354
284506671,"YBR135W","CKS1","cks1-38","TSA332-37C","Vph1_TS1_37C_Plate04",13,19,1226,9,"S/G2 phase",0.260360034679673,0.433275485637066
284506812,"YBR135W","CKS1","cks1-38","TSA332-37C","Vph1_TS1_37C_Plate04",13,19,1226,150,"S/G2 phase",-0.329429948064804,0.0231374271700017
284507358,"YKL045W","PRI2","pri2-1","TSA19-37C","Vph1_TS1_37C_Plate04",13,20,1229,111,"S/G2 phase",0.778557013738404,1.31060088138052
284507563,"YKL045W","PRI2","pri2-1","TSA19-37C","Vph1_TS1_37C_Plate04",13,20,1231,43,"G1 phase",-1.32832280901354,-1.1782748626074
284507654,"YKL045W","PRI2","pri2-1","TSA19-37C","Vph1_TS1_37C_Plate04",13,20,1231,141,"S/G2 phase",-0.486252718043105,-0.132591685255463
284509136,"YLL031C","GPI13","gpi13-3-supp1","TSA196-37C","Vph1_TS1_37C_Plate04",13,22,1237,107,"S/G2 phase",0.338771419668823,0.648623664205614
284509145,"YLL031C","GPI13","gpi13-3-supp1","TSA196-37C","Vph1_TS1_37C_Plate04",13,22,1238,6,"S/G2 phase",0.233086509466055,0.433275485637066
284509146,"YLL031C","GPI13","gpi13-3-supp1","TSA196-37C","Vph1_TS1_37C_Plate04",13,22,1238,7,"S/G2 phase",0.427410376613079,0.726965466637471
284509212,"YLL031C","GPI13","gpi13-3-supp1","TSA196-37C","Vph1_TS1_37C_Plate04",13,22,1239,10,"MA phase",0.761511060479893,0.686509671754666
284509221,"YLL031C","GPI13","gpi13-3-supp1","TSA196-37C","Vph1_TS1_37C_Plate04",13,22,1239,19,"T phase",2.89225521779375,2.77413147920078
284509241,"YLL031C","GPI13","gpi13-3-supp1","TSA196-37C","Vph1_TS1_37C_Plate04",13,22,1239,39,"T phase",1.93086345401374,1.44995677736521
284509248,"YLL031C","GPI13","gpi13-3-supp1","TSA196-37C","Vph1_TS1_37C_Plate04",13,22,1239,46,"S/G2 phase",2.66043025347801,2.386680971766
284509277,"YLL031C","GPI13","gpi13-3-supp1","TSA196-37C","Vph1_TS1_37C_Plate04",13,22,1239,80,"T phase",5.29232543659209,3.45644672755997
284509289,"YLL031C","GPI13","gpi13-3-supp1","TSA196-37C","Vph1_TS1_37C_Plate04",13,22,1240,1,"MA-single",0.0523994049258396,-0.214898302430826
284509353,"YLL031C","GPI13","gpi13-3-supp1","TSA196-37C","Vph1_TS1_37C_Plate04",13,22,1240,72,"T phase",2.0297299829131,1.73968194362211
284509618,"YLR005W","SSL1","ssl1-t242i","TSA752-37C","Vph1_TS1_37C_Plate04",13,23,1243,83,"S/G2 phase",-0.660121441279916,0.139585504636662
284513127,"YFR028C","CDC14","cdc14-2","TSA416-37C","Vph1_TS1_37C_Plate04",14,5,1267,205,"T phase",-0.363521854581826,-0.111078894147183
284519815,"YJR065C","ARP3","arp3-d11a","TSA341-37C","Vph1_TS1_37C_Plate04",5,19,460,22,"S/G2 phase",0.059217786229244,0.716906584788207
284521607,"YFL034C-B","MOB2","mob2-8","TSA616-37C","Vph1_TS1_37C_Plate04",5,22,470,21,"MA-single",-0.922629121460984,-0.973205833373869
284531127,"YLR268W","SEC22","sec22-1","TSA313-37C","Vph1_TS1_37C_Plate04",6,8,509,14,"T phase",-0.397613761098848,0.209263452629009
284531803,"YLR268W","SEC22","sec22-1","TSA313-37C","Vph1_TS1_37C_Plate04",6,8,511,222,"S/G2 phase",-0.813535020606514,-0.337660714488995
284551688,"YIL143C","SSL2","ssl2-ts","TSA648-37C","Vph1_TS1_37C_Plate04",3,2,198,133,"G1 phase",-0.96353940928141,-0.973205833373869
284555829,"YDR208W","MSS4","mss4-102","TSA903-37C","Vph1_TS1_37C_Plate04",3,9,226,12,"MA-single",0.198994602949033,-0.0743676465221316
284555897,"YDR208W","MSS4","mss4-102","TSA903-37C","Vph1_TS1_37C_Plate04",3,9,226,87,"S/G2 phase",0.28763355989329,0.728360494047223
284555966,"YDR208W","MSS4","mss4-102","TSA903-37C","Vph1_TS1_37C_Plate04",3,9,227,55,"S/G2 phase",1.31720913670735,0.895323248245952
284556033,"YDR208W","MSS4","mss4-102","TSA903-37C","Vph1_TS1_37C_Plate04",3,9,228,25,"T phase",1.92404507271034,1.65502580659875
284567200,"YJR065C","ARP3","arp3-g302y","TSA296-37C","Vph1_TS1_37C_Plate04",13,3,1161,6,"S/G2 phase",0.321725466410312,0.0902455878285947
284567342,"YJR065C","ARP3","arp3-g302y","TSA296-37C","Vph1_TS1_37C_Plate04",13,3,1161,156,"S/G2 phase",0.400136851399462,0.328281317429423
284567358,"YJR065C","ARP3","arp3-g302y","TSA296-37C","Vph1_TS1_37C_Plate04",13,3,1161,174,"G1 phase",0.403546042051164,0.133271170045153
284567364,"YJR065C","ARP3","arp3-g302y","TSA296-37C","Vph1_TS1_37C_Plate04",13,3,1161,181,"G1 phase",0.20922217490414,0.0205676398362485
284567590,"YJR065C","ARP3","arp3-g302y","TSA296-37C","Vph1_TS1_37C_Plate04",13,3,1163,2,"T phase",2.83088978606312,1.9512855749329
284567613,"YJR065C","ARP3","arp3-g302y","TSA296-37C","Vph1_TS1_37C_Plate04",13,3,1163,27,"G1 phase",0.461502283130101,-0.0287722769718198
284567619,"YJR065C","ARP3","arp3-g302y","TSA296-37C","Vph1_TS1_37C_Plate04",13,3,1163,33,"S/G2 phase",1.2353885610665,1.02953956956314
284567636,"YJR065C","ARP3","arp3-g302y","TSA296-37C","Vph1_TS1_37C_Plate04",13,3,1163,51,"S/G2 phase",0.676281294187338,0.766246501596275
284567684,"YJR065C","ARP3","arp3-g302y","TSA296-37C","Vph1_TS1_37C_Plate04",13,3,1163,99,"MA phase",1.02401874066096,0.891578700988197
284567708,"YJR065C","ARP3","arp3-g302y","TSA296-37C","Vph1_TS1_37C_Plate04",13,3,1163,126,"T phase",4.74003655101634,3.3729653504606
284567840,"YJR065C","ARP3","arp3-g302y","TSA296-37C","Vph1_TS1_37C_Plate04",13,3,1163,267,"MA-single",0.471729855085208,0.247149460178061
284567866,"YJR065C","ARP3","arp3-g302y","TSA296-37C","Vph1_TS1_37C_Plate04",13,3,1164,24,"T phase",2.47633395828609,2.19681039904924
284567895,"YJR065C","ARP3","arp3-g302y","TSA296-37C","Vph1_TS1_37C_Plate04",13,3,1164,57,"MA phase",3.7445528807193,3.25394748566019
284567904,"YJR065C","ARP3","arp3-g302y","TSA296-37C","Vph1_TS1_37C_Plate04",13,3,1164,66,"T phase",3.01157689060333,2.50452407664241
284567983,"YJR065C","ARP3","arp3-g302y","TSA296-37C","Vph1_TS1_37C_Plate04",13,3,1164,151,"S/G2 phase",4.72980897906123,3.36408122853534
284567997,"YJR065C","ARP3","arp3-g302y","TSA296-37C","Vph1_TS1_37C_Plate04",13,3,1164,166,"S/G2 phase",2.44565124242077,2.38807599917575
284568262,"YMR117C","SPC24","spc24-9","TSA293-37C","Vph1_TS1_37C_Plate04",13,4,1166,8,"S/G2 phase",-0.0396487426701192,0.233346031071043
284568817,"YMR117C","SPC24","spc24-9","TSA293-37C","Vph1_TS1_37C_Plate04",13,4,1168,112,"S/G2 phase",-0.571482484335659,0.157353748487187
284573406,"YGR101W","PCP1","","DMA1868-37C","Vph1_TS1_37C_Plate04",13,8,1184,10,"S/G2 phase",0.78878458569351,1.27763418101323
284573702,"YPL076W","GPI2","gpi2-774","TSA463-37C","Vph1_TS1_37C_Plate04",13,9,1186,129,"S/G2 phase",2.35360309482481,2.64622949247511
284573745,"YPL076W","GPI2","gpi2-774","TSA463-37C","Vph1_TS1_37C_Plate04",13,9,1187,23,"S/G2 phase",2.94680226822099,2.91840668236723
284573850,"YPL076W","GPI2","gpi2-774","TSA463-37C","Vph1_TS1_37C_Plate04",13,9,1187,138,"S/G2 phase",-0.0498763146252257,0.28268594787911
284573871,"YPL076W","GPI2","gpi2-774","TSA463-37C","Vph1_TS1_37C_Plate04",13,9,1187,159,"T phase",6.0866668584387,4.00080110734422
284573882,"YPL076W","GPI2","gpi2-774","TSA463-37C","Vph1_TS1_37C_Plate04",13,9,1187,170,"G1 phase",-1.74424406852121,-1.9391521808842
284573895,"YPL076W","GPI2","gpi2-774","TSA463-37C","Vph1_TS1_37C_Plate04",13,9,1187,183,"S/G2 phase",0.516049333557336,0.7851895053708
284573896,"YPL076W","GPI2","gpi2-774","TSA463-37C","Vph1_TS1_37C_Plate04",13,9,1188,1,"S/G2 phase",3.35590514642525,3.43493393645168
284573964,"YPL076W","GPI2","gpi2-774","TSA463-37C","Vph1_TS1_37C_Plate04",13,9,1188,73,"MA phase",-0.90217397755077,-0.249039762722123
284573968,"YPL076W","GPI2","gpi2-774","TSA463-37C","Vph1_TS1_37C_Plate04",13,9,1188,78,"S/G2 phase",3.08998827559248,2.13976112023991
284573978,"YPL076W","GPI2","gpi2-774","TSA463-37C","Vph1_TS1_37C_Plate04",13,9,1188,89,"T phase",3.06271475037886,3.10967228249374
284573979,"YPL076W","GPI2","gpi2-774","TSA463-37C","Vph1_TS1_37C_Plate04",13,9,1188,90,"S/G2 phase",1.67517415513608,2.36024887347596
284574007,"YPL076W","GPI2","gpi2-774","TSA463-37C","Vph1_TS1_37C_Plate04",13,9,1188,120,"S/G2 phase",1.79108663729395,2.84123963985937
284576085,"YLR410W","VIP1","","DMA3437-37C","Vph1_TS1_37C_Plate04",13,12,1198,56,"T phase",-0.210108275255228,0.292744829728373
284576140,"YLR410W","VIP1","","DMA3437-37C","Vph1_TS1_37C_Plate04",13,12,1198,116,"G1 phase",-1.17150003903524,-1.2112415629747
284576344,"YLR410W","VIP1","","DMA3437-37C","Vph1_TS1_37C_Plate04",13,12,1200,10,"MA phase",0.645598578322019,0.766246501596275
284576380,"YLR410W","VIP1","","DMA3437-37C","Vph1_TS1_37C_Plate04",13,12,1200,47,"S/G2 phase",-0.186243940693313,0.552293350437482
284591703,"YNL247W","","ynl247w-5001","TSA1211-37C","Vph1_TS1_37C_Plate04",10,2,871,116,"MA-single",-1.66242349288036,-1.81638976882603
284592002,"YNL247W","","ynl247w-5001","TSA1211-37C","Vph1_TS1_37C_Plate04",10,2,872,174,"S/G2 phase",-0.615801962807787,-0.398454540556078
284595002,"YOL081W","IRA2","","DMA4362-37C","Vph1_TS1_37C_Plate04",10,7,891,41,"S/G2 phase",0.519458524209038,0.928289948613247
